0.000000
0.000000
0.000000
0.000000
0.000000
0.000000
0.000000
0.000000
0.000000
0.000000
0.000000
0.000000
0.000000
0.000000
0.000000
0.000000
0.000000
0.000000
0.000000
0.000000
0.000000
0.000000
0.000000
0.000008
0.062277
0.994813
0.988118
0.981377
0.974638
0.967898
0.961158
0.954414
0.947667
0.940914
0.934154
0.927384
0.920604
0.913810
0.907001
0.900174
0.893327
0.886457
0.879561
0.872636
0.865678
0.858683
0.851647
0.844565
0.837432
0.830243
0.822989
0.815664
0.808261
0.800769
0.793178
0.785474
0.777642
0.769666
0.761524
0.753190
0.744633
0.735815
0.726683
0.717171
0.707188
0.696603
0.685222
0.672722
0.658289
0.377835
0.000081
0.000000
0.000000
0.000000
0.000000
0.000000
0.000000
0.000000
0.000000
0.000000
0.000000
0.000000
0.000000
0.000000
0.000000
0.000000
0.000000
0.000000
0.000000
0.000000
0.000000
0.000000
0.000000
0.000000
0.000000
0.000000
0.000000
0.000000
0.000000
0.000000
0.000000
