-85.230003
-85.233543
-85.237358
-85.241173
-85.244987
-85.248802
-85.252617
-85.256432
-85.260246
-85.264061
-85.267876
-85.271690
-85.275505
-85.279320
-85.282715
-85.286011
-85.289246
-85.292427
-85.295547
-85.298615
-85.301666
-85.304718
-85.307462
-85.251900
-75.957658
19.641111
19.389891
15.200507
13.619893
13.501311
14.026579
14.792015
15.632524
16.487763
17.337583
18.177501
19.012721
19.836263
20.607343
21.299608
21.907096
22.430584
22.873990
23.243330
23.545943
23.789868
23.983195
24.133663
24.248277
24.333242
24.393836
24.434472
24.458794
24.469813
24.469836
24.460820
24.444194
24.421140
24.392480
24.358996
24.321260
24.279578
24.234299
24.185724
24.133985
24.079259
24.021680
23.961331
23.898240
23.832541
23.764306
23.693575
23.620386
23.544778
23.466792
23.386418
23.303760
23.218837
23.131706
23.042390
22.950923
22.857339
22.761664
22.663946
22.564128
22.462293
22.358514
22.252803
22.145169
22.035603
21.924156
21.810865
21.695705
21.578685
21.459846
21.339133
21.216605
21.092268
20.966104
20.838134
20.708364
20.576770
20.443308
20.308027
20.170909
20.031852
19.890920
19.748084
19.603345
19.456668
19.307967
19.157300
19.004593
18.849828
18.692924
18.533862
18.372629
18.209142
18.043332
17.875192
17.704661
17.531611
17.356069
17.177924
16.997084
16.813510
16.627120
16.437856
16.245572
16.050224
15.851700
15.649877
15.444664
15.235958
15.023631
14.807628
14.587673
14.363718
14.135617
13.903223
13.666365
13.424869
13.178575
12.927300
12.670871
12.409065
12.141666
11.868479
11.589275
11.303822
11.011865
10.713154
10.407424
10.094391
9.773758
9.445241
9.108535
8.763309
8.409249
8.046007
7.673259
7.290639
6.897792
6.494370
6.080016
5.654377
5.217101
4.767849
4.306278
3.832067
3.344905
2.844485
2.330510
1.802683
1.260695
0.704211
0.132857
-0.453806
-1.056323
-1.675355
-2.311733
-2.966488
-3.640898
-4.336522
-5.055242
-5.799302
-6.571348
-7.374453
-8.212149
-9.088456
-10.007887
-10.975456
-11.996660
-13.077448
-14.224142
-15.443367
-16.741928
-18.126683
-19.604441
-21.181945
-22.865881
-24.663132
-26.581241
-28.629103
-30.818005
-33.163103
-35.685157
-38.412936
-41.385721
-44.655482
-48.285879
-52.340669
-56.844425
-61.700063
-66.605810
-71.115309
-74.867812
-77.748664
-79.847698
-81.334834
-82.373482
-83.091893
-83.584291
-83.919136
-84.145737
-84.299182
-84.403596
-84.475704
-84.526447
-84.563190
-84.590786
-84.612498
-84.630372
-84.645662
-84.659296
-84.671830
-84.683602
-84.695044
-84.705781
-84.716462
-84.727143
-84.737767
-84.747819
-84.757805
-84.767739
-84.777657
-84.787576
-84.797494
-84.807412
-84.817330
-84.827248
