0.000000
0.000000
0.000000
0.000000
0.000000
0.000000
0.000457
0.923709
0.995946
0.992574
0.989203
0.985832
0.982462
0.979092
0.975723
0.972353
0.968983
0.965614
0.962244
0.958873
0.955501
0.952129
0.948755
0.945380
0.942003
0.938625
0.935245
0.931862
0.928477
0.925090
0.921699
0.918305
0.914908
0.911507
0.908102
0.904693
0.901279
0.897860
0.894436
0.891006
0.887570
0.884128
0.880679
0.877223
0.873759
0.870287
0.866807
0.863318
0.859819
0.856310
0.852790
0.849260
0.845717
0.842162
0.838593
0.835011
0.831414
0.827801
0.824172
0.820526
0.816861
0.813177
0.809472
0.805746
0.801996
0.798222
0.794422
0.790595
0.786739
0.782851
0.778930
0.774974
0.770980
0.766945
0.762868
0.758743
0.754568
0.750340
0.746052
0.741702
0.737281
0.732786
0.728207
0.723537
0.718766
0.713882
0.708871
0.703718
0.698402
0.692899
0.687177
0.681197
0.674906
0.668232
0.661074
0.653271
0.644576
0.634543
0.622221
0.604737
0.403208
0.001459
0.000002
0.000000
0.000000
0.000000
0.000000
0.000000
0.000000
0.000000
0.000000
0.000000
0.000000
0.000000
0.000000
0.000000
0.000000
0.000000
0.000000
0.000000
0.000000
0.000000
0.000000
0.000000
0.000000
0.000000
0.000000
0.000000
0.000000
0.000000
0.000000
0.000000
0.000000
0.000000
0.000000
0.000000
0.000000
0.000000
0.000000
0.000000
0.000000
0.000000
0.000000
0.000000
0.000000
0.000000
0.000000
0.000000
0.000000
0.000000
0.000000
0.000000
0.000000
0.000000
0.000000
0.000000
0.000000
0.000000
0.000000
0.000000
0.000000
0.000000
0.000000
0.000000
0.000000
0.000000
0.000000
0.000000
0.000000
0.000000
0.000000
0.000000
0.000000
0.000000
0.000000
0.000000
0.000000
0.000000
0.000000
0.000000
0.000000
0.000000
0.000000
0.000000
0.000000
0.000000
0.000000
0.000000
0.000000
0.000000
0.000000
0.000000
0.000000
0.000000
0.000000
0.000000
0.000000
0.000000
0.000000
0.000000
0.000000
