0.000000 -0.000000 
0.050000 223340.592733 
0.100000 375627.624189 
0.150000 460998.928312 
0.200000 483998.519491 
0.250000 458706.628466 
0.300000 468072.758433 
0.350000 454441.220360 
0.400000 276029.156842 
0.450000 -72974.399676 
0.500000 -550207.199718 
0.550000 -1109212.496552 
0.600000 -1719670.586640 
0.650000 -2379192.698375 
0.700000 -3097497.833829 
0.750000 -3869165.747511 
0.800000 -4687393.808824 
0.850000 -5548175.712930 
0.900000 -6444549.009909 
0.950000 -7373212.705995 
1.000000 -8337193.953575 
1.050000 -9560716.565660 
1.100000 -10749485.949567 
1.150000 -11904367.616485 
1.200000 -13026442.880714 
1.250000 -14116343.478896 
1.300000 -15174861.060527 
1.350000 -16203075.951802 
1.400000 -17201985.538538 
1.450000 -18172409.389682 
1.500000 -19115376.672262 
1.550000 -20032004.722597 
1.600000 -20923598.592519 
1.650000 -21791371.544811 
1.700000 -22636807.828394 
1.750000 -23461558.632358 
1.800000 -24267009.814847 
1.850000 -25055384.225803 
1.900000 -25828607.503708 
1.950000 -26589249.435551 
2.000000 -27340116.064629 
2.050000 -28084561.928133 
2.100000 -28826447.750516 
2.150000 -29570467.781984 
2.200000 -30322310.781563 
2.250000 -31089128.901118 
2.300000 -31880011.798445 
2.350000 -32706613.535419 
2.400000 -33584236.261786 
2.450000 -34533309.368754 
2.500000 -35582176.279383 
2.550000 -36771097.340291 
2.600000 -38159252.609362 
2.650000 -39835964.690276 
2.700000 -41941273.497865 
2.750000 -44702048.949412 
2.800000 -48495117.612716 
2.850000 -53950153.998471 
2.900000 -62121122.598196 
2.950000 -74547433.098051 
3.000000 -90498578.046903 
3.050000 -104889707.621442 
3.100000 -114461931.128068 
3.150000 -119252427.736733 
3.200000 -120004153.512279 
3.250000 -116963474.608270 
3.300000 -110367866.481469 
3.350000 -102655404.022958 
3.400000 -96578926.591456 
3.450000 -92661850.609866 
3.500000 -90388616.589092 
3.550000 -89190023.886478 
3.600000 -88661974.070280 
3.650000 -88551269.970933 
3.700000 -88706447.337760 
3.750000 -89041170.525767 
3.800000 -89473423.333951 
3.850000 -89900881.079109 
3.900000 -90261940.134254 
3.950000 -90522653.906656 
4.000000 -90633393.300429 
4.050000 -90496395.601789 
4.100000 -89934772.932054 
4.150000 -88639917.510699 
4.200000 -86352147.981068 
4.250000 -84364908.761562 
4.300000 -86082816.432303 
4.350000 -95780128.630205 
4.400000 -111997119.083909 
4.450000 -126911804.868203 
4.500000 -137127283.267394 
4.550000 -143199116.962926 
4.600000 -146394270.874703 
4.650000 -147720439.109592 
4.700000 -147833618.600858 
4.750000 -147129264.787224 
4.800000 -145828387.215491 
4.850000 -144030781.034684 
4.900000 -141740007.284058 
4.950000 -138863834.178281 
5.000000 -135192843.526802 
5.050000 -130350088.376636 
5.100000 -124000672.284895 
5.150000 -116346206.712172 
5.200000 -107232100.471882 
5.250000 -95990351.254935 
5.300000 -83486033.773795 
5.350000 -71777227.281479 
5.400000 -62468421.309563 
5.450000 -56253225.668063 
5.500000 -52650123.155971 
5.550000 -50859719.660190 
5.600000 -50244271.561461 
5.650000 -50377426.680993 
5.700000 -50990504.612675 
5.750000 -51919276.785605 
5.800000 -53065027.216882 
5.850000 -54371553.856509 
5.900000 -55812096.290426 
5.950000 -57381479.627986 
6.000000 -59093425.522003 
6.050000 -60981632.196722 
6.100000 -63105110.671672 
6.150000 -65559036.340599 
6.200000 -68495531.818689 
6.250000 -72159830.164905 
6.300000 -76953144.713659 
6.350000 -83528156.545723 
6.400000 -92938046.481537 
6.450000 -106713948.502442 
6.500000 -124155484.873630 
6.550000 -140064394.953598 
6.600000 -151345710.898271 
6.650000 -158401619.895308 
6.700000 -162471018.974672 
6.750000 -164595106.458818 
6.800000 -165483120.767567 
6.850000 -165588979.381229 
6.900000 -165199495.393759 
6.950000 -164496445.655635 
7.000000 -163595974.289029 
7.050000 -162573023.417697 
7.100000 -161475659.658973 
7.150000 -160335261.233797 
7.200000 -159172070.894679 
7.250000 -157998748.815293 
7.300000 -156822711.417319 
7.350000 -155647996.248377 
7.400000 -154475905.323482 
7.450000 -153305782.665355 
7.500000 -152135012.949749 
7.550000 -150959275.432951 
7.600000 -149771753.897006 
7.650000 -148562164.279252 
7.700000 -147315431.047244 
7.750000 -146008931.549729 
7.800000 -144608140.836638 
7.850000 -143059519.151342 
7.900000 -141277296.663237 
7.950000 -139122966.219974 
8.000000 -136374856.362430 
8.050000 -132673717.538086 
8.100000 -127760546.065515 
8.150000 -122391163.550294 
8.200000 -117468693.648960 
8.250000 -112887148.746125 
8.300000 -108074445.230606 
8.350000 -103180772.392511 
8.400000 -99185691.378328 
8.450000 -96422771.730930 
8.500000 -94653520.661603 
8.550000 -93570055.171460 
8.600000 -92938109.020103 
8.650000 -92601493.828697 
8.700000 -92459407.307567 
8.750000 -92446812.211795 
8.800000 -92520720.372897 
8.850000 -92651521.793075 
8.900000 -92818306.012738 
8.950000 -93004553.573667 
9.000000 -93195617.824579 
9.050000 -93376149.615690 
9.100000 -93527798.950196 
9.150000 -93624820.927430 
9.200000 -93627187.809385 
9.250000 -93470072.927369 
9.300000 -93048624.571352 
9.350000 -92190611.731486 
9.400000 -90744410.059544 
9.450000 -89313802.104931 
9.500000 -88963352.506597 
9.550000 -89899554.325466 
9.600000 -91942561.067727 
9.650000 -95123405.552048 
9.700000 -99753917.144080 
9.750000 -106045797.676255 
9.800000 -113625235.352330 
9.850000 -122122753.349293 
9.900000 -130028634.967910 
9.950000 -135543309.354454 
10.000000 -138445667.564027 
10.050000 -139663108.019926 
10.100000 -140239585.426828 
10.150000 -140646202.437567 
10.200000 -141013448.816583 
10.250000 -141372801.342298 
10.300000 -141734785.722843 
10.350000 -142109079.022922 
10.400000 -142507481.130248 
10.450000 -142944989.221585 
10.500000 -143439680.734994 
10.550000 -144014629.427607 
10.600000 -144699380.990368 
10.650000 -145534123.464365 
10.700000 -146575160.579480 
10.750000 -147904660.592130 
10.800000 -149646821.563881 
10.850000 -151996143.107009 
10.900000 -155256737.925323 
10.950000 -159938496.974741 
11.000000 -166735874.232845 
11.050000 -175189479.407667 
11.100000 -183384214.288276 
11.150000 -190568434.439167 
11.200000 -197334954.587721 
11.250000 -204751168.044202 
11.300000 -214174607.296042 
11.350000 -226561087.377668 
11.400000 -239607688.332970 
11.450000 -249828473.797762 
11.500000 -256502425.969918 
11.550000 -260410030.948683 
11.600000 -262439432.769926 
11.650000 -263253907.709279 
11.700000 -263294820.208168 
11.750000 -262846075.375237 
11.800000 -262089603.091799 
11.850000 -261142691.413083 
11.900000 -260081467.285056 
11.950000 -258956338.881967 
12.000000 -257799987.378648 
12.050000 -256634348.287752 
12.100000 -255474127.891357 
12.150000 -254328681.629916 
12.200000 -253204391.513708 
12.250000 -252105366.832197 
12.300000 -251034218.443169 
12.350000 -249993238.062395 
12.400000 -248984731.076010 
12.450000 -248011364.632851 
12.500000 -247078004.705565 
12.550000 -246190423.989527 
12.600000 -245358525.175138 
12.650000 -244592555.259607 
12.700000 -243885474.342983 
12.750000 -243233034.496199 
12.800000 -242636143.929129 
12.850000 -242086612.085544 
12.900000 -241575046.065841 
12.950000 -241094495.449786 
13.000000 -240639800.728872 
13.050000 -240207251.773927 
13.100000 -239793083.315374 
13.150000 -239394148.935453 
13.200000 -239006385.223041 
13.250000 -238624241.972182 
13.300000 -238241934.787062 
13.350000 -237864523.747031 
13.400000 -237505602.114609 
13.450000 -237168577.764375 
13.500000 -236851356.964243 
13.550000 -236551701.772097 
13.600000 -236271263.899124 
13.650000 -236017669.823520 
13.700000 -235803857.765111 
13.750000 -235640677.534866 
13.800000 -235524869.076388 
13.850000 -235442886.885275 
13.900000 -235381217.765454 
13.950000 -235331331.802234 
14.000000 -235289490.121431 
14.050000 -235255715.007830 
14.100000 -235233093.145400 
14.150000 -235226632.402944 
14.200000 -235244293.674099 
14.250000 -235296435.834950 
14.300000 -235396970.786631 
14.350000 -235564298.714091 
14.400000 -235823523.756528 
14.450000 -236209773.555888 
14.500000 -236773842.095891 
14.550000 -237590995.773935 
14.600000 -238777349.535017 
14.650000 -240517630.717035 
14.700000 -243108924.840797 
14.750000 -247023289.951955 
14.800000 -253020217.667098 
14.850000 -261821794.458985 
14.900000 -271791541.677675 
14.950000 -279849717.504452 
15.000000 -285105282.904373 
15.050000 -288107453.001255 
15.100000 -289571217.534939 
15.150000 -290040125.062398 
15.200000 -289876282.812200 
15.250000 -289311002.934168 
15.300000 -288490817.590153 
15.350000 -287509145.843667 
15.400000 -286425472.037536 
15.450000 -285278402.934549 
15.500000 -284092187.156398 
15.550000 -282881239.938407 
15.600000 -281653706.304021 
15.650000 -280413214.986062 
15.700000 -279159482.119175 
15.750000 -277888599.082639 
15.800000 -276592920.515676 
15.850000 -275260259.366649 
15.900000 -273871744.339139 
15.950000 -272398792.345649 
16.000000 -270797305.395738 
16.050000 -268998431.176431 
16.100000 -266894560.018850 
16.150000 -264317885.909313 
16.200000 -261023201.581285 
16.250000 -256941120.672799 
16.300000 -252469230.971308 
16.350000 -248123768.565524 
16.400000 -244394683.670702 
16.450000 -241404584.498587 
16.500000 -238957899.158172 
16.550000 -236793078.326270 
16.600000 -234661111.199644 
16.650000 -232311019.877762 
16.700000 -229621246.247426 
16.750000 -227219594.526266 
16.800000 -225495854.680648 
16.850000 -223565487.497412 
16.900000 -220679809.065825 
16.950000 -216846961.594273 
17.000000 -212526057.251579 
17.050000 -208256866.424328 
17.100000 -204455794.675291 
17.150000 -201065815.545825 
17.200000 -197834225.962015 
17.250000 -194874586.241898 
17.300000 -192429131.178426 
17.350000 -190438382.565163 
17.400000 -188686914.980948 
17.450000 -186936252.380329 
17.500000 -184933316.258844 
17.550000 -182445244.827103 
17.600000 -179545651.558868 
17.650000 -176582209.971601 
17.700000 -173951286.496792 
17.750000 -172066249.056717 
17.800000 -171008644.031629 
17.850000 -170498408.881691 
17.900000 -170144945.949455 
17.950000 -169695411.528687 
18.000000 -168986397.764361 
18.050000 -167845246.902514 
18.100000 -166045998.161451 
18.150000 -163477394.697717 
18.200000 -160341085.655978 
18.250000 -156863526.999236 
18.300000 -153383945.006219 
18.350000 -150302027.803374 
18.400000 -147656787.241560 
18.450000 -145229564.570715 
18.500000 -143079657.484474 
18.550000 -141412874.874821 
18.600000 -140585759.022151 
18.650000 -140980611.597149 
18.700000 -142773597.462999 
18.750000 -146062061.519767 
18.800000 -150558223.939345 
18.850000 -155616859.377144 
18.900000 -160677264.921843 
18.950000 -165148873.772885 
19.000000 -168891351.628715 
19.050000 -171916527.715651 
19.100000 -173777106.692298 
19.150000 -174215353.045682 
19.200000 -173668954.458864 
19.250000 -172635701.836631 
19.300000 -171263479.943288 
19.350000 -169786692.145048 
19.400000 -168629998.438467 
19.450000 -167956376.447237 
19.500000 -167723797.496632 
19.550000 -167871725.811250 
19.600000 -168381973.266421 
19.650000 -169295943.712760 
19.700000 -170728539.759513 
19.750000 -172892372.338084 
19.800000 -176126491.087677 
19.850000 -180819173.336725 
19.900000 -186601087.692697 
19.950000 -191600914.346639 
20.000000 -194491068.606595 
20.050000 -195569500.775990 
20.100000 -195661472.063286 
20.150000 -195652440.824673 
20.200000 -196339149.221780 
20.250000 -198669701.385914 
20.300000 -203338656.186691 
20.350000 -208837218.279706 
20.400000 -212859256.866675 
20.450000 -214748331.132490 
20.500000 -215014293.696816 
20.550000 -214484884.302788 
20.600000 -213672594.350404 
20.650000 -212808757.663385 
20.700000 -211970304.463092 
20.750000 -211156646.534536 
20.800000 -210346620.689414 
20.850000 -209515899.855649 
20.900000 -208638863.189897 
20.950000 -207684566.242980 
21.000000 -206610404.759580 
21.050000 -205353086.745429 
21.100000 -203813486.790715 
21.150000 -201838218.513281 
21.200000 -199197858.220178 
21.250000 -195891084.049129 
21.300000 -192597883.161203 
21.350000 -189818125.248321 
21.400000 -187452192.703269 
21.450000 -185176029.189762 
21.500000 -182613277.409051 
21.550000 -179348615.331592 
21.600000 -175157214.605253 
21.650000 -170377291.259987 
21.700000 -165415461.576868 
21.750000 -160653221.192753 
21.800000 -156715522.961991 
21.850000 -153793554.329717 
21.900000 -151644904.973695 
21.950000 -149941564.155774 
22.000000 -148381209.401503 
22.050000 -146676199.878377 
22.100000 -144554657.760351 
22.150000 -141981612.239528 
22.200000 -139111758.885090 
22.250000 -135867377.044344 
22.300000 -132337828.882801 
22.350000 -129017262.081669 
22.400000 -126218961.390559 
22.450000 -124171861.982640 
22.500000 -122977577.213553 
22.550000 -122474746.139532 
22.600000 -122434515.367777 
22.650000 -122661094.905901 
22.700000 -122995768.655423 
22.750000 -123293967.294725 
22.800000 -123428014.278640 
22.850000 -123525744.229227 
22.900000 -124076898.673821 
22.950000 -125711186.000136 
23.000000 -129333425.761624 
23.050000 -135515938.235833 
23.100000 -142965017.683490 
23.150000 -149147896.657845 
23.200000 -153110850.039308 
23.250000 -155487049.593283 
23.300000 -157047865.674687 
23.350000 -158233162.991680 
23.400000 -159298495.762436 
23.450000 -160441105.371691 
23.500000 -161865340.360427 
23.550000 -163827996.266697 
23.600000 -166375774.742879 
23.650000 -168787285.682739 
23.700000 -170337527.659600 
23.750000 -170866468.924340 
23.800000 -170425902.578816 
23.850000 -169292976.891120 
23.900000 -167937578.732709 
23.950000 -166799538.598803 
24.000000 -166418708.256150 
24.050000 -167184516.389115 
24.100000 -169157817.624533 
24.150000 -171599340.929350 
24.200000 -173623158.440228 
24.250000 -175039755.876421 
24.300000 -176003770.531978 
24.350000 -176560765.970776 
24.400000 -176510642.209967 
24.450000 -175725793.575417 
24.500000 -174459416.695627 
24.550000 -173171007.556760 
24.600000 -172060020.137527 
24.650000 -171075309.877018 
24.700000 -170073444.971566 
24.750000 -168916992.205090 
24.800000 -167463552.385819 
24.850000 -165568452.522382 
24.900000 -163357528.511151 
24.950000 -161238281.497037 
25.000000 -159361046.545205 
25.050000 -157596036.609924 
25.100000 -155783364.376728 
25.150000 -153856790.499870 
25.200000 -151679996.573269 
25.250000 -149337526.139491 
25.300000 -147067905.436985 
25.350000 -144804776.328526 
25.400000 -142270675.644261 
25.450000 -139351230.395415 
25.500000 -136244993.040675 
25.550000 -133047079.663717 
25.600000 -129940409.093508 
25.650000 -127130248.430282 
25.700000 -124589437.591604 
25.750000 -122436325.722011 
25.800000 -120892676.336316 
25.850000 -119935286.854124 
25.900000 -119430104.288230 
25.950000 -119268824.402618 
26.000000 -119395739.423129 
26.050000 -119617749.937040 
26.100000 -119383265.064783 
26.150000 -118453217.453089 
26.200000 -117101378.460823 
26.250000 -115548635.113364 
26.300000 -114104155.045184 
26.350000 -113097094.841057 
26.400000 -112921945.485196 
26.450000 -114252246.549838 
26.500000 -117002819.879886 
26.550000 -119659274.530096 
26.600000 -120966418.656673 
26.650000 -120841018.734474 
26.700000 -119850663.143831 
26.750000 -118401077.525117 
26.800000 -116517206.948168 
26.850000 -114163620.440109 
26.900000 -111609164.786381 
26.950000 -109039579.474450 
27.000000 -106498465.461363 
27.050000 -104307028.647252 
27.100000 -102612005.771516 
27.150000 -101288506.932747 
27.200000 -100141369.284330 
27.250000 -98970342.178717 
27.300000 -97589887.412107 
27.350000 -96055710.979944 
27.400000 -94718152.609000 
27.450000 -93733061.876999 
27.500000 -93013340.884595 
27.550000 -92405699.811591 
27.600000 -91752597.122461 
27.650000 -91060104.739864 
27.700000 -90739222.446309 
27.750000 -91208362.904548 
27.800000 -92641601.684522 
27.850000 -94719398.678587 
27.900000 -96654272.097503 
27.950000 -98059223.530622 
28.000000 -98960339.912974 
28.050000 -99471178.400722 
28.100000 -99689528.889940 
28.150000 -99884886.752694 
28.200000 -100429211.728060 
28.250000 -100870213.717632 
28.300000 -100464028.062437 
28.350000 -98884708.435168 
28.400000 -96295200.251347 
28.450000 -93265136.081021 
28.500000 -90454017.462021 
28.550000 -88285400.411585 
28.600000 -86751549.116900 
28.650000 -85644171.951928 
28.700000 -84744767.784235 
28.750000 -83857497.557900 
28.800000 -82788900.718951 
28.850000 -81436528.721541 
28.900000 -80066632.744808 
28.950000 -78997287.957383 
29.000000 -78254750.234617 
29.050000 -77730595.412567 
29.100000 -77304459.244234 
29.150000 -76869961.861302 
29.200000 -76309617.737765 
29.250000 -75534608.110997 
29.300000 -74590181.374974 
29.350000 -73450589.042684 
29.400000 -72479043.443071 
29.450000 -72229001.741011 
29.500000 -72952736.761657 
29.550000 -74286835.549544 
29.600000 -75328373.325472 
29.650000 -75565710.616669 
29.700000 -74860716.261991 
29.750000 -73156329.447876 
29.800000 -70766488.171898 
29.850000 -68745388.565139 
29.900000 -68150220.808723 
29.950000 -68546856.419340 
30.000000 -68379826.824924 
30.050000 -67388434.524953 
30.100000 -66210891.939928 
30.150000 -65127269.933049 
30.200000 -64107226.773771 
30.250000 -63023496.974057 
30.300000 -61707716.595121 
30.350000 -59939921.254560 
30.400000 -57452252.646412 
30.450000 -54322876.441249 
30.500000 -51107060.359018 
30.550000 -47958249.987810 
30.600000 -44533972.608873 
30.650000 -40501296.200253 
30.700000 -36172039.137580 
30.750000 -32359950.950008 
30.800000 -29676410.148906 
30.850000 -28405807.294479 
30.900000 -28496165.535696 
30.950000 -29218940.554873 
31.000000 -29576300.664478 
31.050000 -29464542.140956 
31.100000 -29110888.414366 
31.150000 -28553128.034236 
31.200000 -27700439.031289 
31.250000 -26553848.806821 
31.300000 -25448900.065904 
31.350000 -24634237.446277 
31.400000 -24046481.649412 
31.450000 -23509466.455003 
31.500000 -22900775.439727 
31.550000 -22120832.746078 
31.600000 -21165851.515025 
31.650000 -20000453.935556 
31.700000 -18126524.418074 
31.750000 -15339873.405881 
31.800000 -11627783.940517 
31.850000 -6941970.987859 
31.900000 -1915726.557898 
31.950000 2899962.501836 
32.000000 7485407.288684 
32.050000 11523246.983988 
32.100000 14851095.963484 
32.150000 17538486.273932 
32.200000 19598606.181861 
32.250000 21163845.672002 
32.300000 22142705.371911 
32.350000 22386000.414573 
32.400000 21945676.651331 
32.450000 20909700.763517 
32.500000 19293837.826838 
32.550000 16941907.395797 
32.600000 13374717.477864 
32.650000 8475854.459585 
32.700000 3116321.616075 
32.750000 -1746677.393677 
32.800000 -5306966.971597 
32.850000 -7344777.833153 
32.900000 -8382379.246206 
32.950000 -8930343.471393 
33.000000 -9213330.781403 
33.050000 -9311869.780284 
33.100000 -9249851.003548 
33.150000 -9025029.250278 
33.200000 -8617269.323645 
33.250000 -8037551.635770 
33.300000 -7346714.781786 
33.350000 -6416945.059471 
33.400000 -5026502.298951 
33.450000 -2944894.997025 
33.500000 63225.155106 
33.550000 3848979.747348 
33.600000 7932968.864584 
33.650000 12304043.176846 
33.700000 17038321.341656 
33.750000 21568246.788370 
33.800000 25331437.424795 
33.850000 28420139.641771 
33.900000 31290399.610084 
33.950000 34386737.983121 
34.000000 37841768.651151 
34.050000 41741449.586529 
34.100000 46087713.150904 
34.150000 50404884.381542 
34.200000 54000820.618997 
34.250000 56642092.539162 
34.300000 58633106.800709 
34.350000 60424275.630606 
34.400000 62031565.780206 
34.450000 62837405.417817 
34.500000 62425696.617128 
34.550000 60662347.996064 
34.600000 57308384.090344 
34.650000 52191181.289604 
34.700000 46587157.442074 
34.750000 42231752.051781 
34.800000 39540157.079930 
34.850000 38311431.037225 
34.900000 38373264.726313 
34.950000 39625738.206795 
35.000000 41805600.168691 
35.050000 44465363.410734 
35.100000 46955875.055039 
35.150000 48972952.629360 
35.200000 50674926.839194 
35.250000 52378353.372700 
35.300000 54317815.677763 
35.350000 56205336.460853 
35.400000 57628474.699756 
35.450000 58852508.282095 
35.500000 60039513.829681 
35.550000 61009159.843800 
35.600000 61738887.205139 
35.650000 62355714.547270 
35.700000 63020783.578945 
35.750000 63898536.691020 
35.800000 65128787.949367 
35.850000 66625392.909136 
35.900000 68154537.719049 
35.950000 69738209.622353 
36.000000 71636273.395060 
36.050000 74239039.640236 
36.100000 77833122.097275 
36.150000 82054750.191445 
36.200000 86048029.411881 
36.250000 89246786.329850 
36.300000 91443042.617778 
36.350000 92745856.920367 
36.400000 93484021.153735 
36.450000 93980530.821556 
36.500000 94285073.835608 
36.550000 94148033.921513 
36.600000 93427306.302803 
36.650000 92093232.651370 
36.700000 90153877.631377 
36.750000 87983299.708833 
36.800000 86054113.263388 
36.850000 84496173.300873 
36.900000 83256926.476139 
36.950000 82264636.330592 
37.000000 81471452.590882 
37.050000 80858833.522551 
37.100000 80437259.871480 
37.150000 80249863.175829 
37.200000 80397394.966911 
37.250000 81121806.177154 
37.300000 82679181.578297 
37.350000 84990869.864217 
37.400000 87641547.904178 
37.450000 90161366.892729 
37.500000 92485202.617768 
37.550000 94675494.419716 
37.600000 96757116.591580 
37.650000 98995095.836123 
37.700000 101470758.124468 
37.750000 103801718.237538 
37.800000 105579334.851106 
37.850000 106686880.009856 
37.900000 107369689.884695 
37.950000 107911985.269417 
38.000000 107984761.108504 
38.050000 106802920.508541 
38.100000 104526789.517394 
38.150000 101998829.114576 
38.200000 99267042.730578 
38.250000 95975109.438302 
38.300000 91871217.668716 
38.350000 86949232.873623 
38.400000 80995654.483034 
38.450000 73274396.106490 
38.500000 63089750.068335 
38.550000 51769285.865148 
38.600000 42008525.151955 
38.650000 34935002.635383 
38.700000 30157183.830310 
38.750000 26952772.812705 
38.800000 24713485.219841 
38.850000 23063510.602645 
38.900000 22025043.698055 
38.950000 21544075.188313 
39.000000 21307861.617269 
39.050000 21147381.327783 
39.100000 20995146.315108 
39.150000 20547666.364128 
39.200000 19234023.994202 
39.250000 16631264.525531 
39.300000 13149682.907741 
39.350000 9934128.983127 
39.400000 7294211.523595 
39.450000 4928149.234558 
39.500000 2416409.061321 
39.550000 -620880.251464 
39.600000 -4228363.194098 
39.650000 -8207156.222163 
39.700000 -12271942.441995 
39.750000 -15954496.824064 
39.800000 -19135518.805115 
39.850000 -21883228.146898 
39.900000 -23882566.831432 
39.950000 -24923224.609862 
40.000000 -25063749.074994 
40.050000 -24599028.125589 
40.100000 -23990476.869446 
40.150000 -23468497.932211 
40.200000 -23051516.908132 
40.250000 -22694591.134882 
40.300000 -22336987.400433 
40.350000 -21906471.309695 
40.400000 -21325537.975160 
40.450000 -20810290.082270 
40.500000 -21450934.501761 
40.550000 -24222542.206760 
40.600000 -28063721.793213 
40.650000 -31470998.988890 
40.700000 -34158779.154988 
40.750000 -36427780.495758 
40.800000 -38666201.775191 
40.850000 -40850223.286895 
40.900000 -42469376.089588 
40.950000 -43537961.673596 
41.000000 -44350794.187034 
41.050000 -45102493.082245 
41.100000 -45933240.854826 
41.150000 -47164831.935224 
41.200000 -49445995.785736 
41.250000 -52841274.422310 
41.300000 -56518724.676838 
41.350000 -59518818.809514 
41.400000 -61523242.445168 
41.450000 -62687671.825602 
41.500000 -63261211.804802 
41.550000 -63683807.983290 
41.600000 -64689006.424940 
41.650000 -67225448.865883 
41.700000 -70935838.591159 
41.750000 -74327233.675484 
41.800000 -77149204.300352 
41.850000 -79899743.643487 
41.900000 -83078312.219288 
41.950000 -86301904.298316 
42.000000 -88836651.218859 
42.050000 -90636351.471766 
42.100000 -91999765.592134 
42.150000 -93267345.060664 
42.200000 -94777724.392979 
42.250000 -96909612.460244 
42.300000 -100021850.215501 
42.350000 -103909384.631006 
42.400000 -107352785.082876 
42.450000 -109256937.568765 
42.500000 -109475177.198149 
42.550000 -108443568.123026 
42.600000 -106684641.470037 
42.650000 -104627113.034338 
42.700000 -102625940.041849 
42.750000 -100975214.649357 
42.800000 -100066622.139185 
42.850000 -100176350.068461 
42.900000 -101486828.767040 
42.950000 -103337315.402435 
43.000000 -104439167.886067 
43.050000 -104490524.897227 
43.100000 -103970069.114642 
43.150000 -103288163.391827 
43.200000 -102590753.794595 
43.250000 -101933961.762857 
43.300000 -101619467.605373 
43.350000 -102165588.745966 
43.400000 -103545940.052551 
43.450000 -105194747.636166 
43.500000 -106920314.702232 
43.550000 -108720246.355801 
43.600000 -110165467.694066 
43.650000 -110934657.385365 
43.700000 -111131598.588015 
43.750000 -110916752.034377 
43.800000 -110379383.589139 
43.850000 -109536982.615036 
43.900000 -108279175.920454 
43.950000 -106433752.160581 
44.000000 -104283776.912984 
44.050000 -102352066.329288 
44.100000 -100806645.650973 
44.150000 -99551536.229572 
44.200000 -98431908.145160 
44.250000 -97284967.786818 
44.300000 -95948552.247466 
44.350000 -94552624.138839 
44.400000 -93740001.512996 
44.450000 -94041278.743436 
44.500000 -95802568.013409 
44.550000 -99074446.617972 
44.600000 -102835871.093012 
44.650000 -106127477.894063 
44.700000 -108596761.934778 
44.750000 -110057313.638344 
44.800000 -110708149.681645 
44.850000 -110759554.775875 
44.900000 -110335399.967262 
44.950000 -109752771.460498 
45.000000 -109402860.705215 
45.050000 -109453077.735784 
45.100000 -109835526.438933 
45.150000 -110382053.575615 
45.200000 -111337528.908414 
45.250000 -113385669.581156 
45.300000 -117521680.091304 
45.350000 -124678349.413488 
45.400000 -133966499.361094 
45.450000 -142478946.497134 
45.500000 -148777219.312708 
45.550000 -153139097.310975 
45.600000 -156197008.035228 
45.650000 -158075368.403645 
45.700000 -158446796.454886 
45.750000 -157304344.797240 
45.800000 -154942354.401883 
45.850000 -151871192.786467 
45.900000 -148924754.146176 
45.950000 -146582095.431903 
46.000000 -144796475.036564 
46.050000 -143349213.176691 
46.100000 -142124711.649834 
46.150000 -141338427.554506 
46.200000 -141268638.928901 
46.250000 -142074299.791927 
46.300000 -143525504.605297 
46.350000 -144916893.068899 
46.400000 -145960758.292652 
46.450000 -147235805.305858 
46.500000 -149616444.700666 
46.550000 -152909576.549718 
46.600000 -156803271.320412 
46.650000 -161905116.116440 
46.700000 -168809786.645033 
46.750000 -176278754.157764 
46.800000 -182428901.574944 
46.850000 -187201513.738391 
46.900000 -191656637.382376 
46.950000 -196227059.183312 
47.000000 -199871270.951693 
47.050000 -201935012.652956 
47.100000 -202541350.956749 
47.150000 -201944989.372222 
47.200000 -200287619.804248 
47.250000 -197729185.473124 
47.300000 -194671692.276615 
47.350000 -191524189.307059 
47.400000 -188363164.655690 
47.450000 -185194684.115167 
47.500000 -182023777.138803 
47.550000 -178849472.971620 
47.600000 -175729288.711706 
47.650000 -172529972.458776 
47.700000 -169131569.290705 
47.750000 -165571693.877380 
47.800000 -162240753.492719 
47.850000 -159981152.867511 
47.900000 -159285066.344937 
47.950000 -159480593.087441 
48.000000 -159169080.311755 
48.050000 -157694809.083865 
48.100000 -155535998.585992 
48.150000 -153694102.244983 
48.200000 -152635530.186760 
48.250000 -152419181.273588 
48.300000 -153091474.372227 
48.350000 -154758633.656145 
48.400000 -156782419.833529 
48.450000 -157679499.350325 
48.500000 -156897640.732301 
48.550000 -154926525.648333 
48.600000 -152481577.218087 
48.650000 -149969105.834652 
48.700000 -147557902.127398 
48.750000 -145404306.316144 
48.800000 -143455756.413188 
48.850000 -141533500.972950 
48.900000 -139654036.936356 
48.950000 -137888616.015847 
49.000000 -136173576.998476 
49.050000 -134603635.933640 
49.100000 -133263812.758009 
49.150000 -132176062.039099 
49.200000 -131573761.942447 
49.250000 -131471549.645396 
49.300000 -131528038.442353 
49.350000 -131537080.399588 
49.400000 -131450133.542345 
49.450000 -131255847.707542 
49.500000 -130935794.831083 
49.550000 -130450289.233919 
49.600000 -129727646.567201 
49.650000 -128675982.018205 
49.700000 -127373713.522790 
49.750000 -126043211.406344 
49.800000 -124691644.055092 
49.850000 -123134249.112899 
49.900000 -121252884.056019 
49.950000 -119389983.087228 
50.000000 -117977426.567844 
50.050000 -117005220.711521 
