100 100 100
4250 2150 50
4150 2050 50
4050 2150 50
4050 2250 50
4350 2350 50
4550 2350 50
4650 2150 50
4750 2150 50
4450 2150 50
4650 1950 50
4750 1850 50
4550 1650 50
4550 1750 50
4450 1750 50
4350 1650 50
4350 1950 50
4250 1950 50
4150 1850 50
4050 1850 50
4050 1750 50
3950 1650 50
3850 1650 50
3850 1750 50
3950 1750 50
3950 1950 50
3950 1850 50
3850 1950 50
3750 1850 50
3650 1850 50
3650 1950 50
3650 1750 50
3750 1750 50
3250 1650 50
3250 1850 50
3250 2050 50
3250 2150 50
3350 2250 50
3250 2250 50
3450 2350 50
3650 2350 50
3750 2250 50
3650 2150 50
3650 2050 50
3850 2150 50
3950 2350 50
3850 2450 50
3950 2650 50
3750 2750 50
3650 2750 50
3650 2550 50
3650 2450 50
3450 2550 50
3350 2450 50
3250 2550 50
3350 2550 50
3350 2650 50
3250 2650 50
3450 2650 50
3250 2850 50
3450 3050 50
3650 3150 50
3650 3050 50
3650 2950 50
3750 2950 50
3950 2950 50
3950 3050 50
4050 3150 50
4050 3050 50
4350 3050 50
4250 3050 50
4250 2950 50
4250 2850 50
4050 2750 50
4150 2750 50
4150 2650 50
4150 2550 50
4250 2450 50
4250 2750 50
4350 2750 50
4450 2750 50
4750 2550 50
4750 2750 50
4750 2950 50
4450 2850 50
4450 3050 50
4450 3150 50
4650 3150 50
4750 3150 50
4850 3150 50
4950 2850 50
4850 2950 50
4850 2750 50
4950 2450 50
4850 2350 50
4950 1750 50
4950 1050 50
4850 450 50
4950 550 50
4950 750 50
4850 350 50
4850 150 50
4850 50 50
4650 50 50
4750 350 50
4650 250 50
4550 350 50
4550 50 50
4150 50 50
4050 150 50
4050 250 50
4250 350 50
4250 250 50
4350 450 50
4350 550 50
4250 450 50
4050 550 50
4150 750 50
4250 650 50
4450 550 50
4650 1450 50
4750 1250 50
4450 1250 50
4450 1350 50
4750 1050 50
4450 850 50
4150 850 50
4250 850 50
4350 950 50
4350 1050 50
4150 1150 50
4050 1150 50
4050 1350 50
4150 1350 50
4350 1350 50
4350 1550 50
4350 1450 50
4150 1550 50
4050 1550 50
3650 1450 50
3850 1550 50
3950 1350 50
3650 1250 50
3750 1350 50
3750 1050 50
3650 1050 50
3650 1150 50
3950 850 50
3750 950 50
3350 950 50
3450 950 50
3450 850 50
3550 1050 50
3450 1150 50
3550 1550 50
3450 450 50
3250 750 50
3550 750 50
3750 650 50
3850 650 50
3750 250 50
3750 350 50
3950 350 50
3950 250 50
3950 150 50
3750 150 50
3450 150 50
3350 350 50
3350 250 50
3250 250 50
3250 350 50
3350 50 50
3250 50 50
3050 50 50
3050 150 50
3150 350 50
3150 250 50
2850 250 50
2950 50 50
2650 150 50
2450 350 50
2650 250 50
2750 350 50
2550 450 50
2450 550 50
2450 750 50
2650 750 50
2750 650 50
2850 650 50
2950 650 50
2850 1550 50
3050 1250 50
3150 950 50
3150 850 50
3050 850 50
2950 850 50
2450 950 50
2450 850 50
2650 850 50
2450 1050 50
2450 1250 50
2550 1250 50
2750 1250 50
2750 1550 50
2650 1450 50
2650 1550 50
2550 1550 50
2450 1450 50
2450 1550 50
2050 1550 50
2250 1550 50
2350 1450 50
2250 1250 50
2250 950 50
2350 850 50
1850 950 50
1950 850 50
1750 1050 50
1650 1050 50
1850 1250 50
1950 1550 50
1850 1550 50
1650 1450 50
1650 1550 50
1650 650 50
1850 750 50
1850 650 50
1950 650 50
1950 750 50
2350 750 50
2350 450 50
2150 550 50
2050 450 50
2150 250 50
2350 150 50
2350 50 50
2150 50 50
2150 150 50
2050 50 50
1850 250 50
1750 350 50
1750 250 50
1650 250 50
1550 150 50
1450 150 50
1250 150 50
1250 250 50
1450 250 50
1450 650 50
1350 450 50
1250 550 50
1150 750 50
1150 650 50
1050 650 50
1150 450 50
850 550 50
850 650 50
950 750 50
1050 350 50
1050 250 50
950 50 50
650 50 50
750 250 50
650 350 50
450 250 50
250 50 50
50 150 50
50 350 50
350 350 50
350 250 50
250 250 50
50 550 50
150 650 50
550 550 50
650 550 50
750 750 50
650 950 50
750 1050 50
650 1050 50
450 1150 50
550 950 50
50 850 50
50 1150 50
350 1150 50
150 1250 50
50 1250 50
250 1550 50
350 1450 50
350 1550 50
450 1450 50
650 1350 50
750 1250 50
750 1350 50
950 1550 50
950 1250 50
1050 1450 50
1550 1550 50
1350 1250 50
1350 1350 50
1350 1050 50
1550 1150 50
1550 850 50
850 1150 50
1150 1050 50
1050 1050 50
1050 2050 50
1150 2350 50
1250 2350 50
1550 2250 50
1450 2250 50
1450 2150 50
1350 2050 50
1250 1950 50
1350 1850 50
1550 1850 50
1450 1750 50
1550 1750 50
650 1950 50
350 1650 50
350 1750 50
150 1650 50
150 1850 50
250 1850 50
350 2150 50
350 2050 50
150 2050 50
150 2350 50
250 2250 50
350 2250 50
350 2350 50
550 2250 50
450 2150 50
750 2050 50
750 2250 50
750 2450 50
750 2550 50
750 2750 50
550 2750 50
450 2750 50
550 2450 50
350 2550 50
250 2550 50
150 2450 50
50 2450 50
50 2650 50
150 2750 50
250 2750 50
350 2750 50
250 2650 50
350 2850 50
250 2850 50
150 2850 50
50 2850 50
450 2850 50
650 2850 50
750 2850 50
750 3050 50
650 3050 50
1050 3150 50
1050 2950 50
1150 2950 50
850 2750 50
950 2750 50
850 2450 50
1050 2650 50
1150 2750 50
1250 2450 50
1450 2450 50
1550 2450 50
1450 2650 50
1250 2850 50
1350 2950 50
1350 3050 50
1450 3050 50
1550 3050 50
1750 3050 50
1750 2950 50
1950 2850 50
1950 3150 50
2150 3050 50
2250 2950 50
2050 2750 50
2050 2650 50
2150 2750 50
2350 2650 50
2250 2550 50
2350 2450 50
2050 2550 50
1950 2450 50
1950 2550 50
1750 2550 50
1650 2250 50
1950 2350 50
1950 2250 50
1950 2150 50
1750 2050 50
1750 1650 50
1850 1750 50
1950 1850 50
1850 1850 50
1850 1950 50
2150 1950 50
2050 1850 50
2050 1750 50
2250 1750 50
2350 1750 50
2350 2050 50
2250 2150 50
2250 2050 50
2050 2050 50
2250 2250 50
2450 2350 50
2750 2350 50
2750 2150 50
2550 2150 50
2450 2050 50
2550 1850 50
2450 1850 50
2650 1750 50
2750 1750 50
2750 1850 50
2650 1850 50
2850 1850 50
3050 1650 50
3150 1850 50
3050 1950 50
3050 2050 50
2950 2150 50
2950 2250 50
2950 2350 50
2950 2650 50
3050 2750 50
3150 2750 50
3050 2650 50
3150 2450 50
2850 2450 50
2750 2550 50
2550 2550 50
2450 2650 50
2650 2850 50
2550 2850 50
2450 2850 50
2450 2950 50
2450 3150 50
2950 3150 50
3150 2850 50
3050 3150 50
3050 3450 50
2850 3450 50
2950 3250 50
2750 3350 50
2450 3450 50
2750 3450 50
2650 3750 50
2450 3650 50
2550 3750 50
2450 3850 50
2450 3950 50
2950 3950 50
3150 3950 50
3050 3850 50
3050 3750 50
3150 3750 50
3050 4650 50
2950 4450 50
3050 4250 50
3050 4150 50
2850 4050 50
2550 4050 50
2550 4150 50
2650 4150 50
2750 4250 50
2550 4250 50
2450 4450 50
2550 4450 50
2650 4550 50
2650 4450 50
2750 4450 50
2750 4550 50
2650 4650 50
2650 4750 50
2250 4750 50
2350 4750 50
2250 4450 50
2250 4350 50
2250 4150 50
2250 4050 50
2150 4050 50
2050 4050 50
1650 4050 50
1750 4350 50
1850 4550 50
1950 4550 50
1950 4750 50
1850 4750 50
1650 4650 50
1650 4750 50
1950 3750 50
1750 3750 50
1750 3850 50
1750 3950 50
1950 3950 50
2050 3950 50
2150 3950 50
2250 3850 50
2250 3750 50
2050 3750 50
2250 3350 50
2050 3350 50
1950 3550 50
1950 3450 50
1850 3550 50
1650 3450 50
1550 3250 50
1350 3250 50
1250 3350 50
1350 3550 50
1450 3550 50
1450 3950 50
1450 3850 50
1450 3750 50
1350 3850 50
1150 3950 50
850 3750 50
850 3850 50
950 3950 50
850 3950 50
950 3450 50
1050 3550 50
1150 3450 50
1050 3350 50
1150 3250 50
850 3250 50
750 3250 50
650 3350 50
750 3350 50
550 3550 50
450 3350 50
350 3250 50
250 3250 50
350 3550 50
350 3450 50
250 3650 50
50 3650 50
450 3850 50
650 3750 50
750 3850 50
750 4050 50
650 4150 50
550 4250 50
350 4150 50
250 4050 50
50 4150 50
50 4350 50
250 4250 50
350 4450 50
150 4450 50
150 4650 50
150 4750 50
450 4650 50
450 4450 50
950 4550 50
1150 4450 50
1550 4750 50
1450 4550 50
1450 4350 50
1450 4050 50
1350 4150 50
1250 4050 50
950 4050 50
850 4050 50
850 4150 50
950 4150 50
1050 4350 50
1150 4250 50
1250 4850 50
650 4950 50
450 4950 50
350 4850 50
250 4850 50
50 4850 50
1750 4950 50
1950 4950 50
2350 4950 50
2650 4950 50
2750 4950 50
4650 4950 50
4550 4850 50
4550 4950 50
4350 4950 50
4150 4850 50
4050 4850 50
3750 4950 50
3750 4850 50
3650 4850 50
3550 4850 50
3450 4950 50
3350 4950 50
3450 4550 50
3550 4550 50
3450 4450 50
3250 4750 50
3450 4650 50
3550 4750 50
3650 4750 50
3650 4650 50
3850 4750 50
3950 4650 50
3950 4550 50
3950 4450 50
3750 4450 50
3650 4450 50
3650 4350 50
3650 4250 50
3450 4050 50
3550 4350 50
3450 4250 50
3250 4250 50
3250 4150 50
3350 4050 50
3250 4050 50
3450 3750 50
3550 3650 50
3350 3650 50
3250 3750 50
3250 3350 50
3650 3350 50
3750 3250 50
3750 3350 50
3850 3450 50
3650 3650 50
3750 3750 50
3950 3950 50
4050 3950 50
4150 3950 50
4350 3750 50
4150 3650 50
4050 3650 50
4050 3550 50
4350 3250 50
4350 3350 50
4350 3450 50
4250 3550 50
4450 3250 50
4550 3250 50
4750 3250 50
4650 3450 50
4750 3750 50
4750 3650 50
4550 3750 50
4450 3950 50
4550 3950 50
4650 4150 50
4750 4250 50
4550 4250 50
4450 4250 50
4550 4050 50
4450 4050 50
4050 4050 50
4050 4250 50
4250 4450 50
4050 4650 50
4250 4650 50
4550 4650 50
4750 4650 50
4650 4650 50
4750 4550 50
4450 4550 50
4950 4450 50
4850 4750 50
4850 4150 50
4950 3250 50
4950 4950 50
