-86.199997
-86.408089
-86.407890
-86.407837
-86.407829
-86.407829
-86.406921
-86.377129
-85.441872
-57.552345
20.529867
22.130304
20.735184
18.559923
16.646210
15.246601
14.345340
13.857424
13.689382
13.757213
13.991277
14.336808
14.752620
15.208990
15.685296
16.167698
16.647089
17.116974
17.572733
18.011486
18.431374
18.831099
19.209673
19.566319
19.900408
20.211481
20.499245
20.763618
21.004711
21.222824
21.418468
21.592329
21.745241
21.878168
21.992174
22.088367
22.167933
22.232044
22.281883
22.318596
22.343302
22.357061
22.360878
22.355701
22.342405
22.321804
22.294638
22.261587
22.223270
22.180250
22.133030
22.082058
22.027742
21.970444
21.910494
21.848167
21.783728
21.717396
21.649368
21.579828
21.508923
21.436785
21.363539
21.289286
21.214115
21.138111
21.061338
20.983856
20.905710
20.826954
20.747627
20.667755
20.587370
20.506489
20.425140
20.343330
20.261076
20.178392
20.095287
20.011763
19.927828
19.843483
19.758726
19.673561
19.587990
19.502007
19.415609
19.328798
19.241566
19.153908
19.065819
18.977299
18.888336
18.798925
18.709061
18.618738
18.527941
18.436666
18.344904
18.252645
18.159891
18.066626
17.972841
17.878531
17.783678
17.688276
17.592319
17.495789
17.398685
17.300989
17.202694
17.103790
17.004265
16.904110
16.803312
16.701860
16.599745
16.496948
16.393459
16.289265
16.184353
16.078712
15.972333
15.865200
15.757301
15.648622
15.539144
15.428858
15.317746
15.205797
15.092994
14.979322
14.864767
14.749312
14.632946
14.515647
14.397399
14.278187
14.157992
14.036796
13.914582
13.791334
13.667039
13.541673
13.415212
13.287642
13.158945
13.029097
12.898077
12.765867
12.632447
12.497792
12.361895
12.224716
12.086238
11.946441
11.805296
11.662784
11.518881
11.373561
11.226801
11.078575
10.928860
10.777629
10.624853
10.470508
10.314563
10.156991
9.997766
9.836859
9.674241
9.509881
9.343750
9.175821
9.006062
8.834435
8.660913
8.485461
8.308047
8.128641
7.947206
7.763711
7.578116
7.390390
7.200496
7.008397
6.814055
6.617430
6.418488
6.217187
6.013491
5.807359
5.598748
5.387616
5.173921
4.957619
4.738667
4.517017
4.292622
4.065433
3.835400
3.602471
3.366594
3.127712
2.885767
2.640698
2.392443
2.140934
1.886103
1.627878
1.366180
1.100930
0.832038
0.559417
0.282968
0.002588
-0.281833
-0.570412
-0.863278
-1.160563
-1.462411
-1.768971
-2.080411
-2.396905
-2.718642
-3.045820
-3.378653
-3.717360
-4.062180
-4.413362
-4.771180
-5.135918
-5.507871
-5.887360
-6.274709
-6.670264
-7.074387
-7.487452
-7.909855
-8.341995
-8.784297
-9.237185
-9.701102
-10.176497
-10.663826
-11.163552
-11.676138
-12.202046
-12.741743
-13.295683
-13.864321
-14.448099
-15.047450
-15.662797
-16.294548
-16.943096
-17.608829
-18.292124
-18.993357
-19.712894
-20.451111
-21.208406
-21.985182
-22.781891
-23.599018
-24.437117
-25.296818
-26.178831
-27.083996
-28.013294
-28.967817
-29.948692
-30.956724
-31.992012
-33.053802
-34.140690
-35.250996
-36.383312
-37.536648
-38.720852
-39.951485
-41.239815
-42.594101
-44.021423
-45.528099
-47.119709
-48.800686
-50.573475
-52.437378
-54.387112
-56.411594
-58.493156
-60.607655
-62.725834
-64.815819
-66.846107
-68.788521
-70.620407
-72.325821
-73.895546
-75.326553
-76.620804
-77.783958
-78.824181
-79.751030
-80.574532
-81.304581
-81.950439
-82.520691
-83.023010
-83.464249
-83.850563
-84.187508
-84.480118
-84.733101
-84.950768
-85.137161
-85.296013
-85.430794
-85.544678
-85.640526
-85.720924
-85.788155
-85.844299
-85.891075
-85.929985
-85.962364
-85.989304
-86.011765
-86.030540
-86.046249
-86.059486
-86.070679
-86.080238
-86.088417
-86.095512
-86.101677
-86.107155
-86.112061
-86.116478
-86.120491
-86.124229
-86.127663
-86.130867
-86.133926
-86.136879
-86.139626
-86.142334
-86.145004
-86.147675
-86.150284
-86.152786
-86.155220
-86.157654
-86.160004
-86.162331
-86.164650
-86.166977
-86.169281
-86.171570
-86.173859
-86.176125
-86.178391
-86.180603
-86.182762
-86.184898
-86.186981
-86.189056
-86.191010
-86.192917
-86.194862
-86.196770
-86.198685
-86.200630
-86.202538
-86.204445
-86.206352
-86.208260
-86.210167
-86.212074
-86.213982
-86.215866
-86.217613
-86.219368
-86.221107
-86.222824
-86.224541
-86.226204
-86.227890
-86.229553
-86.231224
-86.232857
-86.234398
-86.235939
-86.237503
-86.239059
-86.240364
-86.237595
-86.173393
-85.157631
-69.244926
10.916412
17.270287
18.555309
17.478983
15.791079
14.257173
13.100723
12.335774
11.908229
11.748723
11.791460
11.980360
12.270346
12.626661
13.023453
13.442080
13.869411
14.295919
14.714841
15.121907
15.514488
15.890978
16.250368
16.592016
16.915476
17.220438
17.506666
17.774036
18.022491
18.252085
18.462955
18.655363
18.829659
18.986294
19.125811
19.248831
19.356043
19.448191
19.526047
19.590412
19.642096
19.681919
19.710682
19.729168
19.738129
19.738306
19.730385
19.715025
19.692839
19.664398
19.630247
19.590874
19.546741
19.498260
19.445826
19.389780
19.330442
19.268105
19.203024
19.135441
19.065573
18.993601
18.919704
18.844040
18.766745
18.687939
18.607737
18.526232
18.443514
18.359661
18.274740
18.188810
18.101925
18.014139
17.925482
17.835985
17.745695
17.654629
17.562801
17.470236
17.376955
17.282970
17.188282
17.092909
16.996857
16.900122
16.802704
16.704617
16.605854
16.506411
16.406292
16.305487
16.203989
16.101795
15.998896
15.895284
15.790955
15.685895
15.580099
15.473555
15.366254
15.258181
15.149331
15.039686
14.929234
14.817966
14.705867
14.592920
14.479116
14.364441
14.248877
14.132410
14.015025
13.896706
13.777437
13.657203
13.535986
13.413768
13.290531
13.166261
13.040936
12.914540
12.787053
12.658453
12.528727
12.397851
12.265808
12.132578
11.998137
11.862464
11.725539
11.587339
11.447843
11.307027
11.164869
11.021350
10.876441
10.730120
10.582365
10.433146
10.282437
10.130220
9.976463
9.821141
9.664231
9.505705
9.345534
9.183690
9.020145
8.854873
8.687840
8.519023
8.348387
8.175907
8.001548
7.825283
7.647077
7.466898
7.284718
7.100502
6.914217
6.725831
6.535309
6.342617
6.147722
5.950586
5.751174
5.549449
5.345376
5.138917
4.930035
4.718688
4.504841
4.288451
4.069475
3.847871
3.623597
3.396608
3.166857
2.934297
2.698879
2.460552
2.219263
1.974951
1.727563
1.477038
1.223312
0.966316
0.705979
0.442226
0.174977
-0.095852
-0.370353
-0.648619
-0.930755
-1.216868
-1.507075
-1.801500
-2.100274
-2.403539
-2.711443
-3.024147
-3.341820
-3.664644
-3.992810
-4.326524
-4.666004
-5.011480
-5.363194
-5.721406
-6.086385
-6.458420
-6.837802
-7.224849
-7.619886
-8.023254
-8.435308
-8.856421
-9.286982
-9.727365
-10.177984
-10.639254
-11.111593
-11.595439
-12.091223
-12.599388
-13.120375
-13.654622
-14.202574
-14.764668
-15.341332
-15.932993
-16.540066
-17.162954
-17.802069
-18.457798
-19.130529
-19.820648
-20.528545
-21.254606
-21.999241
-22.762873
-23.545961
-24.349012
-25.172565
-26.017252
-26.883764
-27.772915
-28.685621
-29.622959
-30.586151
-31.576651
-32.596104
-33.646385
-34.728909
-35.841389
-36.972862
-38.109673
-39.269375
-40.470310
-41.724293
-43.040096
-44.425087
-45.886082
-47.429665
-49.062119
-50.788921
-52.613922
-54.537895
-56.556740
-58.659412
-60.826263
-63.028526
-65.229668
-67.388870
-69.465927
-71.426025
-73.243019
-74.900948
-76.393631
-77.723099
-78.897316
-79.928047
-80.828819
-81.613411
-82.294991
-82.885452
-83.395348
-83.833946
-84.209396
-84.528984
-84.799316
-85.026505
-85.216232
-85.373672
-85.503593
-85.610298
-85.697548
-85.768715
-85.826630
-85.873718
-85.911995
-85.943184
-85.968628
-85.989471
-86.006676
-86.020950
-86.032921
-86.042976
-86.051643
-86.059120
-86.065620
-86.071373
-86.076546
-86.081261
-86.085579
-86.089600
-86.093369
-86.096985
-86.100403
-86.103722
-86.106888
-86.109940
-86.112991
-86.116028
-86.118805
-86.121475
-86.124146
-86.126816
-86.129486
-86.132156
-86.134827
-86.137497
-86.140167
-86.142815
-86.145386
-86.147888
-86.150360
-86.152718
-86.155144
-86.157494
-86.159782
-86.162071
-86.164360
-86.166649
-86.168938
-86.171219
-86.173500
-86.175789
-86.178024
-86.180214
-86.182388
-86.184471
-86.186516
-86.188492
-86.190407
-86.192329
-86.194252
-86.196175
-86.198082
-86.199989
-86.201897
-86.203804
-86.205711
-86.207619
-86.209526
-86.211433
-86.213341
-86.215248
-86.217094
-86.218819
-86.220512
-86.222191
-86.223877
-86.225533
-86.227127
-86.228767
-86.230362
-86.231941
-86.233551
-86.235107
-86.236664
-86.238190
-86.239716
-86.241241
-86.242767
-86.244293
-86.245819
-86.247345
-86.248871
-86.250397
-86.251923
-86.253448
-86.254906
-86.256226
-86.257126
-86.250458
-86.098610
-83.144295
-28.872171
16.739063
19.359781
18.687298
16.899721
15.146851
13.784931
12.859930
12.318562
12.084074
12.081975
12.248232
12.531128
12.890713
13.297266
13.729443
14.172391
14.615854
15.052388
15.477116
15.887083
16.280508
16.656300
17.013744
17.352350
17.671741
17.971642
18.251852
18.512274
18.752914
18.973896
19.175451
19.357946
19.521843
19.667725
19.796251
19.908167
20.004274
20.085413
20.152460
20.206293
20.247801
20.277845
20.297283
20.306927
20.307560
20.299929
20.284729
20.262617
20.234200
20.200045
20.160669
20.116560
20.068142
20.015818
19.959951
19.900875
19.838879
19.774233
19.707178
19.637932
19.566681
19.493608
19.418867
19.342590
19.264902
19.185921
19.105728
19.024418
18.942064
18.858734
18.774488
18.689373
18.603436
18.516708
18.429239
18.341043
18.252146
18.162575
18.072340
17.981462
17.889956
17.797823
17.705069
17.611706
17.517738
17.423164
17.327978
17.232185
17.135786
17.038773
16.941149
16.842901
16.744024
16.644518
16.544367
16.443571
16.342113
16.239990
16.137196
16.033718
15.929538
15.824653
15.719052
15.612720
15.505649
15.397825
15.289237
15.179866
15.069703
14.958735
14.846948
14.734326
14.620857
14.506523
14.391312
14.275208
14.158188
14.040245
13.921362
13.801523
13.680709
13.558902
13.436083
13.312234
13.187341
13.061382
12.934342
12.806197
12.676932
12.546526
12.414958
12.282207
12.148252
12.013076
11.876653
11.738965
11.599987
11.459696
11.318073
11.175095
11.030729
10.884962
10.737766
10.589114
10.438985
10.287350
10.134186
9.979465
9.823164
9.665252
9.505698
9.344481
9.181569
9.016935
8.850553
8.682389
8.512417
8.340605
8.166918
7.991331
7.813809
7.634323
7.452839
7.269323
7.083744
6.896069
6.706263
6.514290
6.320116
6.123704
5.925022
5.724030
5.520694
5.314973
5.106830
4.896224
4.683115
4.467465
4.249228
4.028363
3.804824
3.578570
3.349552
3.117723
2.883031
2.645424
2.404849
2.161253
1.914573
1.664750
1.411718
1.155411
0.895757
0.632682
0.366103
0.095935
-0.177911
-0.455531
-0.737029
-1.022512
-1.312097
-1.605908
-1.904077
-2.206744
-2.514061
-2.826186
-3.143291
-3.465559
-3.793182
-4.126366
-4.465330
-4.810305
-5.161533
-5.519273
-5.883797
-6.255394
-6.634359
-7.021009
-7.415671
-7.818687
-8.230417
-8.651234
-9.081521
-9.521672
-9.972087
-10.433184
-10.905390
-11.389138
-11.884865
-12.393009
-12.914011
-13.448311
-13.996349
-14.558557
-15.135363
-15.727190
-16.334452
-16.957548
-17.596876
-18.252819
-18.925766
-19.616089
-20.324171
-21.050398
-21.795170
-22.558914
-23.342085
-24.145174
-24.968744
-25.813404
-26.679865
-27.568943
-28.481564
-29.418806
-30.381931
-31.372393
-32.391796
-33.441387
-34.520668
-35.625900
-36.749741
-37.884415
-39.043587
-40.245071
-41.500443
-42.818253
-44.205765
-45.669689
-47.216446
-48.851990
-50.581226
-52.407108
-54.329113
-56.341545
-58.431713
-60.578766
-62.753735
-64.921379
-67.043640
-69.083954
-71.011177
-72.802170
-74.442795
-75.927444
-77.257637
-78.440186
-79.485306
-80.405022
-81.211800
-81.917694
-82.533844
-83.070198
-83.535568
-83.937782
-84.283783
-84.579842
-84.831734
-85.044807
-85.224014
-85.373878
-85.498596
-85.601929
-85.687233
-85.757439
-85.815117
-85.862442
-85.901253
-85.933105
-85.959312
-85.980949
-85.998871
-86.013809
-86.026352
-86.036972
-86.046051
-86.053902
-86.060722
-86.066727
-86.072121
-86.076950
-86.081390
-86.085518
-86.089355
-86.092941
-86.096375
-86.099716
-86.102867
-86.105942
-86.108986
-86.111992
-86.114861
-86.117531
-86.120193
-86.122864
-86.125534
-86.128204
-86.130875
-86.133522
-86.136185
-86.138809
-86.141289
-86.143761
-86.146240
-86.148705
-86.150993
-86.153297
-86.155586
-86.157875
-86.160164
-86.162453
-86.164742
-86.167030
-86.169304
-86.171494
-86.173737
-86.175972
-86.178131
-86.180206
-86.182182
-86.184166
-86.186081
-86.187988
-86.189896
-86.191803
-86.193710
-86.195618
-86.197517
-86.199425
-86.201332
-86.203239
-86.205147
-86.207039
-86.208946
-86.210808
-86.212540
-86.214233
-86.215881
-86.217491
-86.219109
-86.220764
-86.222389
-86.224014
-86.225616
-86.227196
-86.228745
-86.230293
-86.231827
-86.233360
-86.234886
-86.236412
-86.237938
-86.239464
-86.240990
-86.242516
-86.244034
-86.245018
-86.239304
-86.111443
-83.720734
-40.661366
15.926836
19.078650
18.677959
16.963835
15.200201
13.801355
12.835809
12.257942
11.993110
11.966898
12.114608
12.383634
12.733091
13.132408
13.559500
13.998911
14.439966
14.874929
15.298658
15.708021
16.101141
16.476856
16.834448
17.173403
17.493351
17.794020
18.075220
18.336847
18.578892
18.801458
19.004766
19.189148
19.355053
19.503017
19.633688
19.747768
19.846046
19.929331
19.998486
20.054365
20.097839
20.129763
20.150980
20.162289
20.164480
20.158283
20.144403
20.123493
20.096163
20.062977
20.024467
19.981110
19.933344
19.881577
19.826176
19.767473
19.705767
19.641331
19.574415
19.505236
19.433994
19.360865
19.286011
19.209568
19.131666
19.052416
18.971918
18.890259
18.807518
18.723764
18.639059
18.553452
18.466995
18.379725
18.291676
18.202869
18.113344
18.023125
17.932219
17.840649
17.748428
17.655556
17.562052
17.467913
17.373150
17.277761
17.181749
17.085112
16.987852
16.889961
16.791435
16.692274
16.592464
16.492010
16.390896
16.289114
16.186663
16.083527
15.979694
15.875164
15.769924
15.663960
15.557260
15.449814
15.341607
15.232630
15.122869
15.012311
14.900944
14.788752
14.675717
14.561833
14.447078
14.331440
14.214906
14.097458
13.979078
13.859752
13.739464
13.618195
13.495926
13.372646
13.248330
13.122964
12.996529
12.869004
12.740373
12.610615
12.479711
12.347640
12.214380
12.079914
11.944219
11.807273
11.669051
11.529536
11.388707
11.246535
11.103001
10.958076
10.811739
10.663969
10.514736
10.364020
10.211793
10.058029
9.902700
9.745782
9.587248
9.427065
9.265212
9.101658
8.936374
8.769332
8.600503
8.429855
8.257360
8.082986
7.906701
7.728477
7.548280
7.366075
7.181830
6.995517
6.807101
6.616543
6.423812
6.228871
6.031686
5.832220
5.630436
5.426296
5.219764
5.010801
4.799368
4.585423
4.368925
4.149833
3.928105
3.703693
3.476555
3.246641
3.013906
2.778299
2.539769
2.298260
2.053715
1.806075
1.555279
1.301261
1.043954
0.783283
0.519173
0.251543
-0.019690
-0.294621
-0.573348
-0.855974
-1.142611
-1.433375
-1.728392
-2.027796
-2.331730
-2.640348
-2.953809
-3.272289
-3.595969
-3.925047
-4.259729
-4.600239
-4.946807
-5.299683
-5.659123
-6.025408
-6.398822
-6.779669
-7.168269
-7.564950
-7.970058
-8.383953
-8.807007
-9.239602
-9.682138
-10.135024
-10.598674
-11.073510
-11.559965
-12.058478
-12.569483
-13.093424
-13.630739
-14.181866
-14.747237
-15.327277
-15.922405
-16.533030
-17.159555
-17.802374
-18.461863
-19.138411
-19.832394
-20.544199
-21.274208
-22.022825
-22.790487
-23.577648
-24.384825
-25.212568
-26.061525
-26.932417
-27.826082
-28.743473
-29.685703
-30.654058
-31.650034
-32.675293
-33.731133
-34.816818
-35.927620
-37.054401
-38.191063
-39.356659
-40.567101
-41.833153
-43.163044
-44.563847
-46.042236
-47.604584
-49.256756
-51.003510
-52.847435
-54.787437
-56.816917
-58.921982
-61.080311
-63.261452
-65.428932
-67.543983
-69.570122
-71.476830
-73.242226
-74.853622
-76.306915
-77.604950
-78.755676
-79.770096
-80.660721
-81.440285
-82.120903
-82.713676
-83.228432
-83.673912
-84.057793
-84.386963
-84.667686
-84.905708
-85.106300
-85.274422
-85.414551
-85.530777
-85.626793
-85.705826
-85.770729
-85.823952
-85.867561
-85.903313
-85.932678
-85.956833
-85.976776
-85.993355
-86.007210
-86.018921
-86.028854
-86.037422
-86.044830
-86.051308
-86.057068
-86.062286
-86.067009
-86.071373
-86.075432
-86.079247
-86.082825
-86.086258
-86.089615
-86.092796
-86.095848
-86.098892
-86.101921
-86.104805
-86.107491
-86.110161
-86.112831
-86.115501
-86.118172
-86.120842
-86.123512
-86.126183
-86.128853
-86.131432
-86.134094
-86.136696
-86.139175
-86.141571
-86.143913
-86.146271
-86.148560
-86.150848
-86.153137
-86.155426
-86.157715
-86.160004
-86.162292
-86.164581
-86.166794
-86.168999
-86.171089
-86.173149
-86.175156
-86.177109
-86.179047
-86.180984
-86.182892
-86.184799
-86.186707
-86.188614
-86.190521
-86.192429
-86.194336
-86.196243
-86.198151
-86.200058
-86.201965
-86.203873
-86.205673
-86.207413
-86.209061
-86.210724
-86.212440
-86.214073
-86.215698
-86.217346
-86.218987
-86.220573
-86.222115
-86.223656
-86.225182
-86.226707
-86.228233
-86.229759
-86.231285
-86.232811
-86.234337
-86.235863
-86.237389
-86.238480
-86.232536
-86.098442
-83.565498
-37.625950
16.150553
19.138502
18.632820
16.886127
15.124044
13.738649
12.789097
12.226201
11.974129
11.958220
12.113940
12.388984
12.742823
13.145221
13.574392
14.015133
14.456960
14.892300
15.316137
15.725431
16.118355
16.493799
16.851046
17.189610
17.509132
17.809336
18.090050
18.351152
18.592653
18.814651
19.017389
19.201183
19.366491
19.513863
19.643936
19.757431
19.855127
19.937849
20.006453
20.061796
20.104752
20.136175
20.156910
20.167759
20.169506
20.162889
20.148609
20.127312
20.099611
20.066076
20.027227
19.983547
19.935474
19.883415
19.827728
19.768749
19.706779
19.642092
19.574930
19.505510
19.434036
19.360683
19.285608
19.208950
19.130838
19.051378
18.970676
18.888817
18.805880
18.721933
18.637035
18.551243
18.464594
18.377132
18.288900
18.199911
18.110209
18.019808
17.928724
17.836971
17.744566
17.651520
17.557835
17.463514
17.368574
17.273005
17.176819
17.080000
16.982557
16.884489
16.785782
16.686438
16.586452
16.485813
16.384520
16.282558
16.179920
16.076603
15.972589
15.867874
15.762448
15.656296
15.549409
15.441773
15.333379
15.224211
15.114258
15.003507
14.891943
14.779559
14.666329
14.552248
14.437297
14.321462
14.204724
14.087073
13.968491
13.848962
13.728468
13.606992
13.484518
13.361028
13.236502
13.110927
12.984280
12.856543
12.727695
12.597721
12.466599
12.334307
12.200828
12.066135
11.930215
11.793040
11.654593
11.514848
11.373782
11.231378
11.087603
10.942445
10.795873
10.647857
10.498380
10.347415
10.194936
10.040916
9.885334
9.728157
9.569361
9.408919
9.246801
9.082982
8.917429
8.750115
8.581011
8.410087
8.237312
8.062657
7.886086
7.707572
7.527080
7.344581
7.160041
6.973426
6.784702
6.593838
6.400795
6.205541
6.008037
5.808249
5.606140
5.401673
5.194809
4.985509
4.773737
4.559450
4.342608
4.123167
3.901083
3.676314
3.448813
3.218533
2.985426
2.749439
2.510523
2.268623
2.023683
1.775641
1.524434
1.269998
1.012265
0.751160
0.486607
0.218522
-0.053179
-0.328587
-0.607801
-0.890927
-1.178076
-1.469368
-1.764930
-2.064895
-2.369411
-2.678628
-2.992712
-3.311835
-3.636185
-3.965955
-4.301358
-4.642614
-4.989957
-5.343638
-5.703919
-6.071074
-6.445395
-6.827185
-7.216765
-7.614467
-8.020638
-8.435641
-8.859844
-9.293637
-9.737414
-10.191583
-10.656559
-11.132772
-11.620651
-12.120632
-12.633151
-13.158644
-13.697553
-14.250309
-14.817347
-15.399085
-15.995945
-16.608332
-17.236639
-17.881260
-18.542578
-19.220970
-19.916817
-20.630489
-21.362389
-22.112915
-22.882502
-23.671616
-24.480766
-25.310520
-26.161535
-27.034540
-27.930386
-28.850046
-29.794651
-30.765509
-31.764137
-32.792191
-33.850746
-34.938580
-36.050449
-37.176853
-38.314445
-39.483231
-40.698311
-41.969978
-43.306274
-44.714180
-46.200306
-47.770973
-49.431927
-51.187695
-53.040497
-54.988659
-57.024803
-59.134129
-61.293419
-63.471523
-65.631699
-67.735435
-69.746918
-71.636696
-73.383995
-74.977135
-76.412796
-77.694420
-78.830231
-79.831398
-80.710396
-81.479858
-82.151772
-82.737022
-83.245331
-83.685310
-84.064545
-84.389809
-84.667290
-84.902649
-85.101143
-85.267563
-85.406395
-85.521660
-85.616997
-85.695518
-85.760109
-85.813141
-85.856644
-85.892372
-85.921722
-85.945930
-85.965942
-85.982605
-85.996536
-86.008316
-86.018349
-86.026947
-86.034424
-86.041031
-86.046921
-86.052200
-86.056984
-86.061401
-86.065536
-86.069420
-86.073067
-86.076546
-86.079964
-86.083191
-86.086273
-86.089340
-86.092392
-86.095390
-86.098312
-86.101097
-86.103767
-86.106438
-86.109108
-86.111778
-86.114449
-86.117119
-86.119789
-86.122459
-86.125092
-86.127663
-86.130257
-86.132721
-86.135139
-86.137520
-86.139893
-86.142181
-86.144470
-86.146759
-86.149048
-86.151337
-86.153625
-86.155914
-86.158195
-86.160461
-86.162712
-86.164894
-86.166924
-86.168976
-86.170929
-86.172867
-86.174774
-86.176682
-86.178589
-86.180496
-86.182404
-86.184311
-86.186218
-86.188126
-86.190033
-86.191940
-86.193848
-86.195755
-86.197655
-86.199493
-86.201225
-86.202965
-86.204681
-86.206398
-86.208092
-86.209671
-86.211205
-86.212769
-86.214401
-86.215935
-86.217476
-86.219009
-86.220535
-86.222061
-86.223587
-86.225113
-86.226639
-86.228165
-86.229691
-86.230751
-86.224808
-86.090919
-83.564362
-37.759087
16.138823
19.120604
18.597904
16.844608
15.082177
13.699129
12.752795
12.193145
11.943960
11.930454
12.088068
12.364539
12.719411
13.122513
13.552126
13.993097
14.435001
14.870304
15.294033
15.703174
16.095919
16.471167
16.828218
17.166592
17.485939
17.785990
18.066551
18.327536
18.568937
18.790867
18.993538
19.177296
19.342569
19.489923
19.620001
19.733503
19.831215
19.913956
19.982576
20.037939
20.080910
20.112341
20.133078
20.143927
20.145660
20.139021
20.124702
20.103367
20.075611
20.042009
20.003082
19.959318
19.911148
19.858976
19.803173
19.744068
19.681965
19.617130
19.549814
19.480234
19.408588
19.335056
19.259798
19.182951
19.104637
19.024973
18.944061
18.861988
18.778830
18.694651
18.609522
18.523493
18.436602
18.348894
18.260405
18.171164
18.081203
17.990534
17.899181
17.807161
17.714472
17.621143
17.527174
17.432573
17.337337
17.241476
17.144983
17.047865
16.950115
16.851736
16.752716
16.653059
16.552752
16.451786
16.350159
16.247864
16.144896
16.041235
15.936880
15.831816
15.726036
15.619526
15.512278
15.404276
15.295512
15.185971
15.075640
14.964507
14.852559
14.739780
14.626157
14.511674
14.396316
14.280070
14.162920
14.044848
13.925838
13.805876
13.684945
13.563027
13.440106
13.316163
13.191180
13.065138
12.938019
12.809804
12.680475
12.550010
12.418391
12.285598
12.151608
12.016404
11.879962
11.742258
11.603273
11.462984
11.321369
11.178406
11.034067
10.888332
10.741180
10.592575
10.442503
10.290936
10.137844
9.983205
9.826992
9.669180
9.509742
9.348645
9.185866
9.021375
8.855140
8.687136
8.517332
8.345698
8.172204
7.996819
7.819510
7.640248
7.459000
7.275731
7.090412
6.903007
6.713482
6.521806
6.327941
6.131855
5.933507
5.732866
5.529890
5.324543
5.116787
4.906583
4.693891
4.478673
4.260885
4.040487
3.817432
3.591677
3.363174
3.131877
2.897736
2.660702
2.420719
2.177735
1.931691
1.682528
1.430181
1.174583
0.915663
0.653348
0.387557
0.118208
-0.154787
-0.431525
-0.712102
-0.996626
-1.285211
-1.577977
-1.875057
-2.176588
-2.482718
-2.793602
-3.109409
-3.430316
-3.756513
-4.088201
-4.425592
-4.768913
-5.118401
-5.474309
-5.836906
-6.206470
-6.583298
-6.967698
-7.359993
-7.760521
-8.169635
-8.587695
-9.015079
-9.452178
-9.899394
-10.357131
-10.825809
-11.305855
-11.797700
-12.301783
-12.818541
-13.348404
-13.891814
-14.449202
-15.020991
-15.607606
-16.209455
-16.826944
-17.460463
-18.110397
-18.777126
-19.461027
-20.162481
-20.881861
-21.619564
-22.376007
-23.151625
-23.946901
-24.762365
-25.598610
-26.456305
-27.336220
-28.239244
-29.166399
-30.118860
-31.098017
-32.105438
-33.142723
-34.210453
-35.306210
-36.423317
-37.551277
-38.695808
-39.876987
-41.108047
-42.398399
-43.755608
-45.186501
-46.697563
-48.294956
-49.984154
-51.769070
-53.650879
-55.626331
-57.685898
-59.812210
-61.979469
-64.154465
-66.299507
-68.376480
-70.351219
-72.196877
-73.895508
-75.438179
-76.823914
-78.057823
-79.149239
-80.109909
-80.952446
-81.689354
-82.332314
-82.891846
-83.377342
-83.797043
-84.158302
-84.467697
-84.731239
-84.954453
-85.142403
-85.299812
-85.431015
-85.539856
-85.629799
-85.703949
-85.764900
-85.814964
-85.856087
-85.889885
-85.917709
-85.940681
-85.959755
-85.975655
-85.988983
-86.000328
-86.009964
-86.018311
-86.025627
-86.032089
-86.037842
-86.043053
-86.047829
-86.052223
-86.056358
-86.060257
-86.063957
-86.067490
-86.070923
-86.074257
-86.077332
-86.080399
-86.083450
-86.086502
-86.089447
-86.092323
-86.095032
-86.097702
-86.100372
-86.103043
-86.105713
-86.108383
-86.111053
-86.113724
-86.116394
-86.119064
-86.121681
-86.124283
-86.126846
-86.129272
-86.131630
-86.133934
-86.136238
-86.138535
-86.140823
-86.143112
-86.145401
-86.147690
-86.149979
-86.152267
-86.154541
-86.156754
-86.158875
-86.160942
-86.162964
-86.164940
-86.166916
-86.168861
-86.170769
-86.172676
-86.174583
-86.176491
-86.178398
-86.180305
-86.182213
-86.184120
-86.186028
-86.187935
-86.189812
-86.191719
-86.193611
-86.195419
-86.197151
-86.198799
-86.200500
-86.202179
-86.203835
-86.205452
-86.207031
-86.208626
-86.210159
-86.211693
-86.213219
-86.214745
-86.216278
-86.217804
-86.219330
-86.220856
-86.222313
-86.223381
-86.217407
-86.082458
-83.532196
-37.260506
16.170555
19.117722
18.563641
16.800171
15.038146
13.659501
12.718595
12.164145
11.919456
11.909609
12.070076
12.348692
12.705112
13.109285
13.539598
13.980988
14.423092
14.858445
15.282125
15.691146
16.083725
16.458786
16.815632
17.153809
17.472948
17.772789
18.053162
18.313959
18.555187
18.776947
18.979467
19.163071
19.328213
19.475441
19.605400
19.718794
19.816399
19.899038
19.967554
20.022821
20.065691
20.097029
20.117662
20.128410
20.130041
20.123297
20.108871
20.087416
20.059544
20.025822
19.986769
19.942867
19.894562
19.842249
19.786297
19.727037
19.664778
19.599783
19.532301
19.462555
19.390736
19.317024
19.241585
19.164549
19.086046
19.006191
18.925081
18.842806
18.759445
18.675064
18.589722
18.503475
18.416367
18.328440
18.239737
18.150272
18.060074
17.969173
17.877590
17.785328
17.692410
17.598831
17.504618
17.409767
17.314280
17.218164
17.121416
17.024038
16.926027
16.827383
16.728100
16.628170
16.527588
16.426346
16.324442
16.221863
16.118603
16.014654
15.910006
15.804649
15.698573
15.591766
15.484213
15.375906
15.266829
15.156976
15.046329
14.934877
14.822604
14.709497
14.595545
14.480728
14.365032
14.248446
14.130951
14.012528
13.893166
13.772845
13.651549
13.529265
13.405972
13.281654
13.156290
13.029864
12.902354
12.773745
12.644017
12.513149
12.381120
12.247911
12.113503
11.977875
11.841002
11.702863
11.563436
11.422699
11.280633
11.137208
10.992408
10.846204
10.698572
10.549493
10.398931
10.246868
10.093278
9.938134
9.781409
9.623075
9.463108
9.301478
9.138158
8.973119
8.806328
8.637759
8.467384
8.295172
8.121092
7.945112
7.767204
7.587331
7.405466
7.221571
7.035617
6.847569
6.657394
6.465056
6.270523
6.073758
5.874724
5.673386
5.469704
5.263643
5.055164
4.844226
4.630791
4.414816
4.196263
3.975089
3.751249
3.524697
3.295386
3.063267
2.828292
2.590408
2.349564
2.105701
1.858765
1.608693
1.355421
1.098882
0.839002
0.575705
0.308914
0.038541
-0.235504
-0.513314
-0.794992
-1.080647
-1.370392
-1.664353
-1.962662
-2.265460
-2.572896
-2.885130
-3.202332
-3.524684
-3.852376
-4.185615
-4.524616
-4.869610
-5.220838
-5.578554
-5.943029
-6.314548
-6.693409
-7.079924
-7.474420
-7.877236
-8.288729
-8.709267
-9.139224
-9.578999
-10.028987
-10.489602
-10.961267
-11.444407
-11.939451
-12.446836
-12.967000
-13.500377
-14.047402
-14.608504
-15.184105
-15.774622
-16.380461
-17.002024
-17.639696
-18.293858
-18.964895
-19.653179
-20.359079
-21.082985
-21.825296
-22.586424
-23.366823
-24.166973
-24.987432
-25.828800
-26.691784
-27.577166
-28.485874
-29.418970
-30.377680
-31.363428
-32.377842
-33.422386
-34.497055
-35.598392
-36.718544
-37.847794
-38.999081
-40.190899
-41.435200
-42.740765
-44.114880
-45.564255
-47.095295
-48.714031
-50.425610
-52.233376
-54.137577
-56.133537
-58.209930
-60.347305
-62.517887
-64.687111
-66.816780
-68.869492
-70.812714
-72.621735
-74.280861
-75.783371
-77.129868
-78.326714
-79.383965
-80.313652
-81.128426
-81.840645
-82.461708
-83.001869
-83.470192
-83.874741
-84.222610
-84.520233
-84.773491
-84.987793
-85.168098
-85.318985
-85.444672
-85.548927
-85.635109
-85.706146
-85.764603
-85.812645
-85.852135
-85.884636
-85.911423
-85.933586
-85.952011
-85.967430
-85.980392
-85.991440
-86.000847
-86.009056
-86.016251
-86.022614
-86.028305
-86.033485
-86.038246
-86.042679
-86.046791
-86.050713
-86.054451
-86.057938
-86.061378
-86.064774
-86.067986
-86.071045
-86.074089
-86.077141
-86.080193
-86.083115
-86.085915
-86.088615
-86.091301
-86.093971
-86.096642
-86.099312
-86.101982
-86.104652
-86.107323
-86.109993
-86.112663
-86.115303
-86.117805
-86.120331
-86.122833
-86.125305
-86.127625
-86.129944
-86.132263
-86.134552
-86.136841
-86.139130
-86.141418
-86.143684
-86.145973
-86.148254
-86.150536
-86.152779
-86.154938
-86.157005
-86.158936
-86.160851
-86.162788
-86.164696
-86.166603
-86.168510
-86.170418
-86.172325
-86.174232
-86.176140
-86.178047
-86.179955
-86.181862
-86.183769
-86.185677
-86.187531
-86.189232
-86.190948
-86.192665
-86.194344
-86.195999
-86.197639
-86.199211
-86.200790
-86.202385
-86.203972
-86.205528
-86.207054
-86.208580
-86.210106
-86.211632
-86.213158
-86.214684
-86.215813
-86.209808
-86.074150
-83.508766
-36.949741
16.190010
19.110455
18.531637
16.760208
14.998703
13.623811
12.687472
12.137379
11.896453
11.889664
12.052512
12.332912
12.690621
13.095685
13.526574
13.968299
14.410559
14.845942
15.269564
15.678473
16.070911
16.445801
16.802485
17.140478
17.459438
17.759115
18.039318
18.299965
18.541044
18.762672
18.965067
19.148571
19.313614
19.460754
19.590626
19.703945
19.801477
19.884045
19.952486
20.007681
20.050478
20.081741
20.102304
20.112970
20.114523
20.107687
20.093168
20.071617
20.043644
20.009817
19.970654
19.926636
19.878202
19.825756
19.769674
19.710278
19.647869
19.582727
19.515091
19.445183
19.373199
19.299324
19.223709
19.146496
19.067814
18.987774
18.906479
18.824009
18.740450
18.655870
18.570324
18.483870
18.396555
18.308416
18.219496
18.129808
18.039391
17.948269
17.856453
17.763962
17.670811
17.577002
17.482548
17.387455
17.291729
17.195366
17.098370
17.000740
16.902473
16.803568
16.704025
16.603827
16.502981
16.401476
16.299299
16.196449
16.092915
15.988684
15.883754
15.778111
15.671743
15.564640
15.456792
15.348184
15.238806
15.128644
15.017687
14.905921
14.793329
14.679901
14.565620
14.450473
14.334447
14.217522
14.099684
13.980919
13.861206
13.740535
13.618884
13.496237
13.372579
13.247890
13.122152
12.995348
12.867455
12.738459
12.608336
12.477068
12.344636
12.211018
12.076197
11.940147
11.802851
11.664284
11.524423
11.383247
11.240733
11.096858
10.951597
10.804926
10.656826
10.507271
10.356230
10.203677
10.049593
9.893950
9.736716
9.577867
9.417377
9.255219
9.091365
8.925784
8.758446
8.589321
8.418383
8.245597
8.070936
7.894368
7.715864
7.535388
7.352914
7.168403
6.981823
6.793141
6.602321
6.409332
6.214137
6.016701
5.816988
5.614963
5.410586
5.203819
4.994623
4.782961
4.568790
4.352071
4.132762
3.910821
3.686204
3.458863
3.228752
2.995822
2.760022
2.521301
2.279604
2.034876
1.787058
1.536088
1.281901
1.024429
0.763599
0.499333
0.231551
-0.039835
-0.314915
-0.593788
-0.876557
-1.163331
-1.454228
-1.749375
-2.048905
-2.352959
-2.661692
-2.975267
-3.293857
-3.617643
-3.946823
-4.281604
-4.622205
-4.968858
-5.321810
-5.681322
-6.047663
-6.421122
-6.802000
-7.190614
-7.587293
-7.992380
-8.406236
-8.829226
-9.261735
-9.704160
-10.156899
-10.620370
-11.094988
-11.581186
-12.079391
-12.590045
-13.113575
-13.650420
-14.201010
-14.765773
-15.345131
-15.939494
-16.549267
-17.174843
-17.816605
-18.474939
-19.150215
-19.842808
-20.553095
-21.281458
-22.028294
-22.794035
-23.579138
-24.384096
-25.209475
-26.055904
-26.924103
-27.814896
-28.729235
-29.668224
-30.633129
-31.625433
-32.646774
-33.698421
-34.779633
-35.885784
-37.007915
-38.139221
-39.298130
-40.501003
-41.758724
-43.079552
-44.470547
-45.938313
-47.489185
-49.129017
-50.862595
-52.692646
-54.618370
-56.633636
-58.725243
-60.871716
-63.043472
-65.204765
-67.317268
-69.344467
-71.255531
-73.027931
-74.648254
-76.111626
-77.420250
-78.581505
-79.606064
-80.506210
-81.294586
-81.983330
-82.583588
-83.105324
-83.557350
-83.947449
-84.282570
-84.569031
-84.812531
-85.018379
-85.191467
-85.336227
-85.456749
-85.556709
-85.639343
-85.707466
-85.763550
-85.809685
-85.847656
-85.878944
-85.904778
-85.926201
-85.944046
-85.959000
-85.971611
-85.982353
-85.991608
-85.999664
-86.006737
-86.013046
-86.018715
-86.023880
-86.028625
-86.033012
-86.037186
-86.041092
-86.044876
-86.048424
-86.051857
-86.055283
-86.058617
-86.061699
-86.064758
-86.067810
-86.070854
-86.073906
-86.076813
-86.079681
-86.082443
-86.085114
-86.087784
-86.090454
-86.093124
-86.095795
-86.098465
-86.101135
-86.103806
-86.106476
-86.109146
-86.111778
-86.114334
-86.116791
-86.119225
-86.121574
-86.123886
-86.126175
-86.128464
-86.130753
-86.133041
-86.135330
-86.137619
-86.139908
-86.142166
-86.144424
-86.146584
-86.148621
-86.150589
-86.152534
-86.154480
-86.156387
-86.158295
-86.160202
-86.162102
-86.164009
-86.165916
-86.167824
-86.169731
-86.171638
-86.173546
-86.175453
-86.177361
-86.179268
-86.181160
-86.183044
-86.184784
-86.186501
-86.188217
-86.189903
-86.191467
-86.193008
-86.194565
-86.196098
-86.197624
-86.199150
-86.200676
-86.202202
-86.203728
-86.205254
-86.206779
-86.207932
-86.201958
-86.065605
-83.485321
-36.634808
16.208025
19.102264
18.500444
16.722006
14.961423
13.590384
12.658565
12.112717
11.875413
11.871547
12.036655
12.318748
12.677670
13.083570
13.515004
13.957048
14.399462
14.834879
15.258456
15.667269
16.059578
16.434324
16.790842
17.128670
17.447474
17.746986
18.027044
18.287548
18.528500
18.750010
18.952291
19.135689
19.300646
19.447701
19.577492
19.690722
19.788183
19.870680
19.939058
19.994179
20.036909
20.068096
20.088581
20.099169
20.100636
20.093718
20.079105
20.057463
20.029387
19.995447
19.956179
19.912046
19.863501
19.810928
19.754711
19.695183
19.632633
19.567348
19.499565
19.429504
19.357368
19.283327
19.207552
19.130169
19.051311
18.971096
18.889618
18.806969
18.723225
18.638456
18.552719
18.466072
18.378555
18.290216
18.201088
18.111198
18.020575
17.929247
17.837214
17.744501
17.651131
17.557098
17.462420
17.367098
17.271139
17.174540
17.077311
16.979441
16.880934
16.781786
16.681993
16.581551
16.480450
16.378689
16.276249
16.173138
16.069334
15.964835
15.859636
15.753720
15.647079
15.539701
15.431569
15.322680
15.213014
15.102564
14.991312
14.879245
14.766354
14.652620
14.538033
14.422574
14.306232
14.188990
14.070831
13.951736
13.831696
13.710689
13.588698
13.465709
13.341703
13.216664
13.090572
12.963409
12.835155
12.705791
12.575295
12.443652
12.310839
12.176834
12.041620
11.905177
11.767480
11.628508
11.488235
11.346643
11.203708
11.059406
10.913710
10.766601
10.618053
10.468045
10.316549
10.163535
10.008982
9.852861
9.695147
9.535811
9.374827
9.212169
9.047807
8.881711
8.713855
8.544205
8.372732
8.199407
8.024198
7.847075
7.668007
7.486963
7.303910
7.118814
6.931642
6.742360
6.550931
6.357324
6.161501
5.963429
5.763074
5.560397
5.355360
5.147925
4.938054
4.725704
4.510838
4.293412
4.073387
3.850717
3.625360
3.397271
3.166400
2.932700
2.696120
2.456606
2.214103
1.968555
1.719901
1.468079
1.213024
0.954668
0.692937
0.427752
0.159031
-0.113314
-0.389377
-0.669257
-0.953059
-1.240895
-1.532885
-1.829155
-2.129841
-2.435088
-2.745051
-3.059896
-3.379797
-3.704942
-4.035530
-4.371768
-4.713883
-5.062109
-5.416696
-5.777906
-6.146014
-6.521312
-6.904102
-7.294705
-7.693452
-8.100692
-8.516782
-8.942093
-9.377016
-9.821945
-10.277285
-10.743449
-11.220861
-11.709949
-12.211141
-12.724872
-13.251577
-13.791691
-14.345641
-14.913853
-15.496738
-16.094715
-16.708179
-17.337523
-17.983126
-18.645361
-19.324610
-20.021244
-20.735636
-21.468172
-22.219257
-22.989325
-23.778830
-24.588295
-25.418299
-26.269480
-27.142584
-28.038460
-28.958099
-29.902639
-30.873390
-31.871889
-32.899765
-33.957973
-35.044971
-36.155071
-37.278107
-38.412987
-39.579990
-40.793812
-42.064491
-43.399918
-44.806988
-46.292221
-47.861855
-49.521538
-51.275703
-53.126389
-55.071735
-57.104168
-59.208679
-61.361927
-63.532734
-65.684464
-67.778885
-69.780540
-71.660362
-73.397873
-74.981674
-76.408638
-77.682289
-78.810913
-79.805618
-80.678886
-81.443253
-82.110680
-82.692070
-83.197098
-83.634346
-84.011383
-84.335007
-84.611374
-84.846130
-85.044411
-85.211014
-85.350304
-85.466232
-85.562363
-85.641823
-85.707375
-85.761360
-85.805832
-85.842453
-85.872665
-85.897652
-85.918411
-85.935730
-85.950272
-85.962585
-85.973091
-85.982178
-85.990120
-85.997124
-86.003372
-86.009003
-86.014160
-86.018921
-86.023369
-86.027550
-86.031433
-86.035248
-86.038879
-86.042313
-86.045746
-86.049126
-86.052376
-86.055428
-86.058479
-86.061531
-86.064568
-86.067574
-86.070503
-86.073357
-86.076134
-86.078880
-86.081589
-86.084274
-86.086952
-86.089622
-86.092293
-86.094963
-86.097633
-86.100296
-86.102966
-86.105621
-86.108147
-86.110664
-86.113144
-86.115486
-86.117775
-86.120064
-86.122353
-86.124641
-86.126930
-86.129219
-86.131508
-86.133797
-86.136047
-86.138306
-86.140434
-86.142441
-86.144394
-86.146339
-86.148285
-86.150230
-86.152138
-86.154045
-86.155952
-86.157860
-86.159775
-86.161682
-86.163589
-86.165497
-86.167404
-86.169312
-86.171219
-86.173119
-86.175011
-86.176888
-86.178642
-86.180405
-86.182129
-86.183815
-86.185394
-86.187027
-86.188599
-86.190193
-86.191772
-86.193298
-86.194824
-86.196350
-86.197876
-86.199402
-86.200478
-86.194458
-86.057510
-83.464355
-36.367012
16.222084
19.093904
18.471474
16.687027
14.927505
13.560050
12.632347
12.090345
11.856316
11.855089
12.022238
12.305845
12.665858
13.072508
13.504428
13.946759
14.389305
14.824751
15.248287
15.657011
16.049200
16.423807
16.780180
17.117865
17.436518
17.735899
18.015818
18.276192
18.517023
18.738415
18.940601
19.123903
19.288763
19.435736
19.565454
19.678617
19.776007
19.858435
19.926743
19.981796
20.024454
20.055574
20.075983
20.086496
20.087881
20.080879
20.066181
20.044443
20.016273
19.982241
19.942858
19.898615
19.849947
19.797260
19.740923
19.681263
19.618584
19.553160
19.485239
19.415031
19.342743
19.268557
19.192619
19.115078
19.036062
18.955681
18.874031
18.791208
18.707287
18.622337
18.536419
18.449585
18.361887
18.273350
18.184034
18.093952
18.003126
17.911589
17.819355
17.726446
17.632864
17.538618
17.443727
17.348190
17.252014
17.155197
17.057739
16.959644
16.860910
16.761534
16.661507
16.560829
16.459488
16.357485
16.254805
16.151447
16.047398
15.942648
15.837192
15.731013
15.624109
15.516464
15.408068
15.298905
15.188968
15.078237
14.966707
14.854362
14.741180
14.627158
14.512277
14.396526
14.279882
14.162337
14.043873
13.924470
13.804115
13.682793
13.560481
13.437167
13.312831
13.187456
13.061026
12.933520
12.804920
12.675205
12.544356
12.412354
12.279175
12.144801
12.009212
11.872390
11.734307
11.594946
11.454281
11.312293
11.168954
11.024243
10.878135
10.730608
10.581637
10.431193
10.279264
10.125812
9.970813
9.814241
9.656068
9.496268
9.334814
9.171677
9.006828
8.840242
8.671888
8.501735
8.329753
8.155910
7.980177
7.802523
7.622915
7.441323
7.257716
7.072060
6.884321
6.694463
6.502453
6.308255
6.111835
5.913159
5.712188
5.508887
5.303219
5.095146
4.884627
4.671623
4.456092
4.237993
4.017283
3.793922
3.567862
3.339059
3.107465
2.873030
2.635704
2.395431
2.152157
1.905823
1.656370
1.403735
1.147851
0.888649
0.626054
0.359989
0.090367
-0.182897
-0.459902
-0.740746
-1.025537
-1.314389
-1.607424
-1.904769
-2.206564
-2.512954
-2.824096
-3.140159
-3.461321
-3.787770
-4.119708
-4.457347
-4.800915
-5.150650
-5.506802
-5.869638
-6.239439
-6.616497
-7.001119
-7.393627
-7.794355
-8.203654
-8.621886
-9.049424
-9.486658
-9.933981
-10.391808
-10.860545
-11.340622
-11.832463
-12.336502
-12.853172
-13.382905
-13.926132
-14.483279
-15.054771
-15.641019
-16.242432
-16.859400
-17.492317
-18.141560
-18.807508
-19.490526
-20.190987
-20.909271
-21.645765
-22.400873
-23.175037
-23.968729
-24.782476
-25.616859
-26.472557
-27.350328
-28.251047
-29.175735
-30.125565
-31.101900
-32.106308
-33.140385
-34.204697
-35.296856
-36.410095
-37.533733
-38.673260
-39.848682
-41.073360
-42.356674
-43.706200
-45.128723
-46.630692
-48.218243
-49.896832
-51.670448
-53.540447
-55.503883
-57.551708
-59.667194
-61.825249
-63.993320
-66.134125
-68.209747
-70.185860
-72.035172
-73.739189
-75.288353
-76.681122
-77.922180
-79.020500
-79.987602
-80.836052
-81.578316
-82.226135
-82.790138
-83.279808
-83.703468
-84.068535
-84.381638
-84.648773
-84.875473
-85.066864
-85.227570
-85.361870
-85.473648
-85.566330
-85.642975
-85.706207
-85.758331
-85.801277
-85.836700
-85.865982
-85.890259
-85.910446
-85.927307
-85.941536
-85.953568
-85.963905
-85.972847
-85.980682
-85.987617
-85.993828
-85.999466
-86.004608
-86.009346
-86.013771
-86.017982
-86.021935
-86.025749
-86.029434
-86.032913
-86.036354
-86.039757
-86.043098
-86.046196
-86.049248
-86.052299
-86.055351
-86.058395
-86.061440
-86.064407
-86.067314
-86.070107
-86.072792
-86.075462
-86.078133
-86.080803
-86.083473
-86.086143
-86.088814
-86.091484
-86.094154
-86.096825
-86.099495
-86.102127
-86.104576
-86.106941
-86.109299
-86.111595
-86.113884
-86.116173
-86.118462
-86.120750
-86.123039
-86.125328
-86.127617
-86.129898
-86.132164
-86.134254
-86.136337
-86.138390
-86.140388
-86.142311
-86.144218
-86.146126
-86.148033
-86.149948
-86.151855
-86.153763
-86.155670
-86.157578
-86.159485
-86.161392
-86.163300
-86.165207
-86.167099
-86.168945
-86.170784
-86.172531
-86.174271
-86.175972
-86.177666
-86.179321
-86.180977
-86.182526
-86.184052
