-86.199997
-86.550117
-86.545090
-86.542336
-86.540482
-86.539055
-86.537018
-86.506310
-85.565376
-57.671028
20.304607
21.890448
20.575972
18.487785
16.637278
15.278684
14.403078
13.930568
13.770990
13.842561
14.077237
14.421428
14.834784
15.288142
15.761209
16.240292
16.716257
17.182362
17.633930
18.068058
18.482857
18.877018
19.249557
19.599707
19.926880
20.230665
20.510834
20.767366
21.000444
21.210457
21.397980
21.563761
21.708696
21.833803
21.940184
22.029003
22.101450
22.158730
22.202034
22.232519
22.251305
22.259453
22.257961
22.247776
22.229761
22.204721
22.173386
22.136425
22.094448
22.048004
21.997578
21.943613
21.886509
21.826618
21.764250
21.699690
21.633183
21.564947
21.495171
21.424025
21.351648
21.278191
21.203751
21.128429
21.052317
20.975491
20.898014
20.819946
20.741316
20.662189
20.582588
20.502554
20.422102
20.341259
20.260038
20.178457
20.096527
20.014259
19.931664
19.848736
19.765484
19.681913
19.598015
19.513800
19.429260
19.344391
19.259195
19.173666
19.087795
19.001587
18.915028
18.828112
18.740835
18.653193
18.565168
18.476761
18.387957
18.298759
18.209152
18.119129
18.028679
17.937799
17.846472
17.754688
17.662451
17.569735
17.476540
17.382847
17.288647
17.193935
17.098705
17.002935
16.906618
16.809750
16.712309
16.614288
16.515686
16.416471
16.316639
16.216183
16.115084
16.013330
15.910912
15.807822
15.704036
15.599545
15.494333
15.388388
15.281694
15.174236
15.066003
14.956976
14.847144
14.736489
14.624994
14.512644
14.399421
14.285309
14.170289
14.054346
13.937464
13.819624
13.700809
13.581000
13.460174
13.338314
13.215402
13.091414
12.966331
12.840134
12.712802
12.584314
12.454647
12.323777
12.191685
12.058344
11.923728
11.787816
11.650584
11.512007
11.372059
11.230715
11.087948
10.943730
10.798033
10.650829
10.502090
10.351784
10.199883
10.046363
9.891191
9.734324
9.575744
9.415413
9.253297
9.089362
8.923573
8.755896
8.586294
8.414731
8.241171
8.065577
7.887907
7.708121
7.526181
7.342045
7.155670
6.967015
6.776034
6.582686
6.386926
6.188707
5.987981
5.784698
5.578808
5.370262
5.159005
4.944987
4.728150
4.508437
4.285791
4.060154
3.831465
3.599659
3.364670
3.126427
2.884860
2.639893
2.391449
2.139446
1.883799
1.624418
1.361208
1.094071
0.822902
0.547590
0.268018
-0.015941
-0.304420
-0.597560
-0.895514
-1.198440
-1.506512
-1.819910
-2.138828
-2.463474
-2.794071
-3.130849
-3.474055
-3.823957
-4.180839
-4.544999
-4.916751
-5.296434
-5.684396
-6.081008
-6.486662
-6.901763
-7.326741
-7.762040
-8.208123
-8.665467
-9.134571
-9.615934
-10.110087
-10.617554
-11.138878
-11.674597
-12.225261
-12.791413
-13.373593
-13.972339
-14.588168
-15.221594
-15.873118
-16.543213
-17.232355
-17.940985
-18.669544
-19.418457
-20.188141
-20.979015
-21.791502
-22.626043
-23.483122
-24.363224
-25.266918
-26.194828
-27.147673
-28.126253
-29.131395
-30.163717
-31.223278
-32.309364
-33.420658
-34.555531
-35.712566
-36.890842
-38.091721
-39.326519
-40.605858
-41.936573
-43.323910
-44.771904
-46.283779
-47.861946
-49.507721
-51.220818
-52.998867
-54.836689
-56.725754
-58.653809
-60.604862
-62.559628
-64.496468
-66.392845
-68.226799
-69.978752
-71.632469
-73.176147
-74.602478
-75.908569
-77.095367
-78.166779
-79.129036
-79.989685
-80.757034
-81.439476
-82.045158
-82.581726
-83.056160
-83.474785
-83.843239
-84.166634
-84.449570
-84.696220
-84.910355
-85.095535
-85.254982
-85.391716
-85.508469
-85.607780
-85.691978
-85.763092
-85.823074
-85.873520
-85.915894
-85.951492
-85.981369
-86.006462
-86.027588
-86.045425
-86.060539
-86.073410
-86.084427
-86.093925
-86.102188
-86.109428
-86.115799
-86.121475
-86.126656
-86.131393
-86.135735
-86.139778
-86.143532
-86.147064
-86.150513
-86.153770
-86.156876
-86.159927
-86.162941
-86.165833
-86.168724
-86.171585
-86.174362
-86.177147
-86.179871
-86.182594
-86.185318
-86.187988
-86.190598
-86.193207
-86.195839
-86.198380
-86.200912
-86.203453
-86.206070
-86.208641
-86.211136
-86.213722
-86.216293
-86.218727
-86.221260
-86.223770
-86.226212
-86.228622
-86.231071
-86.233459
-86.235825
-86.238152
-86.240501
-86.242790
-86.245102
-86.247429
-86.249741
-86.252022
-86.254318
-86.256607
-86.258904
-86.261139
-86.263382
-86.265663
-86.267838
-86.270020
-86.272232
-86.274384
-86.276207
-86.273857
-86.210144
-85.198082
-69.448799
10.285739
16.658503
18.104324
17.255117
15.743853
14.323404
13.233467
12.504786
12.094944
11.941987
11.984748
12.170066
12.454722
12.805127
13.196114
13.609426
14.032064
14.454350
14.869436
15.272963
15.662181
16.035362
16.391399
16.729553
17.049311
17.350315
17.632311
17.895151
18.138800
18.363306
18.568855
18.755724
18.924307
19.075094
19.208673
19.325710
19.426922
19.513100
19.585037
19.643574
19.689547
19.723791
19.747126
19.760351
19.764240
19.759527
19.746910
19.727049
19.700556
19.668013
19.629942
19.586849
19.539179
19.487354
19.431744
19.372700
19.310535
19.245533
19.177950
19.108017
19.035944
18.961920
18.886110
18.808666
18.729723
18.649397
18.567799
18.485018
18.401140
18.316246
18.230392
18.143644
18.056044
17.967644
17.878473
17.788570
17.697968
17.606680
17.514740
17.422153
17.328928
17.235085
17.140644
17.045595
16.949957
16.853725
16.756897
16.659466
16.561455
16.462843
16.363636
16.263813
16.163382
16.062328
15.960654
15.858348
15.755393
15.651788
15.547520
15.442579
15.336950
15.230628
15.123595
15.015841
14.907354
14.798120
14.688125
14.577356
14.465798
14.353435
14.240251
14.126231
14.011358
13.895617
13.778992
13.661469
13.543026
13.423645
13.303312
13.182005
13.059706
12.936395
12.812051
12.686660
12.560198
12.432645
12.303981
12.174182
12.043227
11.911095
11.777761
11.643206
11.507401
11.370330
11.231965
11.092282
10.951256
10.808858
10.665066
10.519851
10.373185
10.225044
10.075400
9.924225
9.771488
9.617165
9.461213
9.303616
9.144337
8.983342
8.820605
8.656091
8.489770
8.321605
8.151563
7.979607
7.805703
7.629815
7.451907
7.271943
7.089885
6.905695
6.719334
6.530760
6.339934
6.146813
5.951356
5.753520
5.553262
5.350537
5.145301
4.937506
4.727105
4.514050
4.298290
4.079773
3.858447
3.634255
3.407143
3.177054
2.943930
2.707707
2.468322
2.225704
1.979786
1.730495
1.477754
1.221483
0.961599
0.698012
0.430632
0.159358
-0.115913
-0.395292
-0.678897
-0.966854
-1.259295
-1.556362
-1.858205
-2.164984
-2.476867
-2.794035
-3.116679
-3.445004
-3.779227
-4.119577
-4.466301
-4.819660
-5.179927
-5.547393
-5.922365
-6.305164
-6.696132
-7.095622
-7.504009
-7.921683
-8.349049
-8.786530
-9.234569
-9.693612
-10.164134
-10.646605
-11.141522
-11.649380
-12.170687
-12.705954
-13.255694
-13.820425
-14.400655
-14.996890
-15.609633
-16.239372
-16.886591
-17.551756
-18.235319
-18.937748
-19.659454
-20.400885
-21.162466
-21.944632
-22.747824
-23.572517
-24.419189
-25.288389
-26.180698
-27.096777
-28.037355
-29.003275
-29.995493
-31.015108
-32.063389
-33.141663
-34.250416
-35.387012
-36.544258
-37.712082
-38.897404
-40.116795
-41.380875
-42.696896
-44.070301
-45.505737
-47.007324
-48.578674
-50.222725
-51.941254
-53.734207
-55.598751
-57.528339
-59.511665
-61.532017
-63.567326
-65.591110
-67.574371
-69.488174
-71.306351
-73.007812
-74.577843
-76.008614
-77.298462
-78.450958
-79.473473
-80.375732
-81.168694
-81.863396
-82.470467
-82.999702
-83.459900
-83.858826
-84.203499
-84.500069
-84.754158
-84.970757
-85.154541
-85.309738
-85.440193
-85.549423
-85.640556
-85.716400
-85.779373
-85.831558
-85.874855
-85.910751
-85.940598
-85.965446
-85.986206
-86.003624
-86.018341
-86.030891
-86.041611
-86.050888
-86.059059
-86.066216
-86.072571
-86.078377
-86.083664
-86.088531
-86.093056
-86.097298
-86.101357
-86.105232
-86.108963
-86.112473
-86.115959
-86.119339
-86.122650
-86.125923
-86.129158
-86.132263
-86.135414
-86.138512
-86.141594
-86.144623
-86.147614
-86.150604
-86.153641
-86.156609
-86.159515
-86.162430
-86.165367
-86.168221
-86.171059
-86.173874
-86.176781
-86.179550
-86.182289
-86.185059
-86.187744
-86.190414
-86.193153
-86.195877
-86.198570
-86.201241
-86.203850
-86.206497
-86.209152
-86.211769
-86.214371
-86.216934
-86.219498
-86.222015
-86.224495
-86.227005
-86.229431
-86.231903
-86.234322
-86.236717
-86.239143
-86.241524
-86.243942
-86.246323
-86.248650
-86.250938
-86.253281
-86.255638
-86.258011
-86.260292
-86.262497
-86.264717
-86.266922
-86.269127
-86.271294
-86.273369
-86.275482
-86.277542
-86.279602
-86.281677
-86.283691
-86.285675
-86.287674
-86.289742
-86.291725
-86.293663
-86.295563
-86.297432
-86.298874
-86.292625
-86.138077
-83.112480
-27.727154
16.369997
18.980240
18.463457
16.838686
15.203089
13.915815
13.035747
12.520131
12.299230
12.303065
12.470545
12.751922
13.108561
13.511610
13.940253
14.379910
14.820336
15.253952
15.675835
16.082952
16.473431
16.846088
17.200129
17.534990
17.850254
18.145613
18.420881
18.675964
18.910898
19.125837
19.321070
19.497004
19.654169
19.793188
19.914795
20.019775
20.108986
20.183306
20.243645
20.290918
20.326046
20.349913
20.363384
20.367292
20.362431
20.349550
20.329346
20.302477
20.269547
20.231117
20.187708
20.139791
20.087801
20.032118
19.973103
19.911081
19.846336
19.779135
19.709702
19.638252
19.564976
19.490038
19.413591
19.335764
19.256672
19.176420
19.095104
19.012796
18.929583
18.845509
18.760647
18.675034
18.588715
18.501726
18.414097
18.325842
18.237011
18.147608
18.057638
17.967133
17.876087
17.784519
17.692427
17.599823
17.506701
17.413069
17.318913
17.224243
17.129057
17.033346
16.937111
16.840338
16.743025
16.645159
16.546741
16.447754
16.348202
16.248062
16.147333
16.045996
15.944050
15.841483
15.738276
15.634418
15.529900
15.424706
15.318830
15.212252
15.104960
14.996943
14.888181
14.778663
14.668374
14.557297
14.445418
14.332723
14.219195
14.104819
13.989576
13.873449
13.756421
13.638473
13.519588
13.399748
13.278937
13.157135
13.034320
12.910478
12.785583
12.659615
12.532557
12.404385
12.275076
12.144614
12.012973
11.880134
11.746069
11.610757
11.474174
11.336295
11.197095
11.056550
10.914632
10.771318
10.626583
10.480395
10.332734
10.183560
10.032854
9.880585
9.726719
9.571231
9.414094
9.255270
9.094733
8.932446
8.768379
8.602495
8.434763
8.265148
8.093613
7.920125
7.744649
7.567147
7.387581
7.205913
7.022102
6.836111
6.647897
6.457419
6.264636
6.069507
5.871987
5.672033
5.469598
5.264637
5.057099
4.846939
4.634102
4.418540
4.200199
3.979029
3.754974
3.527976
3.297975
3.064910
2.828718
2.589334
2.346688
2.100709
1.851323
1.598452
1.342017
1.081930
0.818100
0.550430
0.278822
0.003168
-0.276648
-0.560745
-0.849250
-1.142299
-1.440037
-1.742615
-2.050197
-2.362956
-2.681076
-3.004755
-3.334202
-3.669640
-4.011306
-4.359452
-4.714344
-5.076260
-5.445498
-5.822375
-6.207220
-6.600378
-7.002216
-7.413114
-7.833472
-8.263707
-8.704256
-9.155558
-9.618076
-10.092289
-10.578684
-11.077761
-11.590021
-12.115983
-12.656158
-13.211070
-13.781225
-14.367144
-14.969325
-15.588273
-16.224468
-16.878393
-17.550512
-18.241264
-18.951094
-19.680437
-20.429716
-21.199354
-21.989780
-22.801445
-23.634817
-24.490381
-25.368696
-26.270363
-27.196051
-28.146534
-29.122673
-30.125475
-31.156069
-32.215538
-33.304085
-34.420105
-35.559662
-36.717354
-37.888958
-39.085133
-40.319717
-41.601646
-42.937199
-44.331299
-45.788162
-47.311462
-48.904247
-50.568596
-52.305145
-54.112301
-55.985416
-57.915886
-59.890518
-61.891216
-63.895470
-65.877609
-67.810730
-69.668976
-71.429794
-73.075523
-74.594337
-75.980370
-77.233055
-78.356194
-79.356758
-80.243721
-81.027046
-81.716774
-82.322723
-82.853867
-83.318382
-83.723541
-84.075851
-84.381119
-84.644577
-84.870956
-85.064583
-85.229446
-85.369202
-85.487160
-85.586365
-85.669495
-85.739006
-85.796967
-85.845261
-85.885513
-85.919037
-85.947006
-85.970390
-85.989998
-86.006577
-86.020592
-86.032585
-86.042877
-86.051811
-86.059669
-86.066559
-86.072777
-86.078392
-86.083549
-86.088318
-86.092720
-86.096863
-86.100731
-86.104485
-86.108047
-86.111534
-86.114975
-86.118279
-86.121544
-86.124763
-86.127907
-86.131035
-86.134109
-86.137138
-86.140129
-86.143066
-86.146027
-86.148872
-86.151749
-86.154602
-86.157448
-86.160324
-86.163116
-86.165955
-86.168709
-86.171494
-86.174240
-86.176926
-86.179604
-86.182312
-86.185043
-86.187683
-86.190399
-86.193092
-86.195724
-86.198349
-86.200951
-86.203468
-86.206017
-86.208603
-86.211174
-86.213722
-86.216187
-86.218597
-86.221008
-86.223495
-86.225960
-86.228363
-86.230713
-86.233070
-86.235390
-86.237640
-86.240051
-86.242462
-86.244751
-86.247040
-86.249283
-86.251526
-86.253815
-86.256035
-86.258278
-86.260490
-86.262657
-86.264839
-86.266945
-86.268974
-86.271080
-86.273140
-86.275169
-86.277161
-86.279152
-86.281128
-86.282738
-86.277496
-86.149040
-83.740341
-40.538593
15.467586
18.638287
18.425924
16.897421
15.262539
13.942443
13.021999
12.468261
12.214762
12.192183
12.339046
12.604805
12.949923
13.344658
13.767416
14.202980
14.640661
15.072540
15.493395
15.899987
16.290325
16.663143
17.017618
17.353168
17.669373
17.965919
18.242609
18.499346
18.736134
18.953123
19.150560
19.328827
19.488424
19.629950
19.754087
19.861607
19.953333
20.030121
20.092867
20.142462
20.179802
20.205770
20.221218
20.226980
20.223837
20.212536
20.193779
20.168226
20.136488
20.099121
20.056654
20.009563
19.958284
19.903208
19.844704
19.783092
19.718676
19.651714
19.582449
19.511091
19.437834
19.362850
19.286301
19.208311
19.129013
19.048504
18.966881
18.884232
18.800627
18.716133
18.630810
18.544708
18.457867
18.370319
18.282106
18.193256
18.103796
18.013733
17.923088
17.831881
17.740116
17.647804
17.554951
17.461571
17.367651
17.273195
17.178211
17.082689
16.986631
16.890036
16.792896
16.695204
16.596952
16.498133
16.398746
16.298775
16.198214
16.097057
15.995285
15.892898
15.789885
15.686223
15.581908
15.476930
15.371266
15.264914
15.157856
15.050080
14.941573
14.832319
14.722303
14.611513
14.499930
14.387543
14.274329
14.160280
14.045375
13.929600
13.812937
13.695368
13.576877
13.457443
13.337049
13.215673
13.093302
12.969913
12.845489
12.720009
12.593452
12.465799
12.337027
12.207111
12.076035
11.943771
11.810301
11.675600
11.539647
11.402415
11.263881
11.124019
10.982802
10.840209
10.696209
10.550776
10.403887
10.255512
10.105623
9.954194
9.801192
9.646582
9.490346
9.332445
9.172849
9.011529
8.848454
8.683588
8.516899
8.348352
8.177912
8.005543
7.831210
7.654877
7.476507
7.296064
7.113510
6.928803
6.741905
6.552775
6.361372
6.167650
5.971570
5.773087
5.572159
5.368740
5.162783
4.954239
4.743062
4.529200
4.312599
4.093210
3.870977
3.645844
3.417755
3.186653
2.952474
2.715155
2.474629
2.230827
1.983678
1.733105
1.479031
1.221371
0.960041
0.694949
0.426000
0.153091
-0.123887
-0.405050
-0.690517
-0.980419
-1.274894
-1.574089
-1.878158
-2.187266
-2.501590
-2.821315
-3.146642
-3.477781
-3.814958
-4.158411
-4.508395
-4.865180
-5.229048
-5.600306
-5.979262
-6.366255
-6.761633
-7.165764
-7.579034
-8.001841
-8.434604
-8.877755
-9.331745
-9.797041
-10.274117
-10.763454
-11.265556
-11.780928
-12.310081
-12.853535
-13.411798
-13.985384
-14.574807
-15.180566
-15.803152
-16.443052
-17.100740
-17.776674
-18.471300
-19.185053
-19.918362
-20.671656
-21.445353
-22.239887
-23.055714
-23.893303
-24.753166
-25.635855
-26.541996
-27.472267
-28.427464
-29.408484
-30.416359
-31.452250
-32.517303
-33.611744
-34.733620
-35.878231
-37.039055
-38.213066
-39.415146
-40.657661
-41.948944
-43.295017
-44.700661
-46.170010
-47.706696
-49.313702
-50.993034
-52.745079
-54.567905
-56.456295
-58.400879
-60.387478
-62.396900
-64.405518
-66.386673
-68.312904
-70.158241
-71.900497
-73.522858
-75.014595
-76.371040
-77.592880
-78.684952
-79.655144
-80.512993
-81.268806
-81.932899
-82.515068
-83.024200
-83.468445
-83.854950
-84.190102
-84.479652
-84.728760
-84.942123
-85.124039
-85.278412
-85.408882
-85.518715
-85.610794
-85.687805
-85.752052
-85.805611
-85.850182
-85.887291
-85.918228
-85.944054
-85.965683
-85.983910
-85.999260
-86.012383
-86.023598
-86.033272
-86.041733
-86.049149
-86.055710
-86.061661
-86.067116
-86.072128
-86.076767
-86.081093
-86.085152
-86.089027
-86.092735
-86.096298
-86.099792
-86.103218
-86.106560
-86.109756
-86.112930
-86.116089
-86.119217
-86.122314
-86.125366
-86.128418
-86.131401
-86.134392
-86.137306
-86.140205
-86.143089
-86.146095
-86.149025
-86.151878
-86.154770
-86.157623
-86.160423
-86.163193
-86.165924
-86.168655
-86.171333
-86.174065
-86.176781
-86.179420
-86.182091
-86.184799
-86.187431
-86.190041
-86.192726
-86.195335
-86.197876
-86.200470
-86.202972
-86.205498
-86.208000
-86.210426
-86.212921
-86.215340
-86.217720
-86.220100
-86.222481
-86.224838
-86.227219
-86.229546
-86.231850
-86.234161
-86.236412
-86.238754
-86.241081
-86.243294
-86.245499
-86.247681
-86.249855
-86.252014
-86.254227
-86.256393
-86.258492
-86.260582
-86.262650
-86.264664
-86.266731
-86.268707
-86.270676
-86.272583
-86.274109
-86.268600
-86.133629
-83.576622
-37.406330
15.698341
18.710142
18.397942
16.837175
15.202588
13.894586
12.989031
12.449433
12.208084
12.195383
12.349968
12.621575
12.970998
13.368810
13.793707
14.230707
14.669299
15.101716
15.522846
15.929543
16.319859
16.692568
17.046864
17.382174
17.698086
17.994297
18.270609
18.526922
18.763252
18.979744
19.176664
19.354385
19.513420
19.654364
19.777925
19.884857
19.975996
20.052206
20.114386
20.163429
20.200237
20.225689
20.240643
20.245926
20.242331
20.230600
20.211433
20.185497
20.153387
20.115677
20.072882
20.025480
19.973904
19.918550
19.859783
19.797930
19.733280
19.666098
19.596628
19.525074
19.451633
19.376476
19.299761
19.221613
19.142162
19.061510
18.979753
18.896975
18.813244
18.728636
18.643194
18.556984
18.470034
18.382389
18.294083
18.205132
18.115574
18.025425
17.934700
17.843409
17.751572
17.659178
17.566248
17.472784
17.378794
17.284267
17.189211
17.093626
16.997505
16.900843
16.803642
16.705891
16.607578
16.508703
16.409254
16.309225
16.208616
16.107401
16.005587
15.903148
15.800082
15.696376
15.592013
15.486987
15.381281
15.274884
15.167784
15.059965
14.951418
14.842127
14.732076
14.621249
14.509633
14.397211
14.283966
14.169886
14.054953
13.939148
13.822454
13.704861
13.586344
13.466888
13.346473
13.225079
13.102687
12.979281
12.854841
12.729345
12.602774
12.475109
12.346326
12.216403
12.085320
11.953051
11.819575
11.684871
11.548914
11.411684
11.273152
11.133295
10.992087
10.849502
10.705510
10.560091
10.413212
10.264853
10.114980
9.963566
9.810584
9.656001
9.499789
9.341916
9.182352
9.021061
8.858015
8.693183
8.526531
8.358023
8.187624
8.015299
7.841013
7.664727
7.486407
7.306016
7.123514
6.938864
6.752025
6.562955
6.371615
6.177961
5.981951
5.783539
5.582683
5.379338
5.173458
4.964994
4.753899
4.540123
4.323613
4.104316
3.882179
3.657143
3.429154
3.198152
2.964078
2.726866
2.486452
2.242765
1.995735
1.745283
1.491334
1.233804
0.972608
0.707653
0.438845
0.166083
-0.110741
-0.391743
-0.677044
-0.966775
-1.261070
-1.560076
-1.863949
-2.172853
-2.486965
-2.806470
-3.131567
-3.462467
-3.799393
-4.142584
-4.492292
-4.848785
-5.212348
-5.583280
-5.961896
-6.348530
-6.743528
-7.147259
-7.560108
-7.982471
-8.414765
-8.857424
-9.310896
-9.775641
-10.252134
-10.740866
-11.242330
-11.757030
-12.285474
-12.828176
-13.385653
-13.958417
-14.546976
-15.151829
-15.773474
-16.412386
-17.069040
-17.743891
-18.437393
-19.149973
-19.882065
-20.634090
-21.406469
-22.199636
-23.014032
-23.850136
-24.708450
-25.589527
-26.493980
-27.422501
-28.375858
-29.354948
-30.360792
-31.394545
-32.457348
-33.549484
-34.669106
-35.811611
-36.970585
-38.142567
-39.341595
-40.580444
-41.867561
-43.209026
-44.609684
-46.073730
-47.604801
-49.205910
-50.879112
-52.624912
-54.441525
-56.323982
-58.263214
-60.245396
-62.251682
-64.258781
-66.240295
-68.168823
-70.018318
-71.766380
-73.395798
-74.895462
-76.260323
-77.490677
-78.591110
-79.569252
-80.434509
-81.197144
-81.867462
-82.455246
-82.969482
-83.418335
-83.809021
-84.148003
-84.441063
-84.693375
-84.909668
-85.094231
-85.250999
-85.383621
-85.495338
-85.589134
-85.667648
-85.733215
-85.787903
-85.833496
-85.871498
-85.903175
-85.929649
-85.951843
-85.970490
-85.986298
-85.999725
-86.011230
-86.021172
-86.029800
-86.037445
-86.044235
-86.050308
-86.055862
-86.060951
-86.065643
-86.070045
-86.074165
-86.078171
-86.081917
-86.085594
-86.089111
-86.092583
-86.095963
-86.099251
-86.102509
-86.105644
-86.108734
-86.111801
-86.114891
-86.117859
-86.120819
-86.123772
-86.126770
-86.129730
-86.132660
-86.135597
-86.138481
-86.141365
-86.144180
-86.147034
-86.149940
-86.152771
-86.155525
-86.158249
-86.160980
-86.163727
-86.166397
-86.169060
-86.171753
-86.174454
-86.177124
-86.179810
-86.182465
-86.185081
-86.187653
-86.190254
-86.192772
-86.195328
-86.197868
-86.200378
-86.202843
-86.205322
-86.207787
-86.210220
-86.212646
-86.215057
-86.217445
-86.219788
-86.222084
-86.224373
-86.226761
-86.229088
-86.231377
-86.233604
-86.235855
-86.238113
-86.240280
-86.242477
-86.244682
-86.246788
-86.248886
-86.250984
-86.253075
-86.255096
-86.257164
-86.259148
-86.261116
-86.263069
-86.264603
-86.259132
-86.124855
-83.584793
-37.776180
15.664471
18.685230
18.370268
16.809086
15.175626
13.869398
12.965751
12.427921
12.188082
12.176596
12.332126
12.604441
12.954368
13.352533
13.777657
14.214785
14.653433
15.085863
15.506985
15.913658
16.303942
16.676630
17.030905
17.366211
17.682131
17.978365
18.254715
18.511082
18.747484
18.964060
19.161068
19.338892
19.498034
19.639093
19.762762
19.869812
19.961058
20.037373
20.099649
20.148781
20.185669
20.211187
20.226196
20.231529
20.227961
20.216249
20.197090
20.171143
20.139021
20.101284
20.058447
20.010996
19.959360
19.903940
19.845095
19.783152
19.718407
19.651123
19.581543
19.509876
19.436312
19.361029
19.284174
19.205885
19.126282
19.045481
18.963566
18.880625
18.796728
18.711950
18.626337
18.539948
18.452820
18.364994
18.276505
18.187365
18.097616
18.007267
17.916342
17.824844
17.732800
17.640205
17.547068
17.453396
17.359186
17.264446
17.169174
17.073366
16.977024
16.880135
16.782705
16.684719
16.586174
16.487064
16.387384
16.287119
16.186262
16.084805
15.982732
15.880043
15.776721
15.672757
15.568135
15.462848
15.356880
15.250217
15.142847
15.034757
14.925933
14.816361
14.706027
14.594915
14.483010
14.370297
14.256759
14.142381
14.027144
13.911033
13.794032
13.676124
13.557288
13.437513
13.316774
13.195054
13.072332
12.948589
12.823808
12.697967
12.571047
12.443026
12.313884
12.183598
12.052147
11.919506
11.785654
11.650567
11.514220
11.376595
11.237663
11.097402
10.955784
10.812782
10.668374
10.522530
10.375221
10.226421
10.076103
9.924239
9.770800
9.615752
9.459073
9.300723
9.140676
8.978897
8.815355
8.650017
8.482853
8.313827
8.142902
7.970045
7.795218
7.618385
7.439509
7.258553
7.075477
6.890243
6.702812
6.513144
6.321196
6.126925
5.930288
5.731242
5.529741
5.325739
5.119193
4.910054
4.698273
4.483800
4.266582
4.046568
3.823703
3.597929
3.369189
3.137422
2.902569
2.664567
2.423348
2.178843
1.930980
1.679681
1.424868
1.166459
0.904364
0.638492
0.368745
0.095020
-0.182789
-0.464799
-0.751134
-1.041924
-1.337309
-1.637436
-1.942461
-2.252550
-2.567884
-2.888651
-3.215051
-3.547299
-3.885622
-4.230259
-4.581467
-4.939515
-5.304690
-5.677295
-6.057649
-6.446086
-6.842962
-7.248646
-7.663522
-8.087993
-8.522479
-8.967416
-9.423253
-9.890454
-10.369493
-10.860858
-11.365047
-11.882566
-12.413930
-12.959641
-13.520212
-14.096159
-14.687985
-15.296188
-15.921260
-16.563671
-17.223900
-17.902401
-18.599594
-19.315945
-20.051853
-20.807755
-21.584064
-22.381226
-23.199669
-24.039896
-24.902405
-25.787758
-26.696585
-27.629583
-28.587559
-29.571415
-30.582212
-31.621130
-32.689243
-33.786583
-34.910770
-36.056686
-37.217285
-38.392223
-39.597153
-40.843849
-42.140141
-43.491753
-44.903381
-46.379097
-47.922436
-49.536285
-51.222462
-52.981110
-54.809952
-56.703316
-58.651318
-60.639172
-62.647144
-64.651184
-66.624481
-68.539642
-70.371071
-72.097176
-73.701889
-75.175247
-76.513298
-77.717270
-78.792442
-79.746910
-80.590355
-81.333138
-81.985542
-82.557220
-83.057053
-83.493004
-83.872169
-84.200859
-84.484734
-84.728905
-84.938019
-85.116280
-85.267632
-85.395531
-85.503227
-85.593605
-85.669243
-85.732407
-85.785080
-85.829025
-85.865646
-85.896225
-85.921799
-85.943253
-85.961334
-85.976669
-85.989685
-86.000870
-86.010582
-86.019005
-86.026459
-86.033112
-86.039108
-86.044609
-86.049622
-86.054298
-86.058655
-86.062820
-86.066734
-86.070580
-86.074249
-86.077698
-86.081146
-86.084557
-86.087830
-86.091087
-86.094307
-86.097420
-86.100533
-86.103638
-86.106720
-86.109726
-86.112709
-86.115669
-86.118591
-86.121582
-86.124489
-86.127357
-86.130272
-86.133110
-86.135941
-86.138748
-86.141609
-86.144363
-86.147217
-86.149979
-86.152725
-86.155464
-86.158188
-86.160965
-86.163673
-86.166389
-86.169014
-86.171623
-86.174255
-86.176926
-86.179565
-86.182205
-86.184746
-86.187271
-86.189796
-86.192314
-86.194801
-86.197311
-86.199738
-86.202118
-86.204514
-86.206947
-86.209335
-86.211723
-86.214035
-86.216331
-86.218620
-86.220848
-86.223091
-86.225365
-86.227615
-86.229851
-86.232033
-86.234100
-86.236244
-86.238365
-86.240364
-86.242455
-86.244568
-86.246590
-86.248642
-86.250687
-86.252655
-86.254196
-86.248726
-86.113571
-83.555374
-37.411327
15.681069
18.678335
18.342995
16.776148
15.144132
13.841845
12.942622
12.408893
12.172542
12.163883
12.321612
12.595595
12.946751
13.345793
13.771519
14.209046
14.647938
15.080504
15.501691
15.908388
16.298672
16.671335
17.025581
17.360857
17.676744
17.972946
18.249268
18.505611
18.741991
18.958546
19.155533
19.333340
19.492464
19.633503
19.757149
19.864172
19.955391
20.031673
20.093912
20.143005
20.179848
20.205320
20.220282
20.225554
20.221924
20.210144
20.190912
20.164888
20.132687
20.094860
20.051937
20.004391
19.952662
19.897135
19.838184
19.776131
19.711271
19.643871
19.574171
19.502380
19.428694
19.353281
19.276295
19.197874
19.118139
19.037201
18.955145
18.872068
18.788033
18.703108
18.617350
18.530811
18.443531
18.355556
18.266912
18.177620
18.087711
17.997208
17.906126
17.814474
17.722265
17.629509
17.536207
17.442360
17.347988
17.253080
17.157639
17.061661
16.965147
16.868086
16.770473
16.672310
16.573589
16.474306
16.374441
16.273991
16.172953
16.071306
15.969047
15.866167
15.762657
15.658497
15.553680
15.448198
15.342031
15.235168
15.127597
15.019302
14.910274
14.800494
14.689948
14.578624
14.466505
14.353576
14.239820
14.125220
14.009762
13.893427
13.776197
13.658058
13.538993
13.418981
13.298004
13.176044
13.053082
12.929095
12.804067
12.677976
12.550802
12.422525
12.293124
12.162577
12.030859
11.897953
11.763830
11.628469
11.491848
11.353942
11.214725
11.074176
10.932267
10.788973
10.644266
10.498119
10.350504
10.201396
10.050763
9.898579
9.744817
9.589442
9.432435
9.273749
9.113364
8.951243
8.787354
8.621665
8.454142
8.284750
8.113458
7.940228
7.765024
7.587811
7.408548
7.227201
7.043726
6.858088
6.670248
6.480165
6.287796
6.093100
5.896032
5.696549
5.494607
5.290159
5.083157
4.873554
4.661304
4.446353
4.228654
4.008150
3.784788
3.558511
3.329259
3.096974
2.861591
2.623049
2.381281
2.136219
1.887788
1.635913
1.380513
1.121504
0.858798
0.592302
0.321918
0.047543
-0.230934
-0.513627
-0.800661
-1.092167
-1.388285
-1.689166
-1.994967
-2.305855
-2.622010
-2.943623
-3.270898
-3.604049
-3.943305
-4.288910
-4.641119
-5.000206
-5.366457
-5.740179
-6.121688
-6.511328
-6.909450
-7.316424
-7.732641
-8.158505
-8.594435
-9.040869
-9.498258
-9.967065
-10.447770
-10.940858
-11.446827
-11.966183
-12.499432
-13.047089
-13.609666
-14.187667
-14.781596
-15.391953
-16.019217
-16.663868
-17.326372
-18.007181
-18.706730
-19.425453
-20.163765
-20.922096
-21.700865
-22.500502
-23.321465
-24.164232
-25.029316
-25.917294
-26.828796
-27.764532
-28.725321
-29.712090
-30.725891
-31.767933
-32.839260
-33.939671
-35.066414
-36.213947
-37.374996
-38.551979
-39.760593
-41.012020
-42.313793
-43.671486
-45.089680
-46.572346
-48.122974
-49.744339
-51.438095
-53.204185
-55.039993
-56.939415
-58.892025
-60.882492
-62.890499
-64.891594
-66.858742
-68.764633
-70.583977
-72.295815
-73.884674
-75.341377
-76.662598
-77.850113
-78.909615
-79.849464
-80.679489
-81.410103
-82.051529
-82.613365
-83.104408
-83.532486
-83.904633
-84.227074
-84.505402
-84.744675
-84.949501
-85.124054
-85.272148
-85.397308
-85.502678
-85.591103
-85.665115
-85.726929
-85.778511
-85.821518
-85.857391
-85.887383
-85.912476
-85.933556
-85.951309
-85.966408
-85.979271
-85.990364
-85.999947
-86.008324
-86.015701
-86.022354
-86.028351
-86.033821
-86.038803
-86.043488
-86.047859
-86.052055
-86.055931
-86.059753
-86.063385
-86.066833
-86.070274
-86.073662
-86.077011
-86.080284
-86.083443
-86.086586
-86.089752
-86.092819
-86.095879
-86.098892
-86.101883
-86.104912
-86.107895
-86.110855
-86.113754
-86.116631
-86.119507
-86.122360
-86.125221
-86.128067
-86.130951
-86.133759
-86.136551
-86.139351
-86.142128
-86.144821
-86.147499
-86.150284
-86.152992
-86.155701
-86.158401
-86.161018
-86.163696
-86.166367
-86.168907
-86.171478
-86.174080
-86.176628
-86.179138
-86.181625
-86.184074
-86.186508
-86.188942
-86.191406
-86.193886
-86.196304
-86.198662
-86.201004
-86.203316
-86.205574
-86.207870
-86.210213
-86.212456
-86.214676
-86.216965
-86.219231
-86.221413
-86.223572
-86.225716
-86.227798
-86.229866
-86.231934
-86.234039
-86.236122
-86.238144
-86.240135
-86.242058
-86.243614
-86.238091
-86.102432
-83.535851
-37.252609
15.682673
18.666189
18.316832
16.746565
15.116172
13.817204
12.921572
12.391130
12.157561
12.151147
12.310623
12.585925
12.938049
13.337782
13.763985
14.201824
14.640911
15.073590
15.494837
15.901559
16.291847
16.664505
17.018740
17.354000
17.669878
17.966080
18.242401
18.498747
18.735134
18.951706
19.148718
19.326550
19.485693
19.626753
19.750420
19.857458
19.948692
20.024981
20.087223
20.136312
20.173141
20.198597
20.213539
20.218782
20.215117
20.203297
20.184021
20.157944
20.125677
20.087791
20.044796
19.997177
19.945364
19.889755
19.830711
19.768562
19.703602
19.636101
19.566292
19.494390
19.420595
19.345064
19.267960
19.189417
19.109554
19.028484
18.946302
18.863089
18.778921
18.693861
18.607965
18.521288
18.433867
18.345749
18.256952
18.167524
18.077467
17.986814
17.895573
17.803761
17.711393
17.618479
17.525024
17.431025
17.336489
17.241411
17.145805
17.049660
16.952974
16.855745
16.757975
16.659634
16.560740
16.461275
16.361233
16.260607
16.159386
16.057556
15.955112
15.852049
15.748355
15.644008
15.539002
15.433328
15.326966
15.219908
15.112139
15.003646
14.894412
14.784427
14.673676
14.562144
14.449816
14.336673
14.222700
14.107884
13.992204
13.875647
13.758197
13.639829
13.520532
13.400289
13.279078
13.156880
13.033677
12.909449
12.784176
12.657835
12.530411
12.401879
12.272219
12.141411
12.009430
11.876258
11.741869
11.606236
11.469340
11.331153
11.191653
11.050816
10.908617
10.765027
10.620022
10.473575
10.325657
10.176241
10.025295
9.872795
9.718706
9.563005
9.405669
9.246652
9.085929
8.923465
8.759230
8.593187
8.425307
8.255553
8.083894
7.910293
7.734713
7.557117
7.377468
7.195727
7.011857
6.825817
6.637567
6.447068
6.254279
6.059155
5.861657
5.661738
5.459352
5.254456
5.046999
4.836935
4.624212
4.408785
4.190601
3.969607
3.745748
3.518968
3.289206
3.056402
2.820493
2.581416
2.339104
2.093485
1.844489
1.592040
1.336055
1.076450
0.813136
0.546020
0.275002
-0.000021
-0.279161
-0.562536
-0.850267
-1.142487
-1.439338
-1.740971
-2.047544
-2.359229
-2.676204
-2.998663
-3.326808
-3.660858
-4.001045
-4.347611
-4.700817
-5.060936
-5.428260
-5.803091
-6.185752
-6.576585
-6.975946
-7.384206
-7.801757
-8.229003
-8.666370
-9.114297
-9.573229
-10.043636
-10.525995
-11.020797
-11.528533
-12.049710
-12.584838
-13.134427
-13.698981
-14.279016
-14.875031
-15.487515
-16.116953
-16.763817
-17.428572
-18.111666
-18.813526
-19.534594
-20.275276
-21.036005
-21.817196
-22.619284
-23.442734
-24.288013
-25.155647
-26.046215
-26.960360
-27.898804
-28.862368
-29.851995
-30.868773
-31.913906
-32.988392
-34.091793
-35.221012
-36.370125
-37.531796
-38.711002
-39.923424
-41.179710
-42.487045
-43.850822
-45.275524
-46.765102
-48.322960
-49.951775
-51.653069
-53.426517
-55.269154
-57.174458
-59.131485
-61.124306
-63.132076
-65.129944
-67.090706
-68.987091
-70.794250
-72.491714
-74.064751
-75.504868
-76.809387
-77.980637
-79.024681
-79.950134
-80.766930
-81.485519
-82.116096
-82.668213
-83.150520
-83.570816
-83.935997
-84.252251
-84.525108
-84.759552
-84.960159
-85.131012
-85.275940
-85.398399
-85.501480
-85.587952
-85.660347
-85.720840
-85.771317
-85.813408
-85.848587
-85.878014
-85.902657
-85.923393
-85.940857
-85.955704
-85.968361
-85.979263
-85.988762
-85.997047
-86.004433
-86.011017
-86.016945
-86.022400
-86.027420
-86.032120
-86.036530
-86.040703
-86.044647
-86.048470
-86.052231
-86.055717
-86.059196
-86.062622
-86.065979
-86.069252
-86.072472
-86.075623
-86.078766
-86.081924
-86.085037
-86.088120
-86.091171
-86.094223
-86.097206
-86.100136
-86.103104
-86.106056
-86.108963
-86.111816
-86.114670
-86.117561
-86.120438
-86.123283
-86.126053
-86.128792
-86.131546
-86.134354
-86.137115
-86.139877
-86.142563
-86.145233
-86.147896
-86.150513
-86.153160
-86.155769
-86.158318
-86.160973
-86.163597
-86.166115
-86.168724
-86.171295
-86.173744
-86.176231
-86.178680
-86.181168
-86.183624
-86.186058
-86.188461
-86.190811
-86.193184
-86.195511
-86.197815
-86.200104
-86.202309
-86.204514
-86.206703
-86.208855
-86.211014
-86.213173
-86.215294
-86.217369
-86.219429
-86.221451
-86.223579
-86.225647
-86.227699
-86.229675
-86.231636
-86.233177
-86.227669
-86.091515
-83.516121
-37.088184
15.685122
18.654236
18.292089
16.719107
15.090459
13.794710
12.902490
12.375143
12.144180
12.139852
12.300947
12.577465
12.930484
13.330853
13.757498
14.195631
14.634900
15.067686
15.488991
15.895741
16.286047
16.658705
17.012938
17.348194
17.664072
17.960276
18.236601
18.492954
18.729357
18.945942
19.142969
19.320818
19.479982
19.621061
19.744740
19.851791
19.943031
20.019329
20.081572
20.130655
20.167473
20.192913
20.207829
20.213041
20.209351
20.197487
20.178160
20.152031
20.119703
20.081753
20.038692
19.991001
19.939112
19.883423
19.824295
19.762056
19.697008
19.629408
19.559505
19.487501
19.413599
19.337961
19.260750
19.182095
19.102121
19.020931
18.938631
18.855299
18.771006
18.685818
18.599794
18.512989
18.425438
18.337187
18.248260
18.158688
18.068497
17.977699
17.886322
17.794371
17.701864
17.608807
17.515198
17.421059
17.326376
17.231152
17.135393
17.039097
16.942253
16.844868
16.746935
16.648443
16.549397
16.449768
16.349566
16.248774
16.147390
16.045387
15.942775
15.839540
15.735669
15.631148
15.525968
15.420114
15.313573
15.206334
15.098385
14.989707
14.880289
14.770117
14.659174
14.547447
14.434924
14.321585
14.207416
14.092398
13.976518
13.859756
13.742098
13.623521
13.504012
13.383553
13.262124
13.139709
13.016284
12.891833
12.766334
12.639767
12.512111
12.383345
12.253449
12.122401
11.990178
11.856759
11.722119
11.586235
11.449084
11.310639
11.170879
11.029777
10.887308
10.743448
10.598168
10.451445
10.303246
10.153544
10.002314
9.849522
9.695145
9.539145
9.381498
9.222173
9.061137
8.898358
8.733804
8.567440
8.399231
8.229145
8.057148
7.883203
7.707277
7.529331
7.349326
7.167226
6.982990
6.796581
6.607956
6.417076
6.223900
6.028386
5.830490
5.630168
5.427375
5.222064
5.014188
4.803698
4.590544
4.374679
4.156050
3.934604
3.710287
3.483041
3.252808
3.019526
2.783134
2.543563
2.300748
2.054619
1.805103
1.552124
1.295601
1.035449
0.771577
0.503891
0.232293
-0.043323
-0.323070
-0.607065
-0.895434
-1.188308
-1.485829
-1.788148
-2.095427
-2.407838
-2.725560
-3.048790
-3.377731
-3.712603
-4.053638
-4.401083
-4.755197
-5.116256
-5.484551
-5.860393
-6.244103
-6.636023
-7.036510
-7.445940
-7.864703
-8.293205
-8.731873
-9.181146
-9.641476
-10.113328
-10.597183
-11.093529
-11.602864
-12.125687
-12.662510
-13.213840
-13.780183
-14.362048
-14.959931
-15.574326
-16.205713
-16.854563
-17.521332
-18.206461
-18.910398
-19.633564
-20.376366
-21.139233
-21.922585
-22.726856
-23.552507
-24.400021
-25.269920
-26.162788
-27.079283
-28.020123
-28.986153
-29.978325
-30.997746
-32.045624
-33.122879
-34.228882
-35.360168
-36.510452
-37.672531
-38.853790
-40.069714
-41.330330
-42.642555
-44.011658
-45.442078
-46.937725
-48.501930
-50.137283
-51.845142
-53.624985
-55.473530
-57.383854
-59.344521
-61.339127
-63.346333
-65.340942
-67.295647
-69.183289
-70.979294
-72.663742
-74.222557
-75.647812
-76.937439
-78.094193
-79.124519
-80.037178
-80.842300
-81.550308
-82.171333
-82.714867
-83.189499
-83.602943
-83.961990
-84.272789
-84.540817
-84.771011
-84.967873
-85.135521
-85.277679
-85.397766
-85.498856
-85.583694
-85.654716
-85.714073
-85.763672
-85.805069
-85.839668
-85.868614
-85.892899
-85.913345
-85.930580
-85.945274
-85.957794
-85.968582
-85.978012
-85.986298
-85.993553
-86.000069
-86.005997
-86.011436
-86.016472
-86.021149
-86.025597
-86.029793
-86.033791
-86.037621
-86.041344
-86.044876
-86.048355
-86.051796
-86.055183
-86.058487
-86.061638
-86.064796
-86.067940
-86.071098
-86.074196
-86.077278
-86.080338
-86.083366
-86.086319
-86.089272
-86.092194
-86.095154
-86.098038
-86.100914
-86.103775
-86.106697
-86.109581
-86.112427
-86.115234
-86.118073
-86.120918
-86.123657
-86.126335
-86.129105
-86.131836
-86.134613
-86.137344
-86.140022
-86.142632
-86.145271
-86.147881
-86.150452
-86.153053
-86.155632
-86.158142
-86.160683
-86.163254
-86.165665
-86.168060
-86.170464
-86.172951
-86.175331
-86.177704
-86.180077
-86.182388
-86.184738
-86.187126
-86.189499
-86.191788
-86.194077
-86.196335
-86.198547
-86.200768
-86.203026
-86.205261
-86.207413
-86.209557
-86.211678
-86.213776
-86.215858
-86.217918
-86.219986
-86.221954
-86.223503
-86.217957
-86.081429
-83.499229
-36.966473
15.685208
18.643200
18.270214
16.694798
15.067693
13.774795
12.885592
12.360977
12.132302
12.129806
12.292313
12.569895
12.923691
13.324618
13.751647
14.190034
14.629464
15.062344
15.483701
15.890478
16.280787
16.653448
17.007685
17.342941
17.658825
17.955032
18.231365
18.487732
18.724150
18.940752
19.137798
19.315664
19.474852
19.615952
19.739653
19.846722
19.937977
20.014280
20.076527
20.125607
20.162420
20.187843
20.202738
20.207930
20.204201
20.192303
20.172937
20.146759
20.114384
20.076370
20.033253
19.985495
19.933538
19.877775
19.818573
19.756250
19.691113
19.623426
19.553429
19.481333
19.407335
19.331594
19.254280
19.175520
19.095438
19.014143
18.931730
18.848284
18.763880
18.678577
18.592438
18.505514
18.417841
18.329470
18.240427
18.150732
18.060408
17.969484
17.877979
17.785898
17.693256
17.600067
17.506323
17.412048
17.317228
17.221869
17.125963
17.029524
16.932549
16.835018
16.736938
16.638294
16.539091
16.439318
16.338972
16.238026
16.136482
16.034330
15.931566
15.828170
15.724140
15.619459
15.514115
15.408094
15.301387
15.193979
15.085857
14.977007
14.867416
14.757069
14.645948
14.534043
14.421339
14.307818
14.193464
14.078260
13.962192
13.845243
13.727391
13.608622
13.488916
13.368257
13.246627
13.124007
13.000377
12.875715
12.750006
12.623225
12.495354
12.366369
12.236252
12.104980
11.972531
11.838881
11.704011
11.567893
11.430505
11.291820
11.151816
11.010467
10.867748
10.723635
10.578099
10.431113
10.282652
10.132683
9.981180
9.828116
9.673459
9.517179
9.359245
9.199630
9.038301
8.875227
8.710374
8.543705
8.375192
8.204795
8.032480
7.858215
7.681964
7.503690
7.323353
7.140918
6.956342
6.769589
6.580616
6.389383
6.195848
5.999969
5.801704
5.601007
5.397835
5.192141
4.983876
4.772993
4.559441
4.343171
4.124130
3.902266
3.677525
3.449849
3.219179
2.985454
2.748611
2.508584
2.265305
2.018704
1.768707
1.515238
1.258216
0.997556
0.733167
0.464955
0.192820
-0.083345
-0.363652
-0.648219
-0.937174
-1.230651
-1.528792
-1.831746
-2.139677
-2.452757
-2.771170
-3.095112
-3.424789
-3.760420
-4.102238
-4.450492
-4.805445
-5.167374
-5.536572
-5.913347
-6.298023
-6.690946
-7.092473
-7.502977
-7.922854
-8.352512
-8.792377
-9.242888
-9.704499
-10.177679
-10.662906
-11.160668
-11.671461
-12.195790
-12.734159
-13.287078
-13.855053
-14.438588
-15.038181
-15.654316
-16.287476
-16.938128
-17.606733
-18.293728
-18.999538
-19.724594
-20.469316
-21.234119
-22.019428
-22.825666
-23.653309
-24.502836
-25.374773
-26.269718
-27.188313
-28.131311
-29.099556
-30.094013
-31.115801
-32.166145
-33.245884
-34.354198
-35.487263
-36.638512
-37.800934
-38.984104
-40.203152
-41.467651
-42.784275
-44.158234
-45.593868
-47.095005
-48.664925
-50.306126
-52.019844
-53.805344
-55.659069
-57.573719
-59.537441
-61.533360
-63.539742
-65.531090
-67.479980
-69.359390
-71.145081
-72.817581
-74.363358
-75.775116
-77.051231
-78.194908
-79.212837
-80.114037
-80.908592
-81.607048
-82.219475
-82.755287
-83.223007
-83.630226
-83.983780
-84.289688
-84.553368
-84.779762
-84.973297
-85.138046
-85.277756
-85.395729
-85.495041
-85.578384
-85.648170
-85.706512
-85.755272
-85.795975
-85.830002
-85.858513
-85.882416
-85.902580
-85.919632
-85.934113
-85.946526
-85.957283
-85.966560
-85.974739
-85.982018
-85.988548
-85.994461
-85.999916
-86.004982
-86.009682
-86.014130
-86.018341
-86.022316
-86.026146
-86.029915
-86.033417
-86.036934
-86.040375
-86.043808
-86.047165
-86.050415
-86.053627
-86.056839
-86.060036
-86.063217
-86.066315
-86.069405
-86.072456
-86.075500
-86.078552
-86.081436
-86.084366
-86.087288
-86.090179
-86.093002
-86.095772
-86.098602
-86.101425
-86.104240
-86.107140
-86.109924
-86.112762
-86.115585
-86.118332
-86.121071
-86.123856
-86.126602
-86.129295
-86.131943
-86.134613
-86.137215
-86.139839
-86.142464
-86.145058
-86.147682
-86.150208
-86.152733
-86.155342
-86.157829
-86.160210
-86.162613
-86.165054
-86.167473
-86.169922
-86.172302
-86.174629
-86.176895
-86.179169
-86.181412
-86.183670
-86.185997
-86.188278
-86.190475
-86.192665
-86.194832
-86.196976
-86.199066
-86.201279
