-86.199997
-86.558792
-86.554718
-86.552643
-86.551231
-86.550156
-86.548492
-86.518219
-85.582100
-57.766949
20.174858
21.514446
20.225899
18.260078
16.517471
15.224116
14.374458
13.898103
13.714001
13.747937
13.937833
14.234532
14.600759
15.009241
15.440656
15.881626
16.322905
16.757460
17.180309
17.588202
17.978968
18.351072
18.703390
19.035076
19.345503
19.634249
19.901083
20.145975
20.369078
20.570734
20.751444
20.911879
21.052824
21.175179
21.279917
21.368071
21.440704
21.498892
21.543695
21.576162
21.597303
21.608086
21.609423
21.602177
21.587145
21.565079
21.536659
21.502522
21.463245
21.419350
21.371307
21.319553
21.264469
21.206400
21.145658
21.082525
21.017248
20.950043
20.881115
20.810637
20.738762
20.665623
20.591341
20.516027
20.439770
20.362658
20.284763
20.206142
20.126858
20.046951
19.966471
19.885447
19.803917
19.721897
19.639420
19.556499
19.473150
19.389391
19.305222
19.220661
19.135715
19.050386
18.964676
18.878578
18.792105
18.705259
18.618027
18.530416
18.442421
18.354042
18.265253
18.176073
18.086483
17.996481
17.906063
17.815218
17.723944
17.632219
17.540052
17.447424
17.354328
17.260765
17.166712
17.072170
16.977121
16.881554
16.785469
16.688848
16.591681
16.493958
16.395666
16.296799
16.197346
16.097292
15.996624
15.895329
15.793404
15.690825
15.587583
15.483668
15.379066
15.273766
15.167750
15.061007
14.953524
14.845284
14.736271
14.626475
14.515875
14.404463
14.292218
14.179129
14.065175
13.950346
13.834623
13.717986
13.600419
13.481905
13.362428
13.241967
13.120507
12.998028
12.874511
12.749937
12.624288
12.497540
12.369676
12.240671
12.110509
11.979165
11.846620
11.712853
11.577839
11.441554
11.303978
11.165085
11.024848
10.883246
10.740252
10.595844
10.449994
10.302677
10.153866
10.003531
9.851649
9.698190
9.543120
9.386416
9.228045
9.067980
8.906189
8.742640
8.577307
8.410151
8.241140
8.070243
7.897428
7.722657
7.545893
7.367105
7.186258
7.003315
6.818240
6.630990
6.441529
6.249818
6.055815
5.859482
5.660775
5.459651
5.256066
5.049978
4.841341
4.630105
4.416222
4.199643
3.980318
3.758195
3.533221
3.305338
3.074491
2.840619
2.603663
2.363557
2.120233
1.873621
1.623645
1.370227
1.113289
0.852742
0.588498
0.320460
0.048529
-0.227405
-0.507452
-0.791732
-1.080372
-1.373506
-1.671278
-1.973837
-2.281347
-2.593974
-2.911903
-3.235321
-3.564431
-3.899446
-4.240595
-4.588109
-4.942240
-5.303252
-5.671422
-6.047047
-6.430424
-6.821878
-7.221737
-7.630346
-8.048058
-8.475244
-8.912285
-9.359575
-9.817517
-10.286525
-10.767013
-11.259411
-11.764152
-12.281672
-12.812410
-13.356809
-13.915314
-14.488360
-15.076391
-15.679842
-16.299152
-16.934750
-17.587072
-18.256561
-18.943665
-19.648832
-20.372524
-21.115231
-21.877470
-22.659779
-23.462765
-24.287067
-25.133411
-26.002598
-26.895519
-27.813185
-28.756678
-29.727020
-30.725004
-31.751051
-32.805218
-33.887333
-34.997120
-36.134434
-37.299549
-38.496132
-39.734726
-41.024731
-42.373898
-43.788471
-45.273907
-46.834793
-48.474552
-50.194923
-51.995121
-53.870911
-55.813744
-57.810120
-59.841457
-61.884678
-63.913662
-65.901215
-67.821304
-69.651154
-71.372765
-72.973595
-74.446693
-75.790123
-77.006165
-78.100212
-79.079788
-79.953636
-80.730980
-81.420906
-82.032150
-82.572723
-83.049881
-83.470131
-83.839294
-84.162643
-84.444893
-84.690300
-84.902870
-85.086182
-85.243629
-85.378265
-85.492973
-85.590302
-85.672653
-85.742073
-85.800476
-85.849525
-85.890663
-85.925179
-85.954109
-85.978424
-85.998871
-86.016167
-86.030815
-86.043297
-86.053993
-86.063248
-86.071304
-86.078392
-86.084641
-86.090233
-86.095322
-86.100006
-86.104294
-86.108322
-86.112106
-86.115685
-86.119133
-86.122459
-86.125580
-86.128708
-86.131775
-86.134827
-86.137810
-86.140678
-86.143517
-86.146370
-86.149124
-86.151871
-86.154663
-86.157387
-86.160095
-86.162811
-86.165527
-86.168129
-86.170761
-86.173431
-86.176056
-86.178642
-86.181206
-86.183716
-86.186211
-86.188683
-86.191208
-86.193687
-86.196136
-86.198578
-86.200981
-86.203384
-86.205833
-86.208168
-86.210472
-86.212761
-86.214981
-86.217163
-86.219437
-86.221741
-86.223984
-86.226151
-86.228310
-86.230484
-86.232590
-86.234756
-86.236832
-86.238899
-86.240997
-86.243019
-86.245033
-86.246986
-86.248657
-86.246017
-86.178337
-85.087936
-67.831367
11.039309
16.485575
17.576921
16.733042
15.373976
14.112437
13.142179
12.488037
12.114245
11.968036
11.996809
12.154548
12.403603
12.714540
13.065109
13.438947
13.824142
14.211549
14.594575
14.968817
15.331328
15.680125
16.013844
16.331520
16.632479
16.916224
17.182419
17.430853
17.661440
17.874210
18.069304
18.246973
18.407568
18.551523
18.679371
18.791708
18.889185
18.972498
19.042377
19.099577
19.144840
19.178930
19.202574
19.216503
19.221415
19.217983
19.206850
19.188618
19.163853
19.133089
19.096817
19.055502
19.009581
18.959421
18.905401
18.847847
18.787062
18.723312
18.656855
18.587914
18.516693
18.443378
18.368137
18.291130
18.212481
18.132313
18.050741
17.967855
17.883747
17.798498
17.712172
17.624830
17.536528
17.447317
17.357237
17.266325
17.174616
17.082127
16.988892
16.894928
16.800255
16.704884
16.608829
16.512100
16.414703
16.316641
16.217922
16.118546
16.018515
15.917822
15.816470
15.714456
15.611774
15.508422
15.404390
15.299673
15.194260
15.088145
14.981318
14.873771
14.765491
14.656466
14.546684
14.436138
14.324809
14.212692
14.099771
13.986030
13.871453
13.756029
13.639743
13.522578
13.404515
13.285541
13.165641
13.044799
12.922997
12.800216
12.676435
12.551641
12.425812
12.298929
12.170972
12.041926
11.911767
11.780474
11.648028
11.514408
11.379591
11.243553
11.106275
10.967730
10.827899
10.686760
10.544286
10.400455
10.255238
10.108614
9.960555
9.811037
9.660028
9.507508
9.353448
9.197822
9.040600
8.881754
8.721256
8.559072
8.395177
8.229538
8.062124
7.892908
7.721856
7.548935
7.374115
7.197361
7.018639
6.837915
6.655155
6.470323
6.283386
6.094305
5.903047
5.709570
5.513839
5.315813
5.115452
4.912717
4.707566
4.499958
4.289854
4.077208
3.861973
3.644105
3.423555
3.200274
2.974211
2.745316
2.513534
2.278814
2.041097
1.800318
1.556419
1.309334
1.058994
0.805326
0.548257
0.287706
0.023589
-0.244183
-0.515702
-0.791067
-1.070385
-1.353767
-1.641330
-1.933198
-2.229507
-2.530394
-2.836010
-3.146510
-3.462060
-3.782840
-4.109033
-4.440841
-4.778470
-5.122137
-5.472079
-5.828537
-6.191774
-6.562057
-6.939669
-7.324902
-7.718067
-8.119481
-8.529480
-8.948406
-9.376622
-9.814495
-10.262407
-10.720743
-11.189901
-11.670286
-12.162309
-12.666389
-13.182946
-13.712410
-14.255203
-14.811752
-15.382486
-15.967832
-16.568211
-17.184050
-17.815771
-18.463797
-19.128550
-19.810461
-20.509966
-21.227516
-21.963585
-22.718668
-23.493296
-24.288021
-25.103476
-25.940338
-26.799358
-27.681404
-28.587420
-29.518499
-30.475874
-31.460938
-32.475300
-33.520569
-34.597538
-35.704479
-36.835499
-37.982582
-39.154202
-40.364510
-41.623856
-42.940136
-44.319958
-45.769287
-47.293694
-48.898277
-50.587299
-52.363453
-54.226860
-56.173756
-58.194969
-60.274708
-62.389938
-64.511177
-66.604515
-68.634972
-70.570274
-72.383942
-74.057304
-75.580070
-76.949684
-78.169899
-79.248932
-80.197853
-81.028923
-81.754547
-82.386528
-82.935631
-83.411484
-83.822563
-84.176376
-84.479584
-84.738190
-84.957603
-85.142830
-85.298386
-85.428375
-85.536583
-85.626312
-85.700546
-85.761810
-85.812286
-85.853889
-85.888214
-85.916603
-85.940147
-85.959770
-85.976204
-85.990059
-86.001823
-86.011963
-86.020760
-86.028488
-86.035393
-86.041595
-86.047180
-86.052353
-86.057205
-86.061745
-86.066032
-86.070015
-86.073921
-86.077721
-86.081398
-86.084885
-86.088333
-86.091766
-86.095062
-86.098358
-86.101608
-86.104797
-86.108017
-86.111244
-86.114365
-86.117424
-86.120461
-86.123436
-86.126411
-86.129341
-86.132317
-86.135216
-86.138191
-86.141121
-86.143959
-86.146767
-86.149681
-86.152466
-86.155243
-86.158043
-86.160789
-86.163521
-86.166245
-86.168961
-86.171631
-86.174240
-86.176834
-86.179390
-86.181992
-86.184525
-86.187012
-86.189545
-86.192093
-86.194565
-86.196991
-86.199409
-86.201797
-86.204155
-86.206558
-86.208847
-86.211166
-86.213432
-86.215645
-86.217918
-86.220245
-86.222458
-86.224556
-86.226700
-86.228859
-86.230888
-86.232925
-86.235085
-86.237160
-86.239151
-86.241104
-86.243034
-86.244957
-86.246872
-86.248756
-86.250687
-86.252617
-86.254448
-86.256279
-86.258141
-86.259964
-86.261749
-86.263535
-86.265259
-86.266594
-86.260109
-86.103607
-83.031090
-26.594503
16.207714
18.476614
17.941820
16.465771
14.989069
13.818198
13.006587
12.519670
12.297980
12.280718
12.414235
12.654523
12.967150
13.326138
13.712493
14.112636
14.516693
14.917177
15.309029
15.688932
16.054693
16.404818
16.738274
17.054300
17.352354
17.632057
17.893139
18.135494
18.359108
18.564112
18.750751
18.919392
19.070499
19.204630
19.322430
19.424608
19.511917
19.585163
19.645145
19.692690
19.728605
19.753698
19.768759
19.774540
19.771763
19.761108
19.743223
19.718731
19.688171
19.652081
19.610941
19.565214
19.515276
19.461527
19.404310
19.343931
19.280676
19.214785
19.146507
19.076044
19.003586
18.929304
18.853346
18.775846
18.696934
18.616713
18.535280
18.452719
18.369108
18.284519
18.199007
18.112625
18.025423
17.937439
17.848711
17.759266
17.669136
17.578339
17.486891
17.394815
17.302122
17.208822
17.114929
17.020441
16.925375
16.829723
16.733486
16.636673
16.539280
16.441299
16.342733
16.243568
16.143806
16.043447
15.942474
15.840887
15.738674
15.635828
15.532338
15.428196
15.323389
15.217911
15.111745
15.004882
14.897310
14.789019
14.679995
14.570222
14.459689
14.348380
14.236280
14.123380
14.009662
13.895107
13.779703
13.663434
13.546288
13.428245
13.309286
13.189395
13.068557
12.946750
12.823958
12.700164
12.575346
12.449490
12.322574
12.194577
12.065482
11.935266
11.803905
11.671383
11.537677
11.402765
11.266626
11.129237
10.990573
10.850612
10.709330
10.566701
10.422702
10.277306
10.130490
9.982229
9.832498
9.681267
9.528514
9.374206
9.218315
9.060814
8.901672
8.740864
8.578359
8.414125
8.248137
8.080355
7.910753
7.739298
7.565958
7.390699
7.213487
7.034287
6.853068
6.669795
6.484431
6.296940
6.107285
5.915425
5.721323
5.524942
5.326240
5.125180
4.921723
4.715825
4.507443
4.296532
4.083047
3.866939
3.648161
3.426666
3.202404
2.975323
2.745374
2.512499
2.276639
2.037735
1.795727
1.550546
1.302127
1.050398
0.795284
0.536706
0.274581
0.008822
-0.260665
-0.533977
-0.811217
-1.092495
-1.377925
-1.667630
-1.961741
-2.260396
-2.563741
-2.871931
-3.185126
-3.503503
-3.827246
-4.156548
-4.491615
-4.832664
-5.179925
-5.533640
-5.894062
-6.261455
-6.636099
-7.018285
-7.408318
-7.806512
-8.213202
-8.628724
-9.053436
-9.487701
-9.931900
-10.386413
-10.851632
-11.327960
-11.815808
-12.315594
-12.827737
-13.352660
-13.890789
-14.442547
-15.008363
-15.588663
-16.183870
-16.794411
-17.420706
-18.063168
-18.722227
-19.398315
-20.091862
-20.803322
-21.533155
-22.281862
-23.049952
-23.837982
-24.646576
-25.476387
-26.328161
-27.202732
-28.101028
-29.024117
-29.973183
-30.949593
-31.954792
-32.989948
-34.055286
-35.149445
-36.269245
-37.409882
-38.573402
-39.772438
-41.017986
-42.318363
-43.680420
-45.110188
-46.613174
-48.194378
-49.857887
-51.606331
-53.439831
-55.354900
-57.343067
-59.389854
-61.474255
-63.569332
-65.643982
-67.665733
-69.603951
-71.432770
-73.132942
-74.692612
-76.107018
-77.377495
-78.509987
-79.513451
-80.398697
-81.177040
-81.859695
-82.457062
-82.978653
-83.432983
-83.827530
-84.168976
-84.463280
-84.715805
-84.931503
-85.114845
-85.269958
-85.400551
-85.510048
-85.601578
-85.677803
-85.741165
-85.793739
-85.837379
-85.873528
-85.903603
-85.928604
-85.949493
-85.967010
-85.981796
-85.994400
-86.005203
-86.014565
-86.022713
-86.029945
-86.036430
-86.042274
-86.047661
-86.052605
-86.057190
-86.061424
-86.065552
-86.069435
-86.073250
-86.076881
-86.080467
-86.083885
-86.087227
-86.090416
-86.093605
-86.096893
-86.099991
-86.103104
-86.106232
-86.109314
-86.112289
-86.115219
-86.118141
-86.121078
-86.123924
-86.126831
-86.129807
-86.132668
-86.135490
-86.138344
-86.141167
-86.143967
-86.146797
-86.149574
-86.152298
-86.154976
-86.157646
-86.160301
-86.162956
-86.165619
-86.168198
-86.170761
-86.173271
-86.175819
-86.178291
-86.180733
-86.183083
-86.185463
-86.187935
-86.190292
-86.192604
-86.194946
-86.197243
-86.199539
-86.201820
-86.204056
-86.206299
-86.208549
-86.210785
-86.212975
-86.215172
-86.217415
-86.219559
-86.221657
-86.223755
-86.225815
-86.227844
-86.229897
-86.231918
-86.233971
-86.235901
-86.237846
-86.239799
-86.241730
-86.243584
-86.245422
-86.247261
-86.249031
-86.250404
-86.244911
-86.113052
-83.625153
-38.704208
15.428817
18.172865
17.885775
16.491228
15.020965
13.828577
12.987673
12.471838
12.224651
12.186187
12.302730
12.529799
12.832343
13.183772
13.564526
13.960551
14.361670
14.760126
15.150628
15.529690
15.895006
16.245028
16.578653
16.895119
17.193861
17.474470
17.736687
17.980375
18.205498
18.412180
18.600637
18.771208
18.924328
19.060541
19.180454
19.284756
19.374178
19.449495
19.511501
19.561007
19.598806
19.625696
19.642447
19.649824
19.648529
19.639250
19.622639
19.599298
19.569792
19.534649
19.494358
19.449354
19.400078
19.346886
19.290140
19.230154
19.167210
19.101562
19.033459
18.963100
18.890688
18.816389
18.740360
18.662745
18.583664
18.503227
18.421535
18.338678
18.254732
18.169773
18.083862
17.997051
17.909388
17.820908
17.731663
17.641676
17.550974
17.459585
17.367529
17.274820
17.181473
17.087502
16.992910
16.897713
16.801912
16.705509
16.608505
16.510906
16.412708
16.313911
16.214512
16.114500
16.013872
15.912621
15.810749
15.708246
15.605102
15.501306
15.396851
15.291726
15.185924
15.079431
14.972235
14.864325
14.755688
14.646313
14.536186
14.425298
14.313631
14.201169
14.087901
13.973812
13.858887
13.743108
13.626461
13.508928
13.390496
13.271148
13.150865
13.029630
12.907426
12.784236
12.660038
12.534817
12.408550
12.281219
12.152804
12.023288
11.892646
11.760862
11.627912
11.493772
11.358421
11.221840
11.084003
10.944892
10.804479
10.662740
10.519652
10.375194
10.229336
10.082052
9.933318
9.783105
9.631391
9.478148
9.323346
9.166961
9.008962
8.849318
8.688001
8.524981
8.360230
8.193715
8.025408
7.855276
7.683285
7.509407
7.333604
7.155846
6.976096
6.794318
6.610479
6.424546
6.236481
6.046246
5.853806
5.659120
5.462151
5.262856
5.061195
4.857129
4.650617
4.441617
4.230084
4.015975
3.799242
3.579837
3.357709
3.132809
2.905089
2.674491
2.440962
2.204446
1.964882
1.722211
1.476363
1.227271
0.974865
0.719066
0.459797
0.196975
-0.069487
-0.339682
-0.613709
-0.891669
-1.173675
-1.459841
-1.750291
-2.045154
-2.344569
-2.648684
-2.957655
-3.271646
-3.590833
-3.915396
-4.245532
-4.581450
-4.923366
-5.271507
-5.626117
-5.987449
-6.355772
-6.731364
-7.114517
-7.505533
-7.904731
-8.312444
-8.729012
-9.154786
-9.590139
-10.035440
-10.491078
-10.957449
-11.434956
-11.924006
-12.425007
-12.938384
-13.464560
-14.003959
-14.557009
-15.124129
-15.705746
-16.302284
-16.914165
-17.541809
-18.185631
-18.846062
-19.523525
-20.218449
-20.931295
-21.662514
-22.412600
-23.182081
-23.971508
-24.781490
-25.612698
-26.465872
-27.341846
-28.241566
-29.166079
-30.116606
-31.094513
-32.101284
-33.138241
-34.205750
-35.302303
-36.424046
-37.565304
-38.729172
-39.929199
-41.176208
-42.478462
-43.842674
-45.274864
-46.780548
-48.364750
-50.031647
-51.783916
-53.621765
-55.541763
-57.535427
-59.588131
-61.678574
-63.779297
-65.858528
-67.883133
-69.821953
-71.648750
-73.344200
-74.896637
-76.301727
-77.561211
-78.681572
-79.672302
-80.544571
-81.310028
-81.980064
-82.565247
-83.075157
-83.518341
-83.902328
-84.233841
-84.518845
-84.762749
-84.970490
-85.146553
-85.295090
-85.419830
-85.524223
-85.611244
-85.683594
-85.743637
-85.793411
-85.834656
-85.868835
-85.897224
-85.920883
-85.940681
-85.957314
-85.971375
-85.983345
-85.993690
-86.002670
-86.010513
-86.017509
-86.023788
-86.029518
-86.034752
-86.039627
-86.044189
-86.048439
-86.052521
-86.056450
-86.060242
-86.063843
-86.067360
-86.070824
-86.074196
-86.077538
-86.080772
-86.083954
-86.087151
-86.090324
-86.093460
-86.096558
-86.099640
-86.102692
-86.105682
-86.108612
-86.111526
-86.114418
-86.117348
-86.120323
-86.123199
-86.126106
-86.128967
-86.131744
-86.134605
-86.137421
-86.140167
-86.142891
-86.145638
-86.148308
-86.150955
-86.153603
-86.156166
-86.158730
-86.161316
-86.163872
-86.166428
-86.168961
-86.171417
-86.173866
-86.176262
-86.178673
-86.181023
-86.183365
-86.185738
-86.188034
-86.190338
-86.192627
-86.194908
-86.197105
-86.199371
-86.201653
-86.203812
-86.206001
-86.208153
-86.210320
-86.212402
-86.214493
-86.216553
-86.218590
-86.220596
-86.222641
-86.224609
-86.226532
-86.228439
-86.230347
-86.232246
-86.234100
-86.235939
-86.237816
-86.239594
-86.240929
-86.235153
-86.097282
-83.472328
-35.843651
15.613133
18.225416
17.859148
16.439939
14.970046
13.787286
12.958404
12.454150
12.217051
12.186901
12.310050
12.542222
12.848624
13.202909
13.585738
13.983246
14.385386
14.784529
15.175475
15.554808
15.920271
16.270336
16.603937
16.920317
17.218910
17.499323
17.761297
18.004698
18.229509
18.435835
18.623909
18.794073
18.946770
19.082544
19.202007
19.305851
19.394812
19.469669
19.531218
19.580265
19.617632
19.644104
19.660448
19.667414
19.665735
19.656086
19.639124
19.615437
19.585606
19.550158
19.509579
19.464300
19.414757
19.361317
19.304329
19.244110
19.180946
19.115097
19.046797
18.976257
18.903666
18.829201
18.753012
18.675240
18.596014
18.515442
18.433620
18.350637
18.266571
18.181494
18.095465
18.008545
17.920778
17.832201
17.742855
17.652769
17.561974
17.470495
17.378351
17.285557
17.192127
17.098074
17.003405
16.908127
16.812250
16.715775
16.618704
16.521034
16.422768
16.323904
16.224436
16.124367
16.023674
15.922370
15.820439
15.717875
15.614675
15.510823
15.406315
15.301135
15.195280
15.088735
14.981489
14.873531
14.764845
14.655422
14.545248
14.434312
14.322598
14.210093
14.096781
13.982651
13.867681
13.751864
13.635179
13.517610
13.399138
13.279753
13.159436
13.038169
12.915933
12.792710
12.668481
12.543230
12.416934
12.289576
12.161135
12.031591
11.900927
11.769119
11.636149
11.501991
11.366624
11.230024
11.092172
10.953043
10.812613
10.670862
10.527764
10.383294
10.237427
10.090137
9.941399
9.791183
9.639466
9.486221
9.331423
9.175039
9.017044
8.857409
8.696101
8.533094
8.368355
8.201854
8.033561
7.863445
7.691474
7.517616
7.341838
7.164105
6.984383
6.802636
6.618830
6.432928
6.244896
6.054700
5.862299
5.667655
5.470731
5.271484
5.069876
4.865863
4.659406
4.450461
4.238986
4.024938
3.808269
3.588931
3.366877
3.142055
2.914412
2.683894
2.450449
2.214016
1.974539
1.731958
1.486207
1.237217
0.984918
0.729235
0.470089
0.207396
-0.058932
-0.328987
-0.602868
-0.880677
-1.162523
-1.448522
-1.738797
-2.033479
-2.332703
-2.636616
-2.945375
-3.259145
-3.578099
-3.902422
-4.232305
-4.567956
-4.909588
-5.257432
-5.611728
-5.972727
-6.340695
-6.715914
-7.098670
-7.489271
-7.888032
-8.295283
-8.711362
-9.136622
-9.571431
-10.016158
-10.471192
-10.936923
-11.413753
-11.902090
-12.402348
-12.914947
-13.440301
-13.978836
-14.530977
-15.097149
-15.677772
-16.273268
-16.884064
-17.510571
-18.153206
-18.812401
-19.488575
-20.182161
-20.893597
-21.623356
-22.371918
-23.139795
-23.927557
-24.735792
-25.565172
-26.416437
-27.290405
-28.188013
-29.110308
-30.058489
-31.033901
-32.038036
-33.072231
-34.136925
-35.230728
-36.350014
-37.488892
-38.649738
-39.845680
-41.087860
-42.384666
-43.742905
-45.168606
-46.667294
-48.244030
-49.903042
-51.647160
-53.476799
-55.388863
-57.375305
-59.422035
-61.508293
-63.607124
-65.687103
-67.715134
-69.659874
-71.494667
-73.199608
-74.762459
-76.178284
-77.448425
-78.578949
-79.579163
-80.460106
-81.233429
-81.910507
-82.502007
-83.017570
-83.465828
-83.854385
-84.190010
-84.478737
-84.726028
-84.936844
-85.115700
-85.266708
-85.393661
-85.499969
-85.588684
-85.662498
-85.723801
-85.774658
-85.816849
-85.851852
-85.880943
-85.905174
-85.925430
-85.942474
-85.956894
-85.969193
-85.979752
-85.988937
-85.997009
-86.004219
-86.010681
-86.016495
-86.021858
-86.026825
-86.031464
-86.035843
-86.039963
-86.043884
-86.047737
-86.051430
-86.054993
-86.058495
-86.061935
-86.065186
-86.068466
-86.071701
-86.074913
-86.078110
-86.081238
-86.084328
-86.087433
-86.090500
-86.093513
-86.096527
-86.099503
-86.102463
-86.105385
-86.108223
-86.111191
-86.114143
-86.117004
-86.119835
-86.122658
-86.125450
-86.128250
-86.131027
-86.133751
-86.136383
-86.139053
-86.141754
-86.144424
-86.146988
-86.149582
-86.152107
-86.154640
-86.157173
-86.159683
-86.162186
-86.164597
-86.166969
-86.169327
-86.171661
-86.173973
-86.176300
-86.178558
-86.180855
-86.183121
-86.185402
-86.187599
-86.189766
-86.191925
-86.194115
-86.196205
-86.198380
-86.200470
-86.202545
-86.204559
-86.206573
-86.208641
-86.210709
-86.212738
-86.214684
-86.216621
-86.218536
-86.220444
-86.222359
-86.224220
-86.226082
-86.227859
-86.229195
-86.223442
-86.086098
-83.476616
-36.185474
15.577677
18.196827
17.827076
16.408207
14.940566
13.760621
12.934471
12.432610
12.197489
12.168914
12.293283
12.526379
12.833464
13.188242
13.571416
13.969155
14.371444
14.770686
15.161695
15.541075
15.906576
16.256678
16.590319
16.906742
17.205389
17.485868
17.747917
17.991404
18.216305
18.422739
18.610922
18.781200
18.934015
19.069904
19.189484
19.293446
19.382515
19.457478
19.519119
19.568254
19.605690
19.632214
19.648603
19.655619
19.653971
19.644341
19.627382
19.603691
19.573847
19.538368
19.497747
19.452431
19.402828
19.349325
19.292263
19.231964
19.168713
19.102774
19.034370
18.963720
18.891014
18.816425
18.740107
18.662205
18.582840
18.502123
18.420153
18.337019
18.252800
18.167561
18.081373
17.994289
17.906353
17.817606
17.728085
17.637825
17.546850
17.455185
17.362856
17.269873
17.176250
17.082003
16.987135
16.891661
16.795582
16.698902
16.601622
16.503744
16.405264
16.306183
16.206495
16.106201
16.005295
15.903763
15.801606
15.698815
15.595380
15.491296
15.386549
15.281132
15.175035
15.068247
14.960756
14.852551
14.743617
14.633941
14.523511
14.412313
14.300340
14.187569
14.073993
13.959590
13.844349
13.728254
13.611289
13.493437
13.374680
13.255005
13.134393
13.012828
12.890293
12.766766
12.642229
12.516665
12.390056
12.262381
12.133616
12.003747
11.872751
11.740609
11.607300
11.472797
11.337083
11.200134
11.061926
10.922438
10.781644
10.639524
10.496054
10.351205
10.204955
10.057280
9.908148
9.757538
9.605419
9.451765
9.296554
9.139750
8.981333
8.821270
8.659531
8.496082
8.330898
8.163950
7.995200
7.824620
7.652180
7.477848
7.301589
7.123368
6.943151
6.760905
6.576593
6.390180
6.201630
6.010905
5.817971
5.622788
5.425318
5.225520
5.023353
4.818775
4.611744
4.402218
4.190153
3.975505
3.758229
3.538275
3.315596
3.090143
2.861861
2.630694
2.396589
2.159488
1.919331
1.676054
1.429594
1.179888
0.926861
0.670435
0.410533
0.147071
-0.120040
-0.390893
-0.665586
-0.944226
-1.226922
-1.513790
-1.804955
-2.100548
-2.400708
-2.705582
-3.015328
-3.330110
-3.650102
-3.975491
-4.306477
-4.643268
-4.986080
-5.335139
-5.690690
-6.052986
-6.422297
-6.798899
-7.183087
-7.575165
-7.975452
-8.384279
-8.801991
-9.228936
-9.665485
-10.112011
-10.568900
-11.036546
-11.515348
-12.005718
-12.508066
-13.022813
-13.550373
-14.091174
-14.645634
-15.214175
-15.797220
-16.395191
-17.008509
-17.637581
-18.282833
-18.944683
-19.623552
-20.319883
-21.034107
-21.766703
-22.518156
-23.288982
-24.079750
-24.891062
-25.723595
-26.578096
-27.455414
-28.356489
-29.282387
-30.234331
-31.213692
-32.221981
-33.260487
-34.329437
-35.427120
-36.549370
-37.690094
-38.854401
-40.055771
-41.304745
-42.609386
-43.976337
-45.411545
-46.920479
-48.508080
-50.178436
-51.934086
-53.775078
-55.697701
-57.693130
-59.746357
-61.835686
-63.933350
-66.007408
-68.024780
-69.954506
-71.770744
-73.454636
-74.995010
-76.387932
-77.635567
-78.744621
-79.724823
-80.587395
-81.343994
-82.005997
-82.583923
-83.087311
-83.524643
-83.903458
-84.230354
-84.511345
-84.751793
-84.956573
-85.130188
-85.276688
-85.399773
-85.502800
-85.588768
-85.660301
-85.719704
-85.768982
-85.809937
-85.843948
-85.872253
-85.895828
-85.915565
-85.932213
-85.946289
-85.958313
-85.968666
-85.977684
-85.985672
-85.992737
-85.999084
-86.004906
-86.010216
-86.015175
-86.019775
-86.024200
-86.028374
-86.032295
-86.036163
-86.039894
-86.043510
-86.047012
-86.050476
-86.053879
-86.057152
-86.060440
-86.063644
-86.066780
-86.070015
-86.073158
-86.076248
-86.079323
-86.082375
-86.085419
-86.088425
-86.091370
-86.094261
-86.097130
-86.100014
-86.102974
-86.105957
-86.108826
-86.111687
-86.114548
-86.117325
-86.120094
-86.122856
-86.125603
-86.128304
-86.130981
-86.133644
-86.136246
-86.138885
-86.141449
-86.143936
-86.146416
-86.148857
-86.151398
-86.153786
-86.156265
-86.158684
-86.161049
-86.163414
-86.165787
-86.168091
-86.170380
-86.172668
-86.174950
-86.177185
-86.179382
-86.181557
-86.183739
-86.185989
-86.188194
-86.190384
-86.192513
-86.194527
-86.196541
-86.198586
-86.200607
-86.202576
-86.204491
-86.206451
-86.208427
-86.210381
-86.212303
-86.214157
-86.215988
-86.217720
-86.219086
-86.213287
-86.075165
-83.449593
-35.875275
15.584568
18.184376
17.798906
16.376530
14.910851
13.734743
12.912744
12.414698
12.182820
12.156883
12.283323
12.518007
12.826279
13.181931
13.565730
13.963909
14.366500
14.765942
15.157087
15.536561
15.902122
16.252264
16.585934
16.902378
17.201044
17.481544
17.743612
17.987108
18.212023
18.418461
18.606653
18.776934
18.929750
19.065639
19.185219
19.289171
19.378229
19.453178
19.514791
19.563894
19.601295
19.627781
19.644127
19.651091
19.649389
19.639698
19.622671
19.598909
19.568985
19.533424
19.492718
19.447311
19.397617
19.344017
19.286856
19.226452
19.163094
19.097038
19.028522
18.957758
18.884935
18.810223
18.733784
18.655750
18.576260
18.495417
18.413317
18.330050
18.245693
18.160318
18.073990
17.986761
17.898684
17.809797
17.720129
17.629719
17.538595
17.446781
17.354298
17.261162
17.167387
17.072983
16.977964
16.882330
16.786093
16.689249
16.591808
16.493763
16.395117
16.295868
16.196014
16.095547
15.994466
15.892763
15.790433
15.687464
15.583850
15.479587
15.374660
15.269060
15.162779
15.055801
14.948121
14.839726
14.730601
14.620733
14.510109
14.398715
14.286539
14.173569
14.059791
13.945185
13.829739
13.713437
13.596261
13.478198
13.359229
13.239337
13.118503
12.996716
12.873955
12.750201
12.625436
12.499641
12.372798
12.244885
12.115885
11.985775
11.854534
11.722145
11.588585
11.453832
11.317864
11.180657
11.042192
10.902439
10.761381
10.618993
10.475249
10.330124
10.183595
10.035637
9.886223
9.735326
9.582919
9.428972
9.273461
9.116358
8.957634
8.797262
8.635210
8.471449
8.305945
8.138673
7.969594
7.798686
7.625909
7.451236
7.274634
7.096067
6.915501
6.732901
6.548232
6.361456
6.172540
5.981444
5.788134
5.592571
5.394716
5.194530
4.991972
4.786999
4.579568
4.369637
4.157162
3.942097
3.724398
3.504019
3.280909
3.055017
2.826292
2.594681
2.360123
2.122563
1.881940
1.638194
1.391258
1.141064
0.887541
0.630614
0.370205
0.106225
-0.161412
-0.432802
-0.708043
-0.987241
-1.270507
-1.557958
-1.849718
-2.145921
-2.446707
-2.752223
-3.062626
-3.378082
-3.698770
-4.024873
-4.356589
-4.694130
-5.037715
-5.387575
-5.743951
-6.107097
-6.477285
-6.854795
-7.239917
-7.632958
-8.034239
-8.444089
-8.862855
-9.290889
-9.728556
-10.176234
-10.634306
-11.103168
-11.583220
-12.074871
-12.578531
-13.094622
-13.623557
-14.165760
-14.721655
-15.291664
-15.876200
-16.475681
-17.090530
-17.721159
-18.367989
-19.031431
-19.711918
-20.409874
-21.125753
-21.860012
-22.613155
-23.385689
-24.178181
-24.991255
-25.825586
-26.681927
-27.561125
-28.464146
-29.392056
-30.346096
-31.327654
-32.338242
-33.379116
-34.450382
-35.550049
-36.673553
-37.814987
-38.981087
-40.185371
-41.438065
-42.747005
-44.118729
-45.559105
-47.073578
-48.667042
-50.343475
-52.105278
-53.952221
-55.880268
-57.880135
-59.936298
-62.026535
-64.122643
-66.192429
-68.202797
-70.123093
-71.927940
-73.599083
-75.125938
-76.505219
-77.739510
-78.835876
-79.804199
-80.655846
-81.402534
-82.055580
-82.625458
-83.121620
-83.552483
-83.925507
-84.247284
-84.523697
-84.760132
-84.961433
-85.131989
-85.275879
-85.396767
-85.497963
-85.582397
-85.652710
-85.711105
-85.759605
-85.799812
-85.833260
-85.861092
-85.884331
-85.903831
-85.920280
-85.934196
-85.946106
-85.956352
-85.965332
-85.973244
-85.980324
-85.986725
-85.992538
-85.997849
-86.002853
-86.007492
-86.011864
-86.016060
-86.020058
-86.023903
-86.027634
-86.031242
-86.034752
-86.038239
-86.041679
-86.045013
-86.048294
-86.051529
-86.054779
-86.057938
-86.061066
-86.064278
-86.067398
-86.070480
-86.073524
-86.076546
-86.079544
-86.082474
-86.085342
-86.088287
-86.091255
-86.094147
-86.097076
-86.099968
-86.102890
-86.105675
-86.108444
-86.111168
-86.113976
-86.116684
-86.119354
-86.122040
-86.124680
-86.127289
-86.129890
-86.132515
-86.135147
-86.137741
-86.140221
-86.142738
-86.145195
-86.147583
-86.149902
-86.152214
-86.154526
-86.156868
-86.159164
-86.161446
-86.163727
-86.165993
-86.168137
-86.170326
-86.172546
-86.174698
-86.176826
-86.178963
-86.181145
-86.183281
-86.185272
-86.187286
-86.189301
-86.191307
-86.193253
-86.195198
-86.197113
-86.199081
-86.201004
-86.202873
-86.204689
-86.206459
-86.207802
-86.201988
-86.063423
-83.430840
-35.753166
15.579495
18.167696
17.770817
16.346498
14.883055
13.710517
12.892197
12.397453
12.168342
12.144628
12.272801
12.508810
12.818079
13.174461
13.558789
13.957341
14.360188
14.759808
15.151076
15.530636
15.896266
16.246462
16.580175
16.896660
17.195368
17.475901
17.738007
17.981544
18.206501
18.412989
18.601217
18.771536
18.924391
19.060316
19.179930
19.283909
19.372990
19.447948
19.509581
19.558689
19.596083
19.622561
19.638895
19.645828
19.644094
19.634367
19.617298
19.593493
19.563515
19.527893
19.487123
19.441643
19.391876
19.338192
19.280949
19.220451
19.156998
19.090849
19.022232
18.951361
18.878429
18.803612
18.727057
18.648909
18.569296
18.488321
18.406099
18.322704
18.238218
18.152716
18.066256
17.978889
17.890671
17.801647
17.711840
17.621290
17.530022
17.438063
17.345434
17.252151
17.158230
17.063671
16.968498
16.872711
16.776314
16.679316
16.581718
16.483515
16.384708
16.285295
16.185280
16.084648
15.983402
15.881532
15.779030
15.675892
15.572106
15.467667
15.362564
15.256785
15.150322
15.043164
14.935300
14.826716
14.717404
14.607347
14.496531
14.384944
14.272572
14.159403
14.045424
13.930617
13.814968
13.698458
13.581074
13.462802
13.343621
13.223513
13.102467
12.980459
12.857476
12.733500
12.608509
12.482485
12.355412
12.227265
12.098030
11.967682
11.836200
11.703565
11.569757
11.434754
11.298536
11.161075
11.022350
10.882338
10.741016
10.598361
10.454347
10.308949
10.162144
10.013904
9.864206
9.713023
9.560325
9.406088
9.250280
9.092875
8.933846
8.773164
8.610801
8.446725
8.280905
8.113309
7.943906
7.772666
7.599557
7.424546
7.247601
7.068685
6.887769
6.704816
6.519790
6.332654
6.143372
5.951907
5.758221
5.562276
5.364036
5.163461
4.960508
4.755138
4.547306
4.336967
4.124077
3.908594
3.690472
3.469662
3.246117
3.019786
2.790614
2.558547
2.323533
2.085509
1.844414
1.600187
1.352763
1.102075
0.848053
0.590615
0.329685
0.065179
-0.202994
-0.474928
-0.750722
-1.030482
-1.314322
-1.602359
-1.894721
-2.191537
-2.492946
-2.799101
-3.110160
-3.426293
-3.747674
-4.074491
-4.406945
-4.745242
-5.089602
-5.440261
-5.797464
-6.161467
-6.532537
-6.910955
-7.297015
-7.691026
-8.093305
-8.504187
-8.924013
-9.353142
-9.791935
-10.240770
-10.700035
-11.170124
-11.651435
-12.144376
-12.649364
-13.166807
-13.697132
-14.240756
-14.798097
-15.369577
-15.955618
-16.556629
-17.173027
-17.805229
-18.453650
-19.118700
-19.800817
-20.500431
-21.217978
-21.953932
-22.708780
-23.483049
-24.277308
-25.092175
-25.928335
-26.786551
-27.667679
-28.572680
-29.502649
-30.458828
-31.442629
-32.455574
-33.498859
-34.572479
-35.674198
-36.798985
-37.941147
-39.109257
-40.316616
-41.573143
-42.886482
-44.263107
-45.708805
-47.228966
-48.828430
-50.511063
-52.279114
-54.132099
-56.065601
-58.069904
-60.128922
-62.219921
-64.314232
-66.379463
-68.382530
-70.293091
-72.086258
-73.744400
-75.257607
-76.623062
-77.843872
-78.927406
-79.883781
-80.724472
-81.461182
-82.105217
-82.666992
-83.155899
-83.580254
-83.947464
-84.264069
-84.535950
-84.768372
-84.966171
-85.133728
-85.275040
-85.393715
-85.493057
-85.575958
-85.644966
-85.702324
-85.749969
-85.789558
-85.822487
-85.849922
-85.872864
-85.892090
-85.908348
-85.922173
-85.933975
-85.944221
-85.953140
-85.961029
-85.968079
-85.974426
-85.980209
-85.985550
-85.990562
-85.995209
-85.999641
-86.003876
-86.007797
-86.011696
-86.015495
-86.019180
-86.022789
-86.026299
-86.029732
-86.033081
-86.036461
-86.039703
-86.042938
-86.046165
-86.049339
-86.052452
-86.055550
-86.058632
-86.061699
-86.064720
-86.067719
-86.070610
-86.073601
-86.076508
-86.079491
-86.082420
-86.085335
-86.088181
-86.091156
-86.094009
-86.096817
-86.099564
-86.102341
-86.105042
-86.107689
-86.110336
-86.112991
-86.115585
-86.118134
-86.120689
-86.123238
-86.125748
-86.128273
-86.130722
-86.133240
-86.135788
-86.138153
-86.140556
-86.142960
-86.145363
-86.147667
-86.149979
-86.152313
-86.154594
-86.156761
-86.158989
-86.161209
-86.163368
-86.165474
-86.167648
-86.169868
-86.171936
-86.173965
-86.176003
-86.178047
-86.180038
-86.181946
-86.183907
-86.185867
-86.187805
-86.189751
-86.191658
-86.193504
-86.195267
-86.196625
-86.190826
-86.051819
-83.411636
-35.621384
15.574811
18.151466
17.744135
16.318232
14.857048
13.687989
12.873215
12.381631
12.155162
12.133556
12.263379
12.500639
12.810845
13.167920
13.552752
13.951665
14.354761
14.754555
15.145948
15.525601
15.891302
16.241556
16.575319
16.891846
17.190594
17.471169
17.733313
17.976889
18.201887
18.408401
18.596678
18.767038
18.919928
19.055883
19.175526
19.279528
19.368629
19.443602
19.505238
19.554354
19.591747
19.618210
19.634523
19.641439
19.639671
19.629904
19.612791
19.588932
19.558901
19.523220
19.482384
19.436840
19.386997
19.333237
19.275908
19.215324
19.151779
19.085535
19.016825
18.945854
18.872826
18.797899
18.721241
18.642984
18.563261
18.482178
18.399836
18.316326
18.231720
18.146095
18.059511
17.972025
17.883680
17.794525
17.704592
17.613913
17.522511
17.430418
17.337650
17.244230
17.150169
17.055477
16.960163
16.864231
16.767691
16.670544
16.572796
16.474455
16.375500
16.275938
16.175766
16.074986
15.973584
15.871558
15.768900
15.665600
15.561654
15.457051
15.351785
15.245843
15.139215
15.031888
14.923853
14.815099
14.705611
14.595379
14.484388
14.372622
14.260072
14.146719
14.032556
13.917561
13.801722
13.685020
13.567448
13.448979
13.329600
13.209296
13.088048
12.965837
12.842649
12.718465
12.593265
12.467031
12.339742
12.211380
12.081926
11.951359
11.819655
11.686793
11.552758
11.417522
11.281071
11.143375
11.004412
10.864159
10.722592
10.579688
10.435425
10.289775
10.142712
9.994214
9.844254
9.692803
9.539839
9.385330
9.229246
9.071562
8.912254
8.751286
8.588632
8.424264
8.258149
8.090256
7.920554
7.749010
7.575594
7.400272
7.223011
7.043777
6.862536
6.679255
6.493897
6.306427
6.116808
5.925000
5.730968
5.534672
5.336075
5.135139
4.931822
4.726084
4.517879
4.307165
4.093897
3.878031
3.659518
3.438314
3.214369
2.987633
2.758053
2.525575
2.290140
2.051692
1.810170
1.565506
1.317637
1.066492
0.812004
0.554095
0.292686
0.027691
-0.240977
-0.513414
-0.789720
-1.070001
-1.354370
-1.642947
-1.935859
-2.233239
-2.535229
-2.841978
-3.153643
-3.470397
-3.792414
-4.119888
-4.453014
-4.792008
-5.137086
-5.488480
-5.846438
-6.211219
-6.583094
-6.962341
-7.349258
-7.744150
-8.147341
-8.559158
-8.979951
-9.410071
-9.849891
-10.299776
-10.760119
-11.231313
-11.713760
-12.207868
-12.714048
-13.232717
-13.764287
-14.309184
-14.867823
-15.440623
-16.028004
-16.630381
-17.248159
-17.881762
-18.531597
-19.198084
-19.881643
-20.582716
-21.301744
-22.039185
-22.795542
-23.571342
-24.367149
-25.183592
-26.021360
-26.881226
-27.764038
-28.670786
-29.602560
-30.560617
-31.546385
-32.561386
-33.606773
-34.682407
-35.785789
-36.911610
-38.054451
-39.224388
-40.434387
-41.694199
-43.011333
-44.392174
-45.842457
-47.367535
-48.972176
-50.660168
-52.433601
-54.291763
-56.229908
-58.237911
-60.299240
-62.390636
-64.483124
-66.544067
-68.540482
-70.442230
-72.224930
-73.871468
-75.372459
-76.725616
-77.934479
-79.006668
-79.952484
-80.783463
-81.511406
-82.147499
-82.702156
-83.184677
-83.603310
-83.965385
-84.277451
-84.545296
-84.774185
-84.968918
-85.133842
-85.272919
-85.389687
-85.487427
-85.568985
-85.636940
-85.693398
-85.740356
-85.779388
-85.811859
-85.838928
-85.861565
-85.880592
-85.896698
-85.910362
-85.922081
-85.932213
-85.941078
-85.948944
-85.955986
-85.962357
-85.968155
-85.973465
-85.978424
-85.983063
-85.987541
-85.991730
-85.995796
-85.999695
-86.003548
-86.007286
-86.010918
-86.014397
-86.017883
-86.021271
-86.024551
-86.027924
-86.031143
-86.034355
-86.037544
-86.040718
-86.043861
-86.046959
-86.050018
-86.053070
-86.056061
-86.059067
-86.062019
-86.064949
-86.067932
-86.070908
-86.073807
-86.076675
-86.079559
-86.082451
-86.085243
-86.088058
-86.090813
-86.093658
-86.096390
-86.099091
-86.101761
-86.104362
-86.106949
-86.109505
-86.112053
-86.114609
-86.117142
-86.119675
-86.122177
-86.124596
-86.127037
-86.129509
-86.131866
-86.134186
-86.136490
-86.138824
-86.141136
-86.143425
-86.145653
-86.147835
-86.150032
-86.152115
-86.154289
-86.156441
-86.158585
-86.160645
-86.162720
-86.164780
-86.166779
-86.168777
-86.170761
-86.172783
-86.174744
-86.176697
-86.178520
-86.180344
-86.182198
-86.183998
-86.185448
-86.179649
-86.040306
-83.394554
-35.530594
15.567900
18.135342
17.719120
16.292011
14.833021
13.667205
12.855700
12.367016
12.142957
12.123288
12.254617
12.493030
12.804100
13.161817
13.547117
13.946366
14.349700
14.749663
15.141181
15.520924
15.886699
16.237009
16.570826
16.887400
17.186193
17.466814
17.729004
17.972630
18.197672
18.404242
18.592562
18.762960
18.915894
19.051891
19.171566
19.275599
19.364729
19.439724
19.501375
19.550499
19.587896
19.614357
19.630653
19.637548
19.635757
19.625959
19.608803
19.584904
19.554821
19.519091
19.478191
19.432579
19.382669
19.328836
19.271433
19.210770
19.147144
19.080811
19.012009
18.940950
18.867819
18.792801
18.716040
18.637684
18.557854
18.476662
18.394215
18.310593
18.225876
18.140135
18.053431
17.965824
17.877359
17.788082
17.698023
17.607222
17.515699
17.423483
17.330589
17.237040
17.142847
17.048027
16.952574
16.856508
16.759832
16.662554
16.564671
16.466185
16.367094
16.267391
16.167078
16.066149
15.964598
15.862425
15.759619
15.656169
15.552071
15.447315
15.341892
15.235794
15.129007
15.021523
14.913324
14.804408
14.694757
14.584359
14.473200
14.361265
14.248544
14.135017
14.020679
13.905508
13.789491
13.672611
13.554854
13.436205
13.316644
13.196155
13.074717
12.952315
12.828937
12.704556
12.579159
12.452727
12.325238
12.196674
12.067013
11.936236
11.804323
11.671250
11.536998
11.401543
11.264867
11.126945
10.987758
10.847277
10.705479
10.562342
10.417841
10.271951
10.124647
9.975904
9.825693
9.673992
9.520773
9.366009
9.209667
9.051723
8.892146
8.730910
8.567986
8.403343
8.236949
8.068775
7.898785
7.726953
7.553244
7.377625
7.200065
7.020527
6.838980
6.655389
6.469719
6.281932
6.091994
5.899865
5.705508
5.508883
5.309954
5.108680
4.905023
4.698940
4.490388
4.279324
4.065701
3.849475
3.630599
3.409027
3.184708
2.957593
2.727630
2.494764
2.258938
2.020094
1.778167
1.533097
1.284815
1.033250
0.778333
0.519987
0.258133
-0.007313
-0.276443
-0.549351
-0.826135
-1.106903
-1.391769
-1.680853
-1.974283
-2.272191
-2.574722
-2.882026
-3.194262
-3.511596
-3.834210
-4.162295
-4.496051
-4.835688
-5.181428
-5.533508
-5.892172
-6.257675
-6.630292
-7.010307
-7.398014
-7.793725
-8.197759
-8.610444
-9.032129
-9.463170
-9.903930
-10.354792
-10.816135
-11.288357
-11.771858
-12.267041
-12.774325
-13.294117
-13.826837
-14.372902
-14.932734
-15.506747
-16.095354
-16.698975
-17.318014
-17.952892
-18.604012
-19.271803
-19.956675
-20.659069
-21.379431
-22.118223
-22.875946
-23.653124
-24.450323
-25.268181
-26.107384
-26.968710
-27.853031
-28.761328
-29.694712
-30.654446
-31.641964
-32.658794
-33.706051
-34.783485
-35.888336
-37.014851
-38.158352
-39.329918
-40.542377
-41.805225
-43.125809
-44.510429
-45.964813
-47.494247
-49.103485
-50.796223
-52.574387
-54.437054
-56.379215
-58.390343
-60.453476
-62.544983
-64.635513
-66.692322
-68.682411
-70.575989
-72.349045
-73.984955
-75.474854
-76.816864
-78.014877
-79.076782
-80.013039
-80.835236
-81.555168
-82.184029
-82.732170
-83.208832
-83.622246
-83.979683
-84.287598
-84.551804
-84.777489
-84.969452
-85.131989
-85.269020
-85.384117
-85.480415
-85.560844
-85.627792
-85.683517
-85.729820
-85.768333
-85.800407
-85.827202
-85.849663
-85.868523
-85.884483
-85.898056
-85.909721
-85.919838
-85.928673
-85.936493
-85.943535
-85.949860
-85.955704
-85.961075
-85.966087
-85.970764
-85.975250
-85.979469
-85.983612
-85.987480
-85.991295
-85.995018
-85.998596
-86.002159
-86.005676
-86.009125
-86.012512
-86.015823
-86.019043
-86.022270
-86.025490
-86.028656
-86.031776
-86.034874
-86.037964
-86.041039
-86.044106
-86.047165
-86.050156
-86.053169
-86.056137
-86.059059
-86.062012
-86.064957
-86.067932
-86.070747
-86.073586
-86.076378
-86.079185
-86.081947
-86.084755
-86.087486
-86.090195
-86.092873
-86.095528
-86.098152
-86.100708
-86.103287
-86.105881
-86.108383
-86.110901
-86.113480
-86.115883
-86.118263
-86.120644
-86.123016
-86.125336
-86.127632
-86.129929
-86.132225
-86.134529
-86.136765
-86.138992
-86.141151
-86.143326
-86.145477
-86.147636
-86.149834
-86.151939
-86.153946
-86.156021
-86.158020
-86.160072
-86.162048
-86.163986
