12750,50,50,50,-88.3178
12650,50,50,50,-88.2157
12550,50,50,50,-87.9719
12450,50,50,50,-87.4922
12350,50,50,50,-86.5927
12250,50,50,50,-84.9319
12150,50,50,50,-81.886
12050,50,50,50,-76.3209
11950,50,50,50,-66.1857
11850,50,50,50,-47.8307
11750,50,50,50,-15.5381
11650,50,50,50,12.6027
11550,50,50,50,20.9981
11450,50,50,50,23.7666
11350,50,50,50,25.0957
11250,50,50,50,26.0124
11150,50,50,50,26.7644
11050,50,50,50,27.4169
10950,50,50,50,27.9906
10850,50,50,50,28.4944
10750,50,50,50,28.9342
10650,50,50,50,29.3146
10550,50,50,50,29.6397
10450,50,50,50,29.9135
10350,50,50,50,30.1394
10250,50,50,50,30.3209
10150,50,50,50,30.4609
10050,50,50,50,30.5625
9950,50,50,50,30.6284
9850,50,50,50,30.6613
9750,50,50,50,30.6636
9650,50,50,50,30.6377
9550,50,50,50,30.5859
9450,50,50,50,30.5104
9350,50,50,50,30.4131
9250,50,50,50,30.2961
9150,50,50,50,30.1612
9050,50,50,50,30.0101
8950,50,50,50,29.8446
8850,50,50,50,29.6662
8750,50,50,50,29.4765
8650,50,50,50,29.2768
8550,50,50,50,29.0684
8450,50,50,50,28.8527
8350,50,50,50,28.6307
8250,50,50,50,28.4036
8150,50,50,50,28.1724
8050,50,50,50,27.938
7950,50,50,50,27.7012
7850,50,50,50,27.4629
7750,50,50,50,27.2238
7650,50,50,50,26.9845
7550,50,50,50,26.7456
7450,50,50,50,26.5078
7350,50,50,50,26.2715
7250,50,50,50,26.0371
7150,50,50,50,25.805
7050,50,50,50,25.5755
6950,50,50,50,25.349
6850,50,50,50,25.1258
6750,50,50,50,24.906
6650,50,50,50,24.6898
6550,50,50,50,24.4774
6450,50,50,50,24.269
6350,50,50,50,24.0646
6250,50,50,50,23.8644
6150,50,50,50,23.6683
6050,50,50,50,23.4765
5950,50,50,50,23.289
5850,50,50,50,23.1057
5750,50,50,50,22.9268
5650,50,50,50,22.7521
5550,50,50,50,22.5816
5450,50,50,50,22.4153
5350,50,50,50,22.2533
5250,50,50,50,22.0953
5150,50,50,50,21.9414
5050,50,50,50,21.7915
4950,50,50,50,21.6455
4850,50,50,50,21.5034
4750,50,50,50,21.3651
4650,50,50,50,21.2305
4550,50,50,50,21.0996
4450,50,50,50,20.9722
4350,50,50,50,20.8483
4250,50,50,50,20.7278
4150,50,50,50,20.6105
4050,50,50,50,20.4966
3950,50,50,50,20.3857
3850,50,50,50,20.2779
3750,50,50,50,20.173
3650,50,50,50,20.071
3550,50,50,50,19.9718
3450,50,50,50,19.8753
3350,50,50,50,19.7815
3250,50,50,50,19.6901
3150,50,50,50,19.6011
3050,50,50,50,19.5145
2950,50,50,50,19.4301
2850,50,50,50,19.3478
2750,50,50,50,19.2676
2650,50,50,50,19.1893
2550,50,50,50,19.1128
2450,50,50,50,19.038
2350,50,50,50,18.9647
2250,50,50,50,18.8929
2150,50,50,50,18.8224
2050,50,50,50,18.7531
1950,50,50,50,18.6847
1850,50,50,50,18.617
1750,50,50,50,18.5499
1650,50,50,50,18.4832
1550,50,50,50,18.4165
1450,50,50,50,18.3496
1350,50,50,50,18.2822
1250,50,50,50,18.2139
1150,50,50,50,18.1444
1050,50,50,50,18.0734
950,50,50,50,18.0005
850,50,50,50,17.9255
750,50,50,50,17.8481
650,50,50,50,17.7685
550,50,50,50,17.6871
450,50,50,50,17.6054
350,50,50,50,17.5268
250,50,50,50,17.4572
150,50,50,50,17.4044
50,50,50,50,17.3757
