12750,50,50,50,17.9347
12650,50,50,50,17.9414
12550,50,50,50,17.9526
12450,50,50,50,17.9655
12350,50,50,50,17.9776
12250,50,50,50,17.987
12150,50,50,50,17.9928
12050,50,50,50,17.9944
11950,50,50,50,17.9915
11850,50,50,50,17.9841
11750,50,50,50,17.9724
11650,50,50,50,17.9567
11550,50,50,50,17.9375
11450,50,50,50,17.9151
11350,50,50,50,17.89
11250,50,50,50,17.8625
11150,50,50,50,17.833
11050,50,50,50,17.802
10950,50,50,50,17.7697
10850,50,50,50,17.7364
10750,50,50,50,17.7023
10650,50,50,50,17.6677
10550,50,50,50,17.6328
10450,50,50,50,17.5976
10350,50,50,50,17.5624
10250,50,50,50,17.5272
10150,50,50,50,17.4922
10050,50,50,50,17.4573
9950,50,50,50,17.4228
9850,50,50,50,17.3885
9750,50,50,50,17.3545
9650,50,50,50,17.3209
9550,50,50,50,17.2877
9450,50,50,50,17.2548
9350,50,50,50,17.2224
9250,50,50,50,17.1904
9150,50,50,50,17.1587
9050,50,50,50,17.1275
8950,50,50,50,17.0967
8850,50,50,50,17.0662
8750,50,50,50,17.0362
8650,50,50,50,17.0065
8550,50,50,50,16.9771
8450,50,50,50,16.9482
8350,50,50,50,16.9195
8250,50,50,50,16.8913
8150,50,50,50,16.8633
8050,50,50,50,16.8357
7950,50,50,50,16.8083
7850,50,50,50,16.7813
7750,50,50,50,16.7545
7650,50,50,50,16.7281
7550,50,50,50,16.7019
7450,50,50,50,16.6759
7350,50,50,50,16.6503
7250,50,50,50,16.6248
7150,50,50,50,16.5996
7050,50,50,50,16.5746
6950,50,50,50,16.5499
6850,50,50,50,16.5253
6750,50,50,50,16.501
6650,50,50,50,16.4769
6550,50,50,50,16.453
6450,50,50,50,16.4292
6350,50,50,50,16.4057
6250,50,50,50,16.3823
6150,50,50,50,16.3591
6050,50,50,50,16.336
5950,50,50,50,16.3131
5850,50,50,50,16.2904
5750,50,50,50,16.2678
5650,50,50,50,16.2454
5550,50,50,50,16.2231
5450,50,50,50,16.2009
5350,50,50,50,16.1789
5250,50,50,50,16.157
5150,50,50,50,16.1353
5050,50,50,50,16.1136
4950,50,50,50,16.0921
4850,50,50,50,16.0707
4750,50,50,50,16.0494
4650,50,50,50,16.0282
4550,50,50,50,16.0071
4450,50,50,50,15.9862
4350,50,50,50,15.9653
4250,50,50,50,15.9445
4150,50,50,50,15.9238
4050,50,50,50,15.9032
3950,50,50,50,15.8827
3850,50,50,50,15.8622
3750,50,50,50,15.8419
3650,50,50,50,15.8216
3550,50,50,50,15.8013
3450,50,50,50,15.7811
3350,50,50,50,15.761
3250,50,50,50,15.7409
3150,50,50,50,15.7208
3050,50,50,50,15.7008
2950,50,50,50,15.6808
2850,50,50,50,15.6607
2750,50,50,50,15.6407
2650,50,50,50,15.6206
2550,50,50,50,15.6004
2450,50,50,50,15.5801
2350,50,50,50,15.5597
2250,50,50,50,15.5392
2150,50,50,50,15.5184
2050,50,50,50,15.4974
1950,50,50,50,15.476
1850,50,50,50,15.4543
1750,50,50,50,15.432
1650,50,50,50,15.4092
1550,50,50,50,15.3857
1450,50,50,50,15.3614
1350,50,50,50,15.336
1250,50,50,50,15.3096
1150,50,50,50,15.2819
1050,50,50,50,15.2527
950,50,50,50,15.2218
850,50,50,50,15.1892
750,50,50,50,15.1546
650,50,50,50,15.1182
550,50,50,50,15.0803
450,50,50,50,15.0414
350,50,50,50,15.0035
250,50,50,50,14.9695
150,50,50,50,14.9434
50,50,50,50,14.9292
