12750,50,50,50,-88.2995
12650,50,50,50,-88.2995
12550,50,50,50,-88.2995
12450,50,50,50,-88.2995
12350,50,50,50,-88.2995
12250,50,50,50,-88.2995
12150,50,50,50,-88.2995
12050,50,50,50,-88.2995
11950,50,50,50,-88.2995
11850,50,50,50,-88.2995
11750,50,50,50,-88.2995
11650,50,50,50,-88.2995
11550,50,50,50,-88.2995
11450,50,50,50,-88.2995
11350,50,50,50,-88.2995
11250,50,50,50,-88.2995
11150,50,50,50,-88.2995
11050,50,50,50,-88.2995
10950,50,50,50,-88.2995
10850,50,50,50,-88.2995
10750,50,50,50,-88.2995
10650,50,50,50,-88.2995
10550,50,50,50,-88.2995
10450,50,50,50,-88.2995
10350,50,50,50,-88.2995
10250,50,50,50,-88.2995
10150,50,50,50,-88.2995
10050,50,50,50,-88.2995
9950,50,50,50,-88.2995
9850,50,50,50,-88.2995
9750,50,50,50,-88.2995
9650,50,50,50,-88.2995
9550,50,50,50,-88.2995
9450,50,50,50,-88.2995
9350,50,50,50,-88.2995
9250,50,50,50,-88.2995
9150,50,50,50,-88.2995
9050,50,50,50,-88.2995
8950,50,50,50,-88.2995
8850,50,50,50,-88.2995
8750,50,50,50,-88.2995
8650,50,50,50,-88.2995
8550,50,50,50,-88.2995
8450,50,50,50,-88.2995
8350,50,50,50,-88.2995
8250,50,50,50,-88.2995
8150,50,50,50,-88.2995
8050,50,50,50,-88.2995
7950,50,50,50,-88.2995
7850,50,50,50,-88.2995
7750,50,50,50,-88.2995
7650,50,50,50,-88.2995
7550,50,50,50,-88.2995
7450,50,50,50,-88.2995
7350,50,50,50,-88.2995
7250,50,50,50,-88.2995
7150,50,50,50,-88.2995
7050,50,50,50,-88.2994
6950,50,50,50,-88.2993
6850,50,50,50,-88.2992
6750,50,50,50,-88.299
6650,50,50,50,-88.2986
6550,50,50,50,-88.298
6450,50,50,50,-88.2967
6350,50,50,50,-88.2944
6250,50,50,50,-88.2902
6150,50,50,50,-88.2825
6050,50,50,50,-88.2684
5950,50,50,50,-88.2426
5850,50,50,50,-88.1952
5750,50,50,50,-88.1085
5650,50,50,50,-87.9497
5550,50,50,50,-87.6589
5450,50,50,50,-87.127
5350,50,50,50,-86.1558
5250,50,50,50,-84.3861
5150,50,50,50,-81.1687
5050,50,50,50,-75.3314
4950,50,50,50,-64.7661
4850,50,50,50,-45.7399
4750,50,50,50,-12.7255
4650,50,50,50,12.4533
4550,50,50,50,20.1746
4450,50,50,50,22.8388
4350,50,50,50,24.175
4250,50,50,50,25.1229
4150,50,50,50,25.911
4050,50,50,50,26.5992
3950,50,50,50,27.2071
3850,50,50,50,27.7434
3750,50,50,50,28.2143
3650,50,50,50,28.6245
3550,50,50,50,28.9784
3450,50,50,50,29.2799
3350,50,50,50,29.5328
3250,50,50,50,29.7405
3150,50,50,50,29.9063
3050,50,50,50,30.0331
2950,50,50,50,30.1239
2850,50,50,50,30.1812
2750,50,50,50,30.2077
2650,50,50,50,30.2057
2550,50,50,50,30.1774
2450,50,50,50,30.1249
2350,50,50,50,30.0503
2250,50,50,50,29.9554
2150,50,50,50,29.8417
2050,50,50,50,29.711
1950,50,50,50,29.5645
1850,50,50,50,29.4036
1750,50,50,50,29.2294
1650,50,50,50,29.0429
1550,50,50,50,28.845
1450,50,50,50,28.6366
1350,50,50,50,28.4183
1250,50,50,50,28.1909
1150,50,50,50,27.955
1050,50,50,50,27.7113
950,50,50,50,27.4607
850,50,50,50,27.2041
750,50,50,50,26.943
650,50,50,50,26.6793
550,50,50,50,26.416
450,50,50,50,26.1579
350,50,50,50,25.9147
250,50,50,50,25.7024
150,50,50,50,25.5427
50,50,50,50,25.4564
