12750,50,50,50,-88.1059
12650,50,50,50,-88.1059
12550,50,50,50,-88.1059
12450,50,50,50,-88.1059
12350,50,50,50,-88.1059
12250,50,50,50,-88.1059
12150,50,50,50,-88.1059
12050,50,50,50,-88.1059
11950,50,50,50,-88.1059
11850,50,50,50,-88.1059
11750,50,50,50,-88.1059
11650,50,50,50,-88.1059
11550,50,50,50,-88.1059
11450,50,50,50,-88.1059
11350,50,50,50,-88.1059
11250,50,50,50,-88.1059
11150,50,50,50,-88.1059
11050,50,50,50,-88.1059
10950,50,50,50,-88.1059
10850,50,50,50,-88.1059
10750,50,50,50,-88.1059
10650,50,50,50,-88.1059
10550,50,50,50,-88.1059
10450,50,50,50,-88.1059
10350,50,50,50,-88.1059
10250,50,50,50,-88.1059
10150,50,50,50,-88.1059
10050,50,50,50,-88.1059
9950,50,50,50,-88.1059
9850,50,50,50,-88.1059
9750,50,50,50,-88.1059
9650,50,50,50,-88.1059
9550,50,50,50,-88.1059
9450,50,50,50,-88.1059
9350,50,50,50,-88.1059
9250,50,50,50,-88.1059
9150,50,50,50,-88.1059
9050,50,50,50,-88.1059
8950,50,50,50,-88.1059
8850,50,50,50,-88.1059
8750,50,50,50,-88.1059
8650,50,50,50,-88.1059
8550,50,50,50,-88.1059
8450,50,50,50,-88.1059
8350,50,50,50,-88.1059
8250,50,50,50,-88.1059
8150,50,50,50,-88.1059
8050,50,50,50,-88.1059
7950,50,50,50,-88.1059
7850,50,50,50,-88.1059
7750,50,50,50,-88.1059
7650,50,50,50,-88.1059
7550,50,50,50,-88.1059
7450,50,50,50,-88.1059
7350,50,50,50,-88.1059
7250,50,50,50,-88.1059
7150,50,50,50,-88.1059
7050,50,50,50,-88.1059
6950,50,50,50,-88.1059
6850,50,50,50,-88.1059
6750,50,50,50,-88.1059
6650,50,50,50,-88.1059
6550,50,50,50,-88.1059
6450,50,50,50,-88.1059
6350,50,50,50,-88.1059
6250,50,50,50,-88.1059
6150,50,50,50,-88.1059
6050,50,50,50,-88.1058
5950,50,50,50,-88.1058
5850,50,50,50,-88.1058
5750,50,50,50,-88.1057
5650,50,50,50,-88.1055
5550,50,50,50,-88.1052
5450,50,50,50,-88.1047
5350,50,50,50,-88.1038
5250,50,50,50,-88.1021
5150,50,50,50,-88.099
5050,50,50,50,-88.0934
4950,50,50,50,-88.0831
4850,50,50,50,-88.0644
4750,50,50,50,-88.0301
4650,50,50,50,-87.9676
4550,50,50,50,-87.8534
4450,50,50,50,-87.6449
4350,50,50,50,-87.2642
4250,50,50,50,-86.5701
4150,50,50,50,-85.3063
4050,50,50,50,-83.0096
3950,50,50,50,-78.8424
3850,50,50,50,-71.2925
3750,50,50,50,-57.6625
3650,50,50,50,-33.3982
3550,50,50,50,2.69846
3450,50,50,50,16.6445
3350,50,50,50,21.2617
3250,50,50,50,23.2017
3150,50,50,50,24.3522
3050,50,50,50,25.2357
2950,50,50,50,25.9921
2850,50,50,50,26.6594
2750,50,50,50,27.2512
2650,50,50,50,27.7747
2550,50,50,50,28.2355
2450,50,50,50,28.6386
2350,50,50,50,28.9883
2250,50,50,50,29.2887
2150,50,50,50,29.5436
2050,50,50,50,29.7563
1950,50,50,50,29.9299
1850,50,50,50,30.0673
1750,50,50,50,30.1707
1650,50,50,50,30.2422
1550,50,50,50,30.2836
1450,50,50,50,30.2962
1350,50,50,50,30.281
1250,50,50,50,30.2387
1150,50,50,50,30.1698
1050,50,50,50,30.0748
950,50,50,50,29.9539
850,50,50,50,29.8078
750,50,50,50,29.6376
650,50,50,50,29.4451
550,50,50,50,29.2336
450,50,50,50,29.0085
350,50,50,50,28.7819
250,50,50,50,28.5738
150,50,50,50,28.4117
50,50,50,50,28.3225
