12750,50,50,50,12.6455
12650,50,50,50,12.6466
12550,50,50,50,12.6484
12450,50,50,50,12.6501
12350,50,50,50,12.6514
12250,50,50,50,12.6519
12150,50,50,50,12.6512
12050,50,50,50,12.6494
11950,50,50,50,12.6463
11850,50,50,50,12.642
11750,50,50,50,12.6366
11650,50,50,50,12.63
11550,50,50,50,12.6225
11450,50,50,50,12.6141
11350,50,50,50,12.6048
11250,50,50,50,12.5948
11150,50,50,50,12.5842
11050,50,50,50,12.5731
10950,50,50,50,12.5615
10850,50,50,50,12.5494
10750,50,50,50,12.5371
10650,50,50,50,12.5244
10550,50,50,50,12.5115
10450,50,50,50,12.4984
10350,50,50,50,12.4852
10250,50,50,50,12.4717
10150,50,50,50,12.4582
10050,50,50,50,12.4446
9950,50,50,50,12.4308
9850,50,50,50,12.417
9750,50,50,50,12.4032
9650,50,50,50,12.3893
9550,50,50,50,12.3754
9450,50,50,50,12.3614
9350,50,50,50,12.3474
9250,50,50,50,12.3334
9150,50,50,50,12.3194
9050,50,50,50,12.3054
8950,50,50,50,12.2914
8850,50,50,50,12.2773
8750,50,50,50,12.2633
8650,50,50,50,12.2492
8550,50,50,50,12.2352
8450,50,50,50,12.2212
8350,50,50,50,12.2071
8250,50,50,50,12.1931
8150,50,50,50,12.179
8050,50,50,50,12.165
7950,50,50,50,12.151
7850,50,50,50,12.1369
7750,50,50,50,12.1229
7650,50,50,50,12.1089
7550,50,50,50,12.0949
7450,50,50,50,12.0809
7350,50,50,50,12.0668
7250,50,50,50,12.0528
7150,50,50,50,12.0388
7050,50,50,50,12.0248
6950,50,50,50,12.0108
6850,50,50,50,11.9968
6750,50,50,50,11.9829
6650,50,50,50,11.9689
6550,50,50,50,11.9549
6450,50,50,50,11.9409
6350,50,50,50,11.9269
6250,50,50,50,11.913
6150,50,50,50,11.899
6050,50,50,50,11.885
5950,50,50,50,11.8711
5850,50,50,50,11.8571
5750,50,50,50,11.8432
5650,50,50,50,11.8292
5550,50,50,50,11.8153
5450,50,50,50,11.8013
5350,50,50,50,11.7873
5250,50,50,50,11.7734
5150,50,50,50,11.7595
5050,50,50,50,11.7455
4950,50,50,50,11.7316
4850,50,50,50,11.7176
4750,50,50,50,11.7037
4650,50,50,50,11.6897
4550,50,50,50,11.6758
4450,50,50,50,11.6618
4350,50,50,50,11.6479
4250,50,50,50,11.6339
4150,50,50,50,11.62
4050,50,50,50,11.606
3950,50,50,50,11.592
3850,50,50,50,11.5781
3750,50,50,50,11.5641
3650,50,50,50,11.5501
3550,50,50,50,11.5361
3450,50,50,50,11.5221
3350,50,50,50,11.5081
3250,50,50,50,11.4941
3150,50,50,50,11.48
3050,50,50,50,11.4659
2950,50,50,50,11.4518
2850,50,50,50,11.4377
2750,50,50,50,11.4235
2650,50,50,50,11.4093
2550,50,50,50,11.395
2450,50,50,50,11.3807
2350,50,50,50,11.3663
2250,50,50,50,11.3518
2150,50,50,50,11.3372
2050,50,50,50,11.3225
1950,50,50,50,11.3078
1850,50,50,50,11.2928
1750,50,50,50,11.2778
1650,50,50,50,11.2625
1550,50,50,50,11.2471
1450,50,50,50,11.2315
1350,50,50,50,11.2156
1250,50,50,50,11.1995
1150,50,50,50,11.1831
1050,50,50,50,11.1664
950,50,50,50,11.1495
850,50,50,50,11.1323
750,50,50,50,11.1149
650,50,50,50,11.0975
550,50,50,50,11.0802
450,50,50,50,11.0633
350,50,50,50,11.0475
250,50,50,50,11.0339
150,50,50,50,11.0237
50,50,50,50,11.0182
