12750,50,50,50,11.9062
12650,50,50,50,11.9069
12550,50,50,50,11.9078
12450,50,50,50,11.9085
12350,50,50,50,11.9087
12250,50,50,50,11.908
12150,50,50,50,11.9063
12050,50,50,50,11.9035
11950,50,50,50,11.8996
11850,50,50,50,11.8947
11750,50,50,50,11.8886
11650,50,50,50,11.8817
11550,50,50,50,11.8738
11450,50,50,50,11.8651
11350,50,50,50,11.8557
11250,50,50,50,11.8457
11150,50,50,50,11.8351
11050,50,50,50,11.824
10950,50,50,50,11.8125
10850,50,50,50,11.8006
10750,50,50,50,11.7884
10650,50,50,50,11.776
10550,50,50,50,11.7632
10450,50,50,50,11.7503
10350,50,50,50,11.7373
10250,50,50,50,11.7241
10150,50,50,50,11.7107
10050,50,50,50,11.6973
9950,50,50,50,11.6838
9850,50,50,50,11.6702
9750,50,50,50,11.6566
9650,50,50,50,11.6429
9550,50,50,50,11.6292
9450,50,50,50,11.6155
9350,50,50,50,11.6017
9250,50,50,50,11.5879
9150,50,50,50,11.574
9050,50,50,50,11.5602
8950,50,50,50,11.5464
8850,50,50,50,11.5325
8750,50,50,50,11.5186
8650,50,50,50,11.5047
8550,50,50,50,11.4908
8450,50,50,50,11.477
8350,50,50,50,11.4631
8250,50,50,50,11.4492
8150,50,50,50,11.4353
8050,50,50,50,11.4214
7950,50,50,50,11.4075
7850,50,50,50,11.3936
7750,50,50,50,11.3796
7650,50,50,50,11.3657
7550,50,50,50,11.3518
7450,50,50,50,11.3379
7350,50,50,50,11.324
7250,50,50,50,11.3101
7150,50,50,50,11.2962
7050,50,50,50,11.2822
6950,50,50,50,11.2683
6850,50,50,50,11.2544
6750,50,50,50,11.2405
6650,50,50,50,11.2266
6550,50,50,50,11.2127
6450,50,50,50,11.1987
6350,50,50,50,11.1848
6250,50,50,50,11.1709
6150,50,50,50,11.157
6050,50,50,50,11.1431
5950,50,50,50,11.1291
5850,50,50,50,11.1152
5750,50,50,50,11.1013
5650,50,50,50,11.0873
5550,50,50,50,11.0734
5450,50,50,50,11.0595
5350,50,50,50,11.0455
5250,50,50,50,11.0316
5150,50,50,50,11.0176
5050,50,50,50,11.0037
4950,50,50,50,10.9897
4850,50,50,50,10.9758
4750,50,50,50,10.9618
4650,50,50,50,10.9479
4550,50,50,50,10.9339
4450,50,50,50,10.9199
4350,50,50,50,10.9059
4250,50,50,50,10.8919
4150,50,50,50,10.8779
4050,50,50,50,10.8639
3950,50,50,50,10.8499
3850,50,50,50,10.8359
3750,50,50,50,10.8219
3650,50,50,50,10.8078
3550,50,50,50,10.7938
3450,50,50,50,10.7797
3350,50,50,50,10.7656
3250,50,50,50,10.7515
3150,50,50,50,10.7374
3050,50,50,50,10.7232
2950,50,50,50,10.709
2850,50,50,50,10.6948
2750,50,50,50,10.6806
2650,50,50,50,10.6663
2550,50,50,50,10.6519
2450,50,50,50,10.6375
2350,50,50,50,10.6231
2250,50,50,50,10.6086
2150,50,50,50,10.594
2050,50,50,50,10.5793
1950,50,50,50,10.5646
1850,50,50,50,10.5497
1750,50,50,50,10.5347
1650,50,50,50,10.5196
1550,50,50,50,10.5043
1450,50,50,50,10.4889
1350,50,50,50,10.4733
1250,50,50,50,10.4576
1150,50,50,50,10.4417
1050,50,50,50,10.4257
950,50,50,50,10.4095
850,50,50,50,10.3932
750,50,50,50,10.3769
650,50,50,50,10.3607
550,50,50,50,10.3447
450,50,50,50,10.3294
350,50,50,50,10.3152
250,50,50,50,10.303
150,50,50,50,10.294
50,50,50,50,10.2892
