12750,50,50,50,15.2881
12650,50,50,50,15.2921
12550,50,50,50,15.2991
12450,50,50,50,15.3074
12350,50,50,50,15.3157
12250,50,50,50,15.323
12150,50,50,50,15.3287
12050,50,50,50,15.3324
11950,50,50,50,15.334
11850,50,50,50,15.3333
11750,50,50,50,15.3306
11650,50,50,50,15.3259
11550,50,50,50,15.3193
11450,50,50,50,15.3111
11350,50,50,50,15.3014
11250,50,50,50,15.2904
11150,50,50,50,15.2783
11050,50,50,50,15.2652
10950,50,50,50,15.2513
10850,50,50,50,15.2367
10750,50,50,50,15.2216
10650,50,50,50,15.206
10550,50,50,50,15.1899
10450,50,50,50,15.1736
10350,50,50,50,15.157
10250,50,50,50,15.1402
10150,50,50,50,15.1232
10050,50,50,50,15.1061
9950,50,50,50,15.0889
9850,50,50,50,15.0716
9750,50,50,50,15.0543
9650,50,50,50,15.0369
9550,50,50,50,15.0195
9450,50,50,50,15.0021
9350,50,50,50,14.9847
9250,50,50,50,14.9673
9150,50,50,50,14.95
9050,50,50,50,14.9326
8950,50,50,50,14.9153
8850,50,50,50,14.898
8750,50,50,50,14.8807
8650,50,50,50,14.8635
8550,50,50,50,14.8463
8450,50,50,50,14.8291
8350,50,50,50,14.812
8250,50,50,50,14.7949
8150,50,50,50,14.7778
8050,50,50,50,14.7608
7950,50,50,50,14.7438
7850,50,50,50,14.7268
7750,50,50,50,14.7099
7650,50,50,50,14.693
7550,50,50,50,14.6762
7450,50,50,50,14.6594
7350,50,50,50,14.6426
7250,50,50,50,14.6259
7150,50,50,50,14.6092
7050,50,50,50,14.5925
6950,50,50,50,14.5759
6850,50,50,50,14.5593
6750,50,50,50,14.5428
6650,50,50,50,14.5263
6550,50,50,50,14.5098
6450,50,50,50,14.4933
6350,50,50,50,14.4769
6250,50,50,50,14.4605
6150,50,50,50,14.4442
6050,50,50,50,14.4279
5950,50,50,50,14.4116
5850,50,50,50,14.3953
5750,50,50,50,14.3791
5650,50,50,50,14.3629
5550,50,50,50,14.3467
5450,50,50,50,14.3306
5350,50,50,50,14.3145
5250,50,50,50,14.2984
5150,50,50,50,14.2824
5050,50,50,50,14.2663
4950,50,50,50,14.2504
4850,50,50,50,14.2344
4750,50,50,50,14.2184
4650,50,50,50,14.2025
4550,50,50,50,14.1866
4450,50,50,50,14.1708
4350,50,50,50,14.1549
4250,50,50,50,14.1391
4150,50,50,50,14.1233
4050,50,50,50,14.1075
3950,50,50,50,14.0917
3850,50,50,50,14.076
3750,50,50,50,14.0602
3650,50,50,50,14.0445
3550,50,50,50,14.0288
3450,50,50,50,14.013
3350,50,50,50,13.9973
3250,50,50,50,13.9816
3150,50,50,50,13.9659
3050,50,50,50,13.9502
2950,50,50,50,13.9344
2850,50,50,50,13.9186
2750,50,50,50,13.9028
2650,50,50,50,13.8869
2550,50,50,50,13.8709
2450,50,50,50,13.8549
2350,50,50,50,13.8388
2250,50,50,50,13.8225
2150,50,50,50,13.8061
2050,50,50,50,13.7895
1950,50,50,50,13.7727
1850,50,50,50,13.7557
1750,50,50,50,13.7383
1650,50,50,50,13.7206
1550,50,50,50,13.7024
1450,50,50,50,13.6837
1350,50,50,50,13.6645
1250,50,50,50,13.6445
1150,50,50,50,13.6239
1050,50,50,50,13.6024
950,50,50,50,13.58
850,50,50,50,13.5566
750,50,50,50,13.5322
650,50,50,50,13.5069
550,50,50,50,13.4808
450,50,50,50,13.4546
350,50,50,50,13.4293
250,50,50,50,13.4068
150,50,50,50,13.3897
50,50,50,50,13.3804
