12750,50,50,50,12.2332
12650,50,50,50,12.2341
12550,50,50,50,12.2353
12450,50,50,50,12.2365
12350,50,50,50,12.2371
12250,50,50,50,12.2369
12150,50,50,50,12.2356
12050,50,50,50,12.2332
11950,50,50,50,12.2297
11850,50,50,50,12.225
11750,50,50,50,12.2193
11650,50,50,50,12.2125
11550,50,50,50,12.2048
11450,50,50,50,12.1962
11350,50,50,50,12.1869
11250,50,50,50,12.1769
11150,50,50,50,12.1663
11050,50,50,50,12.1552
10950,50,50,50,12.1437
10850,50,50,50,12.1317
10750,50,50,50,12.1195
10650,50,50,50,12.107
10550,50,50,50,12.0942
10450,50,50,50,12.0812
10350,50,50,50,12.0681
10250,50,50,50,12.0548
10150,50,50,50,12.0414
10050,50,50,50,12.028
9950,50,50,50,12.0144
9850,50,50,50,12.0007
9750,50,50,50,11.987
9650,50,50,50,11.9733
9550,50,50,50,11.9595
9450,50,50,50,11.9457
9350,50,50,50,11.9319
9250,50,50,50,11.918
9150,50,50,50,11.9041
9050,50,50,50,11.8902
8950,50,50,50,11.8763
8850,50,50,50,11.8624
8750,50,50,50,11.8485
8650,50,50,50,11.8346
8550,50,50,50,11.8206
8450,50,50,50,11.8067
8350,50,50,50,11.7928
8250,50,50,50,11.7788
8150,50,50,50,11.7649
8050,50,50,50,11.751
7950,50,50,50,11.737
7850,50,50,50,11.7231
7750,50,50,50,11.7092
7650,50,50,50,11.6952
7550,50,50,50,11.6813
7450,50,50,50,11.6674
7350,50,50,50,11.6535
7250,50,50,50,11.6395
7150,50,50,50,11.6256
7050,50,50,50,11.6117
6950,50,50,50,11.5977
6850,50,50,50,11.5838
6750,50,50,50,11.5699
6650,50,50,50,11.556
6550,50,50,50,11.5421
6450,50,50,50,11.5282
6350,50,50,50,11.5142
6250,50,50,50,11.5003
6150,50,50,50,11.4864
6050,50,50,50,11.4725
5950,50,50,50,11.4586
5850,50,50,50,11.4447
5750,50,50,50,11.4308
5650,50,50,50,11.4168
5550,50,50,50,11.4029
5450,50,50,50,11.389
5350,50,50,50,11.3751
5250,50,50,50,11.3612
5150,50,50,50,11.3473
5050,50,50,50,11.3333
4950,50,50,50,11.3194
4850,50,50,50,11.3055
4750,50,50,50,11.2915
4650,50,50,50,11.2776
4550,50,50,50,11.2637
4450,50,50,50,11.2497
4350,50,50,50,11.2358
4250,50,50,50,11.2218
4150,50,50,50,11.2079
4050,50,50,50,11.1939
3950,50,50,50,11.18
3850,50,50,50,11.166
3750,50,50,50,11.152
3650,50,50,50,11.138
3550,50,50,50,11.124
3450,50,50,50,11.11
3350,50,50,50,11.096
3250,50,50,50,11.0819
3150,50,50,50,11.0679
3050,50,50,50,11.0538
2950,50,50,50,11.0396
2850,50,50,50,11.0255
2750,50,50,50,11.0113
2650,50,50,50,10.997
2550,50,50,50,10.9828
2450,50,50,50,10.9684
2350,50,50,50,10.954
2250,50,50,50,10.9395
2150,50,50,50,10.925
2050,50,50,50,10.9103
1950,50,50,50,10.8956
1850,50,50,50,10.8807
1750,50,50,50,10.8657
1650,50,50,50,10.8506
1550,50,50,50,10.8353
1450,50,50,50,10.8198
1350,50,50,50,10.8041
1250,50,50,50,10.7882
1150,50,50,50,10.7721
1050,50,50,50,10.7558
950,50,50,50,10.7394
850,50,50,50,10.7227
750,50,50,50,10.706
650,50,50,50,10.6893
550,50,50,50,10.6728
450,50,50,50,10.6568
350,50,50,50,10.6419
250,50,50,50,10.6292
150,50,50,50,10.6197
50,50,50,50,10.6146
