12750,50,50,50,12.8957
12650,50,50,50,12.897
12550,50,50,50,12.8991
12450,50,50,50,12.9013
12350,50,50,50,12.903
12250,50,50,50,12.9039
12150,50,50,50,12.9036
12050,50,50,50,12.9022
11950,50,50,50,12.8994
11850,50,50,50,12.8954
11750,50,50,50,12.8901
11650,50,50,50,12.8837
11550,50,50,50,12.8763
11450,50,50,50,12.8679
11350,50,50,50,12.8587
11250,50,50,50,12.8487
11150,50,50,50,12.8381
11050,50,50,50,12.8269
10950,50,50,50,12.8152
10850,50,50,50,12.8031
10750,50,50,50,12.7906
10650,50,50,50,12.7779
10550,50,50,50,12.7649
10450,50,50,50,12.7516
10350,50,50,50,12.7382
10250,50,50,50,12.7247
10150,50,50,50,12.711
10050,50,50,50,12.6972
9950,50,50,50,12.6834
9850,50,50,50,12.6695
9750,50,50,50,12.6555
9650,50,50,50,12.6415
9550,50,50,50,12.6274
9450,50,50,50,12.6133
9350,50,50,50,12.5992
9250,50,50,50,12.5851
9150,50,50,50,12.571
9050,50,50,50,12.5568
8950,50,50,50,12.5427
8850,50,50,50,12.5285
8750,50,50,50,12.5144
8650,50,50,50,12.5002
8550,50,50,50,12.4861
8450,50,50,50,12.4719
8350,50,50,50,12.4578
8250,50,50,50,12.4436
8150,50,50,50,12.4295
8050,50,50,50,12.4154
7950,50,50,50,12.4012
7850,50,50,50,12.3871
7750,50,50,50,12.373
7650,50,50,50,12.3589
7550,50,50,50,12.3448
7450,50,50,50,12.3306
7350,50,50,50,12.3165
7250,50,50,50,12.3025
7150,50,50,50,12.2884
7050,50,50,50,12.2743
6950,50,50,50,12.2602
6850,50,50,50,12.2461
6750,50,50,50,12.2321
6650,50,50,50,12.218
6550,50,50,50,12.204
6450,50,50,50,12.1899
6350,50,50,50,12.1759
6250,50,50,50,12.1618
6150,50,50,50,12.1478
6050,50,50,50,12.1338
5950,50,50,50,12.1198
5850,50,50,50,12.1057
5750,50,50,50,12.0917
5650,50,50,50,12.0777
5550,50,50,50,12.0637
5450,50,50,50,12.0497
5350,50,50,50,12.0357
5250,50,50,50,12.0217
5150,50,50,50,12.0077
5050,50,50,50,11.9937
4950,50,50,50,11.9797
4850,50,50,50,11.9657
4750,50,50,50,11.9517
4650,50,50,50,11.9377
4550,50,50,50,11.9237
4450,50,50,50,11.9098
4350,50,50,50,11.8958
4250,50,50,50,11.8818
4150,50,50,50,11.8678
4050,50,50,50,11.8538
3950,50,50,50,11.8398
3850,50,50,50,11.8258
3750,50,50,50,11.8118
3650,50,50,50,11.7978
3550,50,50,50,11.7838
3450,50,50,50,11.7697
3350,50,50,50,11.7557
3250,50,50,50,11.7416
3150,50,50,50,11.7275
3050,50,50,50,11.7134
2950,50,50,50,11.6993
2850,50,50,50,11.6851
2750,50,50,50,11.6709
2650,50,50,50,11.6567
2550,50,50,50,11.6424
2450,50,50,50,11.628
2350,50,50,50,11.6136
2250,50,50,50,11.5991
2150,50,50,50,11.5845
2050,50,50,50,11.5698
1950,50,50,50,11.5549
1850,50,50,50,11.5399
1750,50,50,50,11.5248
1650,50,50,50,11.5095
1550,50,50,50,11.4939
1450,50,50,50,11.4781
1350,50,50,50,11.4621
1250,50,50,50,11.4458
1150,50,50,50,11.4292
1050,50,50,50,11.4122
950,50,50,50,11.395
850,50,50,50,11.3774
750,50,50,50,11.3597
650,50,50,50,11.3417
550,50,50,50,11.3238
450,50,50,50,11.3063
350,50,50,50,11.2899
250,50,50,50,11.2757
150,50,50,50,11.2651
50,50,50,50,11.2594
