12750,50,50,50,11.7433
12650,50,50,50,11.7438
12550,50,50,50,11.7446
12450,50,50,50,11.7451
12350,50,50,50,11.7451
12250,50,50,50,11.7442
12150,50,50,50,11.7423
12050,50,50,50,11.7393
11950,50,50,50,11.7352
11850,50,50,50,11.7301
11750,50,50,50,11.724
11650,50,50,50,11.7169
11550,50,50,50,11.709
11450,50,50,50,11.7003
11350,50,50,50,11.6908
11250,50,50,50,11.6808
11150,50,50,50,11.6702
11050,50,50,50,11.6591
10950,50,50,50,11.6476
10850,50,50,50,11.6357
10750,50,50,50,11.6235
10650,50,50,50,11.611
10550,50,50,50,11.5983
10450,50,50,50,11.5854
10350,50,50,50,11.5724
10250,50,50,50,11.5592
10150,50,50,50,11.5459
10050,50,50,50,11.5325
9950,50,50,50,11.519
9850,50,50,50,11.5055
9750,50,50,50,11.4918
9650,50,50,50,11.4782
9550,50,50,50,11.4645
9450,50,50,50,11.4507
9350,50,50,50,11.437
9250,50,50,50,11.4232
9150,50,50,50,11.4094
9050,50,50,50,11.3955
8950,50,50,50,11.3817
8850,50,50,50,11.3678
8750,50,50,50,11.354
8650,50,50,50,11.3401
8550,50,50,50,11.3262
8450,50,50,50,11.3123
8350,50,50,50,11.2984
8250,50,50,50,11.2845
8150,50,50,50,11.2706
8050,50,50,50,11.2567
7950,50,50,50,11.2428
7850,50,50,50,11.2289
7750,50,50,50,11.215
7650,50,50,50,11.2011
7550,50,50,50,11.1871
7450,50,50,50,11.1732
7350,50,50,50,11.1593
7250,50,50,50,11.1454
7150,50,50,50,11.1315
7050,50,50,50,11.1175
6950,50,50,50,11.1036
6850,50,50,50,11.0897
6750,50,50,50,11.0757
6650,50,50,50,11.0618
6550,50,50,50,11.0479
6450,50,50,50,11.0339
6350,50,50,50,11.02
6250,50,50,50,11.0061
6150,50,50,50,10.9921
6050,50,50,50,10.9782
5950,50,50,50,10.9642
5850,50,50,50,10.9503
5750,50,50,50,10.9363
5650,50,50,50,10.9224
5550,50,50,50,10.9084
5450,50,50,50,10.8945
5350,50,50,50,10.8805
5250,50,50,50,10.8665
5150,50,50,50,10.8525
5050,50,50,50,10.8386
4950,50,50,50,10.8246
4850,50,50,50,10.8106
4750,50,50,50,10.7966
4650,50,50,50,10.7826
4550,50,50,50,10.7686
4450,50,50,50,10.7546
4350,50,50,50,10.7406
4250,50,50,50,10.7266
4150,50,50,50,10.7125
4050,50,50,50,10.6985
3950,50,50,50,10.6844
3850,50,50,50,10.6704
3750,50,50,50,10.6563
3650,50,50,50,10.6422
3550,50,50,50,10.6281
3450,50,50,50,10.614
3350,50,50,50,10.5999
3250,50,50,50,10.5857
3150,50,50,50,10.5716
3050,50,50,50,10.5574
2950,50,50,50,10.5431
2850,50,50,50,10.5289
2750,50,50,50,10.5146
2650,50,50,50,10.5003
2550,50,50,50,10.4859
2450,50,50,50,10.4715
2350,50,50,50,10.457
2250,50,50,50,10.4424
2150,50,50,50,10.4278
2050,50,50,50,10.4131
1950,50,50,50,10.3983
1850,50,50,50,10.3834
1750,50,50,50,10.3684
1650,50,50,50,10.3533
1550,50,50,50,10.3381
1450,50,50,50,10.3227
1350,50,50,50,10.3072
1250,50,50,50,10.2915
1150,50,50,50,10.2757
1050,50,50,50,10.2597
950,50,50,50,10.2437
850,50,50,50,10.2275
750,50,50,50,10.2114
650,50,50,50,10.1954
550,50,50,50,10.1797
450,50,50,50,10.1647
350,50,50,50,10.1508
250,50,50,50,10.1389
150,50,50,50,10.1301
50,50,50,50,10.1254
