12750,50,50,50,18.6764
12650,50,50,50,18.6822
12550,50,50,50,18.6914
12450,50,50,50,18.7011
12350,50,50,50,18.7086
12250,50,50,50,18.7124
12150,50,50,50,18.7114
12050,50,50,50,18.7051
11950,50,50,50,18.6935
11850,50,50,50,18.6765
11750,50,50,50,18.6547
11650,50,50,50,18.6282
11550,50,50,50,18.5978
11450,50,50,50,18.5638
11350,50,50,50,18.5269
11250,50,50,50,18.4874
11150,50,50,50,18.446
11050,50,50,50,18.4029
10950,50,50,50,18.3586
10850,50,50,50,18.3135
10750,50,50,50,18.2677
10650,50,50,50,18.2217
10550,50,50,50,18.1755
10450,50,50,50,18.1294
10350,50,50,50,18.0835
10250,50,50,50,18.0379
10150,50,50,50,17.9927
10050,50,50,50,17.9481
9950,50,50,50,17.904
9850,50,50,50,17.8606
9750,50,50,50,17.8177
9650,50,50,50,17.7756
9550,50,50,50,17.7341
9450,50,50,50,17.6933
9350,50,50,50,17.6531
9250,50,50,50,17.6137
9150,50,50,50,17.5749
9050,50,50,50,17.5369
8950,50,50,50,17.4994
8850,50,50,50,17.4626
8750,50,50,50,17.4264
8650,50,50,50,17.3908
8550,50,50,50,17.3558
8450,50,50,50,17.3214
8350,50,50,50,17.2876
8250,50,50,50,17.2542
8150,50,50,50,17.2214
8050,50,50,50,17.1891
7950,50,50,50,17.1572
7850,50,50,50,17.1259
7750,50,50,50,17.0949
7650,50,50,50,17.0645
7550,50,50,50,17.0344
7450,50,50,50,17.0047
7350,50,50,50,16.9754
7250,50,50,50,16.9465
7150,50,50,50,16.918
7050,50,50,50,16.8897
6950,50,50,50,16.8619
6850,50,50,50,16.8343
6750,50,50,50,16.8071
6650,50,50,50,16.7802
6550,50,50,50,16.7535
6450,50,50,50,16.7271
6350,50,50,50,16.7011
6250,50,50,50,16.6752
6150,50,50,50,16.6496
6050,50,50,50,16.6243
5950,50,50,50,16.5992
5850,50,50,50,16.5743
5750,50,50,50,16.5496
5650,50,50,50,16.5252
5550,50,50,50,16.5009
5450,50,50,50,16.4769
5350,50,50,50,16.453
5250,50,50,50,16.4293
5150,50,50,50,16.4058
5050,50,50,50,16.3825
4950,50,50,50,16.3594
4850,50,50,50,16.3364
4750,50,50,50,16.3135
4650,50,50,50,16.2908
4550,50,50,50,16.2683
4450,50,50,50,16.2459
4350,50,50,50,16.2236
4250,50,50,50,16.2014
4150,50,50,50,16.1794
4050,50,50,50,16.1575
3950,50,50,50,16.1357
3850,50,50,50,16.114
3750,50,50,50,16.0925
3650,50,50,50,16.071
3550,50,50,50,16.0496
3450,50,50,50,16.0282
3350,50,50,50,16.007
3250,50,50,50,15.9858
3150,50,50,50,15.9647
3050,50,50,50,15.9436
2950,50,50,50,15.9225
2850,50,50,50,15.9014
2750,50,50,50,15.8804
2650,50,50,50,15.8593
2550,50,50,50,15.8381
2450,50,50,50,15.8169
2350,50,50,50,15.7955
2250,50,50,50,15.7739
2150,50,50,50,15.7522
2050,50,50,50,15.7302
1950,50,50,50,15.7078
1850,50,50,50,15.685
1750,50,50,50,15.6618
1650,50,50,50,15.6378
1550,50,50,50,15.6132
1450,50,50,50,15.5877
1350,50,50,50,15.5611
1250,50,50,50,15.5334
1150,50,50,50,15.5043
1050,50,50,50,15.4736
950,50,50,50,15.4411
850,50,50,50,15.4067
750,50,50,50,15.3703
650,50,50,50,15.3319
550,50,50,50,15.2918
450,50,50,50,15.2507
350,50,50,50,15.2106
250,50,50,50,15.1745
150,50,50,50,15.1469
50,50,50,50,15.1318
