12750,50,50,50,-88.5134
12650,50,50,50,-88.5134
12550,50,50,50,-88.5134
12450,50,50,50,-88.5134
12350,50,50,50,-88.5134
12250,50,50,50,-88.5134
12150,50,50,50,-88.5134
12050,50,50,50,-88.5134
11950,50,50,50,-88.5134
11850,50,50,50,-88.5134
11750,50,50,50,-88.5134
11650,50,50,50,-88.5134
11550,50,50,50,-88.5134
11450,50,50,50,-88.5134
11350,50,50,50,-88.5134
11250,50,50,50,-88.5134
11150,50,50,50,-88.5134
11050,50,50,50,-88.5134
10950,50,50,50,-88.5134
10850,50,50,50,-88.5134
10750,50,50,50,-88.5134
10650,50,50,50,-88.5134
10550,50,50,50,-88.5134
10450,50,50,50,-88.5134
10350,50,50,50,-88.5134
10250,50,50,50,-88.5134
10150,50,50,50,-88.5134
10050,50,50,50,-88.5134
9950,50,50,50,-88.5133
9850,50,50,50,-88.5133
9750,50,50,50,-88.5132
9650,50,50,50,-88.513
9550,50,50,50,-88.5126
9450,50,50,50,-88.512
9350,50,50,50,-88.5108
9250,50,50,50,-88.5086
9150,50,50,50,-88.5046
9050,50,50,50,-88.4971
8950,50,50,50,-88.4834
8850,50,50,50,-88.4582
8750,50,50,50,-88.4116
8650,50,50,50,-88.3259
8550,50,50,50,-88.168
8450,50,50,50,-87.8775
8350,50,50,50,-87.3434
8250,50,50,50,-86.3637
8150,50,50,50,-84.5709
8050,50,50,50,-81.2999
7950,50,50,50,-75.3453
7850,50,50,50,-64.5321
7750,50,50,50,-44.9911
7650,50,50,50,-11.0498
7550,50,50,50,13.4418
7450,50,50,50,20.9139
7350,50,50,50,23.4821
7250,50,50,50,24.7663
7150,50,50,50,25.6777
7050,50,50,50,26.4357
6950,50,50,50,27.0968
6850,50,50,50,27.6793
6750,50,50,50,28.1918
6650,50,50,50,28.6398
6550,50,50,50,29.0282
6450,50,50,50,29.361
6350,50,50,50,29.6423
6250,50,50,50,29.8755
6150,50,50,50,30.0641
6050,50,50,50,30.2111
5950,50,50,50,30.3196
5850,50,50,50,30.3923
5750,50,50,50,30.4318
5650,50,50,50,30.4408
5550,50,50,50,30.4216
5450,50,50,50,30.3763
5350,50,50,50,30.3073
5250,50,50,50,30.2165
5150,50,50,50,30.1059
5050,50,50,50,29.9773
4950,50,50,50,29.8326
4850,50,50,50,29.6733
4750,50,50,50,29.5011
4650,50,50,50,29.3174
4550,50,50,50,29.1237
4450,50,50,50,28.9212
4350,50,50,50,28.7113
4250,50,50,50,28.495
4150,50,50,50,28.2734
4050,50,50,50,28.0476
3950,50,50,50,27.8185
3850,50,50,50,27.5869
3750,50,50,50,27.3536
3650,50,50,50,27.1193
3550,50,50,50,26.8847
3450,50,50,50,26.6503
3350,50,50,50,26.4168
3250,50,50,50,26.1845
3150,50,50,50,25.9539
3050,50,50,50,25.7254
2950,50,50,50,25.4992
2850,50,50,50,25.2757
2750,50,50,50,25.0551
2650,50,50,50,24.8375
2550,50,50,50,24.6231
2450,50,50,50,24.412
2350,50,50,50,24.2043
2250,50,50,50,23.9999
2150,50,50,50,23.799
2050,50,50,50,23.6014
1950,50,50,50,23.4071
1850,50,50,50,23.216
1750,50,50,50,23.0279
1650,50,50,50,22.8426
1550,50,50,50,22.66
1450,50,50,50,22.4798
1350,50,50,50,22.3018
1250,50,50,50,22.1256
1150,50,50,50,21.9511
1050,50,50,50,21.7779
950,50,50,50,21.6059
850,50,50,50,21.435
750,50,50,50,21.2652
650,50,50,50,21.0971
550,50,50,50,20.9317
450,50,50,50,20.7717
350,50,50,50,20.6223
250,50,50,50,20.4931
150,50,50,50,20.3965
50,50,50,50,20.3445
