12750,50,50,50,15.8456
12650,50,50,50,15.8506
12550,50,50,50,15.8592
12450,50,50,50,15.8696
12350,50,50,50,15.8802
12250,50,50,50,15.8896
12150,50,50,50,15.8973
12050,50,50,50,15.9027
11950,50,50,50,15.9057
11850,50,50,50,15.9061
11750,50,50,50,15.904
11650,50,50,50,15.8997
11550,50,50,50,15.8931
11450,50,50,50,15.8847
11350,50,50,50,15.8745
11250,50,50,50,15.8629
11150,50,50,50,15.8499
11050,50,50,50,15.8358
10950,50,50,50,15.8207
10850,50,50,50,15.8049
10750,50,50,50,15.7884
10650,50,50,50,15.7713
10550,50,50,50,15.7538
10450,50,50,50,15.7359
10350,50,50,50,15.7178
10250,50,50,50,15.6993
10150,50,50,50,15.6808
10050,50,50,50,15.662
9950,50,50,50,15.6432
9850,50,50,50,15.6243
9750,50,50,50,15.6054
9650,50,50,50,15.5864
9550,50,50,50,15.5674
9450,50,50,50,15.5485
9350,50,50,50,15.5295
9250,50,50,50,15.5106
9150,50,50,50,15.4916
9050,50,50,50,15.4728
8950,50,50,50,15.4539
8850,50,50,50,15.4351
8750,50,50,50,15.4164
8650,50,50,50,15.3977
8550,50,50,50,15.3791
8450,50,50,50,15.3605
8350,50,50,50,15.3419
8250,50,50,50,15.3234
8150,50,50,50,15.305
8050,50,50,50,15.2866
7950,50,50,50,15.2683
7850,50,50,50,15.25
7750,50,50,50,15.2318
7650,50,50,50,15.2136
7550,50,50,50,15.1955
7450,50,50,50,15.1774
7350,50,50,50,15.1594
7250,50,50,50,15.1414
7150,50,50,50,15.1235
7050,50,50,50,15.1057
6950,50,50,50,15.0879
6850,50,50,50,15.0701
6750,50,50,50,15.0524
6650,50,50,50,15.0347
6550,50,50,50,15.0171
6450,50,50,50,14.9995
6350,50,50,50,14.982
6250,50,50,50,14.9645
6150,50,50,50,14.9471
6050,50,50,50,14.9297
5950,50,50,50,14.9124
5850,50,50,50,14.8951
5750,50,50,50,14.8778
5650,50,50,50,14.8606
5550,50,50,50,14.8434
5450,50,50,50,14.8263
5350,50,50,50,14.8092
5250,50,50,50,14.7921
5150,50,50,50,14.7751
5050,50,50,50,14.7581
4950,50,50,50,14.7412
4850,50,50,50,14.7243
4750,50,50,50,14.7074
4650,50,50,50,14.6905
4550,50,50,50,14.6737
4450,50,50,50,14.657
4350,50,50,50,14.6402
4250,50,50,50,14.6235
4150,50,50,50,14.6068
4050,50,50,50,14.5902
3950,50,50,50,14.5736
3850,50,50,50,14.557
3750,50,50,50,14.5404
3650,50,50,50,14.5238
3550,50,50,50,14.5073
3450,50,50,50,14.4907
3350,50,50,50,14.4742
3250,50,50,50,14.4577
3150,50,50,50,14.4411
3050,50,50,50,14.4246
2950,50,50,50,14.4081
2850,50,50,50,14.3915
2750,50,50,50,14.3748
2650,50,50,50,14.3582
2550,50,50,50,14.3414
2450,50,50,50,14.3246
2350,50,50,50,14.3077
2250,50,50,50,14.2906
2150,50,50,50,14.2733
2050,50,50,50,14.2559
1950,50,50,50,14.2382
1850,50,50,50,14.2202
1750,50,50,50,14.2019
1650,50,50,50,14.1831
1550,50,50,50,14.1639
1450,50,50,50,14.144
1350,50,50,50,14.1236
1250,50,50,50,14.1023
1150,50,50,50,14.0801
1050,50,50,50,14.057
950,50,50,50,14.0328
850,50,50,50,14.0074
750,50,50,50,13.9808
650,50,50,50,13.953
550,50,50,50,13.9243
450,50,50,50,13.8952
350,50,50,50,13.8671
250,50,50,50,13.842
150,50,50,50,13.8228
50,50,50,50,13.8124
