12750,50,50,50,13.7552
12650,50,50,50,13.7572
12550,50,50,50,13.7607
12450,50,50,50,13.7646
12350,50,50,50,13.7681
12250,50,50,50,13.7708
12150,50,50,50,13.7722
12050,50,50,50,13.7722
11950,50,50,50,13.7707
11850,50,50,50,13.7676
11750,50,50,50,13.7631
11650,50,50,50,13.7573
11550,50,50,50,13.7502
11450,50,50,50,13.742
11350,50,50,50,13.7327
11250,50,50,50,13.7226
11150,50,50,50,13.7117
11050,50,50,50,13.7001
10950,50,50,50,13.688
10850,50,50,50,13.6754
10750,50,50,50,13.6623
10650,50,50,50,13.649
10550,50,50,50,13.6353
10450,50,50,50,13.6214
10350,50,50,50,13.6073
10250,50,50,50,13.5931
10150,50,50,50,13.5787
10050,50,50,50,13.5642
9950,50,50,50,13.5496
9850,50,50,50,13.535
9750,50,50,50,13.5203
9650,50,50,50,13.5056
9550,50,50,50,13.4908
9450,50,50,50,13.476
9350,50,50,50,13.4612
9250,50,50,50,13.4464
9150,50,50,50,13.4316
9050,50,50,50,13.4168
8950,50,50,50,13.4019
8850,50,50,50,13.3871
8750,50,50,50,13.3723
8650,50,50,50,13.3575
8550,50,50,50,13.3427
8450,50,50,50,13.3279
8350,50,50,50,13.3132
8250,50,50,50,13.2984
8150,50,50,50,13.2837
8050,50,50,50,13.2689
7950,50,50,50,13.2542
7850,50,50,50,13.2395
7750,50,50,50,13.2248
7650,50,50,50,13.2102
7550,50,50,50,13.1955
7450,50,50,50,13.1808
7350,50,50,50,13.1662
7250,50,50,50,13.1516
7150,50,50,50,13.137
7050,50,50,50,13.1224
6950,50,50,50,13.1078
6850,50,50,50,13.0932
6750,50,50,50,13.0786
6650,50,50,50,13.0641
6550,50,50,50,13.0496
6450,50,50,50,13.035
6350,50,50,50,13.0205
6250,50,50,50,13.006
6150,50,50,50,12.9915
6050,50,50,50,12.9771
5950,50,50,50,12.9626
5850,50,50,50,12.9482
5750,50,50,50,12.9337
5650,50,50,50,12.9193
5550,50,50,50,12.9049
5450,50,50,50,12.8905
5350,50,50,50,12.8761
5250,50,50,50,12.8617
5150,50,50,50,12.8473
5050,50,50,50,12.8329
4950,50,50,50,12.8186
4850,50,50,50,12.8042
4750,50,50,50,12.7899
4650,50,50,50,12.7755
4550,50,50,50,12.7612
4450,50,50,50,12.7469
4350,50,50,50,12.7325
4250,50,50,50,12.7182
4150,50,50,50,12.7039
4050,50,50,50,12.6896
3950,50,50,50,12.6753
3850,50,50,50,12.661
3750,50,50,50,12.6467
3650,50,50,50,12.6324
3550,50,50,50,12.6181
3450,50,50,50,12.6038
3350,50,50,50,12.5894
3250,50,50,50,12.5751
3150,50,50,50,12.5607
3050,50,50,50,12.5464
2950,50,50,50,12.532
2850,50,50,50,12.5175
2750,50,50,50,12.503
2650,50,50,50,12.4885
2550,50,50,50,12.4739
2450,50,50,50,12.4593
2350,50,50,50,12.4446
2250,50,50,50,12.4297
2150,50,50,50,12.4148
2050,50,50,50,12.3997
1950,50,50,50,12.3845
1850,50,50,50,12.3691
1750,50,50,50,12.3535
1650,50,50,50,12.3376
1550,50,50,50,12.3215
1450,50,50,50,12.305
1350,50,50,50,12.2882
1250,50,50,50,12.271
1150,50,50,50,12.2533
1050,50,50,50,12.2352
950,50,50,50,12.2166
850,50,50,50,12.1974
750,50,50,50,12.1778
650,50,50,50,12.1578
550,50,50,50,12.1376
450,50,50,50,12.1176
350,50,50,50,12.0986
250,50,50,50,12.082
150,50,50,50,12.0695
50,50,50,50,12.0627
