12750,50,50,50,-88.5566
12650,50,50,50,-88.5566
12550,50,50,50,-88.5566
12450,50,50,50,-88.5566
12350,50,50,50,-88.5566
12250,50,50,50,-88.5566
12150,50,50,50,-88.5566
12050,50,50,50,-88.5566
11950,50,50,50,-88.5566
11850,50,50,50,-88.5566
11750,50,50,50,-88.5566
11650,50,50,50,-88.5565
11550,50,50,50,-88.5565
11450,50,50,50,-88.5563
11350,50,50,50,-88.5561
11250,50,50,50,-88.5556
11150,50,50,50,-88.5548
11050,50,50,50,-88.5532
10950,50,50,50,-88.5503
10850,50,50,50,-88.545
10750,50,50,50,-88.5351
10650,50,50,50,-88.5169
10550,50,50,50,-88.4833
10450,50,50,50,-88.4212
10350,50,50,50,-88.3066
10250,50,50,50,-88.0952
10150,50,50,50,-87.7056
10050,50,50,50,-86.9887
9950,50,50,50,-85.6726
9850,50,50,50,-83.2634
9750,50,50,50,-78.8643
9650,50,50,50,-70.8496
9550,50,50,50,-56.3168
9450,50,50,50,-30.42
9350,50,50,50,6.02234
9250,50,50,50,18.5916
9150,50,50,50,22.6708
9050,50,50,50,24.4118
8950,50,50,50,25.4658
8850,50,50,50,26.2807
8750,50,50,50,26.9772
8650,50,50,50,27.589
8550,50,50,50,28.1277
8450,50,50,50,28.5998
8350,50,50,50,29.0103
8250,50,50,50,29.3636
8150,50,50,50,29.6636
8050,50,50,50,29.9141
7950,50,50,50,30.1186
7850,50,50,50,30.2801
7750,50,50,50,30.4019
7650,50,50,50,30.4867
7550,50,50,50,30.5372
7450,50,50,50,30.556
7350,50,50,50,30.5456
7250,50,50,50,30.5082
7150,50,50,50,30.4461
7050,50,50,50,30.3613
6950,50,50,50,30.2559
6850,50,50,50,30.1318
6750,50,50,50,29.9907
6650,50,50,50,29.8344
6550,50,50,50,29.6645
6450,50,50,50,29.4825
6350,50,50,50,29.2899
6250,50,50,50,29.0881
6150,50,50,50,28.8782
6050,50,50,50,28.6616
5950,50,50,50,28.4393
5850,50,50,50,28.2124
5750,50,50,50,27.9819
5650,50,50,50,27.7486
5550,50,50,50,27.5133
5450,50,50,50,27.2769
5350,50,50,50,27.0399
5250,50,50,50,26.8031
5150,50,50,50,26.567
5050,50,50,50,26.3321
4950,50,50,50,26.0989
4850,50,50,50,25.8678
4750,50,50,50,25.6392
4650,50,50,50,25.4133
4550,50,50,50,25.1905
4450,50,50,50,24.9709
4350,50,50,50,24.7549
4250,50,50,50,24.5425
4150,50,50,50,24.3339
4050,50,50,50,24.1293
3950,50,50,50,23.9287
3850,50,50,50,23.7322
3750,50,50,50,23.5399
3650,50,50,50,23.3517
3550,50,50,50,23.1677
3450,50,50,50,22.9879
3350,50,50,50,22.8123
3250,50,50,50,22.6408
3150,50,50,50,22.4733
3050,50,50,50,22.3099
2950,50,50,50,22.1505
2850,50,50,50,21.9949
2750,50,50,50,21.8431
2650,50,50,50,21.695
2550,50,50,50,21.5505
2450,50,50,50,21.4094
2350,50,50,50,21.2717
2250,50,50,50,21.1371
2150,50,50,50,21.0055
2050,50,50,50,20.8767
1950,50,50,50,20.7505
1850,50,50,50,20.6267
1750,50,50,50,20.505
1650,50,50,50,20.3853
1550,50,50,50,20.2671
1450,50,50,50,20.1502
1350,50,50,50,20.0343
1250,50,50,50,19.9189
1150,50,50,50,19.8038
1050,50,50,50,19.6885
950,50,50,50,19.5728
850,50,50,50,19.4563
750,50,50,50,19.339
650,50,50,50,19.2211
550,50,50,50,19.1034
450,50,50,50,18.9878
350,50,50,50,18.8784
250,50,50,50,18.7829
150,50,50,50,18.711
50,50,50,50,18.6722
