12750,50,50,50,14.5833
12650,50,50,50,14.5863
12550,50,50,50,14.5915
12450,50,50,50,14.5975
12350,50,50,50,14.6033
12250,50,50,50,14.6082
12150,50,50,50,14.6117
12050,50,50,50,14.6135
11950,50,50,50,14.6135
11850,50,50,50,14.6116
11750,50,50,50,14.608
11650,50,50,50,14.6027
11550,50,50,50,14.5959
11450,50,50,50,14.5878
11350,50,50,50,14.5784
11250,50,50,50,14.5679
11150,50,50,50,14.5565
11050,50,50,50,14.5442
10950,50,50,50,14.5313
10850,50,50,50,14.5179
10750,50,50,50,14.5039
10650,50,50,50,14.4895
10550,50,50,50,14.4748
10450,50,50,50,14.4598
10350,50,50,50,14.4446
10250,50,50,50,14.4293
10150,50,50,50,14.4137
10050,50,50,50,14.3981
9950,50,50,50,14.3823
9850,50,50,50,14.3665
9750,50,50,50,14.3507
9650,50,50,50,14.3348
9550,50,50,50,14.3188
9450,50,50,50,14.3029
9350,50,50,50,14.287
9250,50,50,50,14.271
9150,50,50,50,14.2551
9050,50,50,50,14.2391
8950,50,50,50,14.2232
8850,50,50,50,14.2073
8750,50,50,50,14.1914
8650,50,50,50,14.1755
8550,50,50,50,14.1597
8450,50,50,50,14.1438
8350,50,50,50,14.128
8250,50,50,50,14.1122
8150,50,50,50,14.0965
8050,50,50,50,14.0807
7950,50,50,50,14.065
7850,50,50,50,14.0493
7750,50,50,50,14.0336
7650,50,50,50,14.018
7550,50,50,50,14.0023
7450,50,50,50,13.9867
7350,50,50,50,13.9712
7250,50,50,50,13.9556
7150,50,50,50,13.9401
7050,50,50,50,13.9246
6950,50,50,50,13.9091
6850,50,50,50,13.8936
6750,50,50,50,13.8782
6650,50,50,50,13.8628
6550,50,50,50,13.8474
6450,50,50,50,13.832
6350,50,50,50,13.8167
6250,50,50,50,13.8013
6150,50,50,50,13.786
6050,50,50,50,13.7708
5950,50,50,50,13.7555
5850,50,50,50,13.7403
5750,50,50,50,13.725
5650,50,50,50,13.7098
5550,50,50,50,13.6946
5450,50,50,50,13.6795
5350,50,50,50,13.6643
5250,50,50,50,13.6492
5150,50,50,50,13.6341
5050,50,50,50,13.619
4950,50,50,50,13.6039
4850,50,50,50,13.5889
4750,50,50,50,13.5738
4650,50,50,50,13.5588
4550,50,50,50,13.5438
4450,50,50,50,13.5288
4350,50,50,50,13.5138
4250,50,50,50,13.4988
4150,50,50,50,13.4839
4050,50,50,50,13.4689
3950,50,50,50,13.454
3850,50,50,50,13.439
3750,50,50,50,13.4241
3650,50,50,50,13.4092
3550,50,50,50,13.3943
3450,50,50,50,13.3793
3350,50,50,50,13.3644
3250,50,50,50,13.3495
3150,50,50,50,13.3345
3050,50,50,50,13.3196
2950,50,50,50,13.3046
2850,50,50,50,13.2895
2750,50,50,50,13.2745
2650,50,50,50,13.2594
2550,50,50,50,13.2442
2450,50,50,50,13.229
2350,50,50,50,13.2136
2250,50,50,50,13.1982
2150,50,50,50,13.1826
2050,50,50,50,13.1669
1950,50,50,50,13.1509
1850,50,50,50,13.1348
1750,50,50,50,13.1184
1650,50,50,50,13.1017
1550,50,50,50,13.0846
1450,50,50,50,13.0671
1350,50,50,50,13.0492
1250,50,50,50,13.0307
1150,50,50,50,13.0116
1050,50,50,50,12.9919
950,50,50,50,12.9714
850,50,50,50,12.9502
750,50,50,50,12.9283
650,50,50,50,12.9057
550,50,50,50,12.8826
450,50,50,50,12.8595
350,50,50,50,12.8374
250,50,50,50,12.8179
150,50,50,50,12.8031
50,50,50,50,12.7951
