12750,50,50,50,40.7656
12650,50,50,50,39.3727
12550,50,50,50,37.0894
12450,50,50,50,34.6303
12350,50,50,50,32.5465
12250,50,50,50,31.07
12150,50,50,50,30.1849
12050,50,50,50,29.7586
11950,50,50,50,29.6381
11850,50,50,50,29.6963
11750,50,50,50,29.8436
11650,50,50,50,30.0232
11550,50,50,50,30.202
11450,50,50,50,30.3618
11350,50,50,50,30.494
11250,50,50,50,30.5949
11150,50,50,50,30.6637
11050,50,50,50,30.701
10950,50,50,50,30.7084
10850,50,50,50,30.6877
10750,50,50,50,30.6409
10650,50,50,50,30.57
10550,50,50,50,30.4769
10450,50,50,50,30.3637
10350,50,50,50,30.2321
10250,50,50,50,30.084
10150,50,50,50,29.9211
10050,50,50,50,29.7448
9950,50,50,50,29.5569
9850,50,50,50,29.3586
9750,50,50,50,29.1514
9650,50,50,50,28.9365
9550,50,50,50,28.7151
9450,50,50,50,28.4883
9350,50,50,50,28.2571
9250,50,50,50,28.0225
9150,50,50,50,27.7854
9050,50,50,50,27.5465
8950,50,50,50,27.3067
8850,50,50,50,27.0665
8750,50,50,50,26.8267
8650,50,50,50,26.5877
8550,50,50,50,26.3502
8450,50,50,50,26.1145
8350,50,50,50,25.881
8250,50,50,50,25.6501
8150,50,50,50,25.4221
8050,50,50,50,25.1972
7950,50,50,50,24.9758
7850,50,50,50,24.758
7750,50,50,50,24.544
7650,50,50,50,24.3338
7550,50,50,50,24.1278
7450,50,50,50,23.9258
7350,50,50,50,23.7281
7250,50,50,50,23.5346
7150,50,50,50,23.3453
7050,50,50,50,23.1604
6950,50,50,50,22.9797
6850,50,50,50,22.8033
6750,50,50,50,22.6312
6650,50,50,50,22.4634
6550,50,50,50,22.2997
6450,50,50,50,22.1401
6350,50,50,50,21.9847
6250,50,50,50,21.8333
6150,50,50,50,21.6858
6050,50,50,50,21.5423
5950,50,50,50,21.4025
5850,50,50,50,21.2666
5750,50,50,50,21.1343
5650,50,50,50,21.0056
5550,50,50,50,20.8804
5450,50,50,50,20.7586
5350,50,50,50,20.6403
5250,50,50,50,20.5251
5150,50,50,50,20.4132
5050,50,50,50,20.3044
4950,50,50,50,20.1986
4850,50,50,50,20.0957
4750,50,50,50,19.9957
4650,50,50,50,19.8984
4550,50,50,50,19.8039
4450,50,50,50,19.712
4350,50,50,50,19.6226
4250,50,50,50,19.5356
4150,50,50,50,19.4511
4050,50,50,50,19.3688
3950,50,50,50,19.2888
3850,50,50,50,19.2109
3750,50,50,50,19.1351
3650,50,50,50,19.0613
3550,50,50,50,18.9894
3450,50,50,50,18.9194
3350,50,50,50,18.8511
3250,50,50,50,18.7846
3150,50,50,50,18.7197
3050,50,50,50,18.6564
2950,50,50,50,18.5945
2850,50,50,50,18.534
2750,50,50,50,18.4749
2650,50,50,50,18.4169
2550,50,50,50,18.3601
2450,50,50,50,18.3044
2350,50,50,50,18.2496
2250,50,50,50,18.1956
2150,50,50,50,18.1424
2050,50,50,50,18.0896
1950,50,50,50,18.0374
1850,50,50,50,17.9853
1750,50,50,50,17.9333
1650,50,50,50,17.8812
1550,50,50,50,17.8287
1450,50,50,50,17.7756
1350,50,50,50,17.7216
1250,50,50,50,17.6663
1150,50,50,50,17.6095
1050,50,50,50,17.5509
950,50,50,50,17.4901
850,50,50,50,17.4268
750,50,50,50,17.3609
650,50,50,50,17.2925
550,50,50,50,17.2219
450,50,50,50,17.1504
350,50,50,50,17.0812
250,50,50,50,17.0196
150,50,50,50,16.9727
50,50,50,50,16.9471
