12750,50,50,50,-87.0177
12650,50,50,50,-87.0177
12550,50,50,50,-87.0177
12450,50,50,50,-87.0177
12350,50,50,50,-87.0177
12250,50,50,50,-87.0177
12150,50,50,50,-87.0177
12050,50,50,50,-87.0177
11950,50,50,50,-87.0177
11850,50,50,50,-87.0177
11750,50,50,50,-87.0177
11650,50,50,50,-87.0177
11550,50,50,50,-87.0177
11450,50,50,50,-87.0177
11350,50,50,50,-87.0177
11250,50,50,50,-87.0177
11150,50,50,50,-87.0177
11050,50,50,50,-87.0177
10950,50,50,50,-87.0177
10850,50,50,50,-87.0177
10750,50,50,50,-87.0177
10650,50,50,50,-87.0177
10550,50,50,50,-87.0177
10450,50,50,50,-87.0177
10350,50,50,50,-87.0177
10250,50,50,50,-87.0177
10150,50,50,50,-87.0177
10050,50,50,50,-87.0177
9950,50,50,50,-87.0177
9850,50,50,50,-87.0177
9750,50,50,50,-87.0177
9650,50,50,50,-87.0177
9550,50,50,50,-87.0177
9450,50,50,50,-87.0177
9350,50,50,50,-87.0177
9250,50,50,50,-87.0177
9150,50,50,50,-87.0177
9050,50,50,50,-87.0177
8950,50,50,50,-87.0177
8850,50,50,50,-87.0177
8750,50,50,50,-87.0177
8650,50,50,50,-87.0177
8550,50,50,50,-87.0177
8450,50,50,50,-87.0177
8350,50,50,50,-87.0177
8250,50,50,50,-87.0177
8150,50,50,50,-87.0177
8050,50,50,50,-87.0177
7950,50,50,50,-87.0177
7850,50,50,50,-87.0177
7750,50,50,50,-87.0177
7650,50,50,50,-87.0177
7550,50,50,50,-87.0177
7450,50,50,50,-87.0177
7350,50,50,50,-87.0177
7250,50,50,50,-87.0177
7150,50,50,50,-87.0177
7050,50,50,50,-87.0177
6950,50,50,50,-87.0177
6850,50,50,50,-87.0177
6750,50,50,50,-87.0177
6650,50,50,50,-87.0177
6550,50,50,50,-87.0177
6450,50,50,50,-87.0177
6350,50,50,50,-87.0177
6250,50,50,50,-87.0177
6150,50,50,50,-87.0177
6050,50,50,50,-87.0177
5950,50,50,50,-87.0177
5850,50,50,50,-87.0177
5750,50,50,50,-87.0177
5650,50,50,50,-87.0177
5550,50,50,50,-87.0177
5450,50,50,50,-87.0177
5350,50,50,50,-87.0177
5250,50,50,50,-87.0177
5150,50,50,50,-87.0177
5050,50,50,50,-87.0177
4950,50,50,50,-87.0177
4850,50,50,50,-87.0177
4750,50,50,50,-87.0177
4650,50,50,50,-87.0177
4550,50,50,50,-87.0177
4450,50,50,50,-87.0177
4350,50,50,50,-87.0177
4250,50,50,50,-87.0177
4150,50,50,50,-87.0177
4050,50,50,50,-87.0177
3950,50,50,50,-87.0177
3850,50,50,50,-87.0177
3750,50,50,50,-87.0177
3650,50,50,50,-87.0177
3550,50,50,50,-87.0177
3450,50,50,50,-87.0177
3350,50,50,50,-87.0177
3250,50,50,50,-87.0176
3150,50,50,50,-87.0176
3050,50,50,50,-87.0175
2950,50,50,50,-87.0173
2850,50,50,50,-87.017
2750,50,50,50,-87.0163
2650,50,50,50,-87.0152
2550,50,50,50,-87.013
2450,50,50,50,-87.0093
2350,50,50,50,-87.0027
2250,50,50,50,-86.9913
2150,50,50,50,-86.9721
2050,50,50,50,-86.9402
1950,50,50,50,-86.8878
1850,50,50,50,-86.803
1750,50,50,50,-86.6673
1650,50,50,50,-86.4519
1550,50,50,50,-86.1109
1450,50,50,50,-85.5696
1350,50,50,50,-84.7
1250,50,50,50,-83.2755
1150,50,50,50,-80.8788
1050,50,50,50,-76.7267
950,50,50,50,-69.3432
850,50,50,50,-55.9929
750,50,50,50,-31.95
650,50,50,50,3.77
550,50,50,50,20.6496
450,50,50,50,31.2007
350,50,50,50,38.3614
250,50,50,50,43.5521
150,50,50,50,47.0027
50,50,50,50,48.73
