12750,50,50,50,-87.3302
12650,50,50,50,-87.3302
12550,50,50,50,-87.3302
12450,50,50,50,-87.3302
12350,50,50,50,-87.3302
12250,50,50,50,-87.3302
12150,50,50,50,-87.3302
12050,50,50,50,-87.3302
11950,50,50,50,-87.3302
11850,50,50,50,-87.3302
11750,50,50,50,-87.3302
11650,50,50,50,-87.3302
11550,50,50,50,-87.3302
11450,50,50,50,-87.3302
11350,50,50,50,-87.3302
11250,50,50,50,-87.3302
11150,50,50,50,-87.3302
11050,50,50,50,-87.3302
10950,50,50,50,-87.3302
10850,50,50,50,-87.3302
10750,50,50,50,-87.3302
10650,50,50,50,-87.3302
10550,50,50,50,-87.3302
10450,50,50,50,-87.3302
10350,50,50,50,-87.3302
10250,50,50,50,-87.3302
10150,50,50,50,-87.3302
10050,50,50,50,-87.3302
9950,50,50,50,-87.3302
9850,50,50,50,-87.3302
9750,50,50,50,-87.3302
9650,50,50,50,-87.3302
9550,50,50,50,-87.3302
9450,50,50,50,-87.3302
9350,50,50,50,-87.3302
9250,50,50,50,-87.3302
9150,50,50,50,-87.3302
9050,50,50,50,-87.3302
8950,50,50,50,-87.3302
8850,50,50,50,-87.3302
8750,50,50,50,-87.3302
8650,50,50,50,-87.3302
8550,50,50,50,-87.3302
8450,50,50,50,-87.3302
8350,50,50,50,-87.3302
8250,50,50,50,-87.3302
8150,50,50,50,-87.3302
8050,50,50,50,-87.3302
7950,50,50,50,-87.3302
7850,50,50,50,-87.3302
7750,50,50,50,-87.3302
7650,50,50,50,-87.3302
7550,50,50,50,-87.3302
7450,50,50,50,-87.3302
7350,50,50,50,-87.3302
7250,50,50,50,-87.3302
7150,50,50,50,-87.3302
7050,50,50,50,-87.3302
6950,50,50,50,-87.3302
6850,50,50,50,-87.3302
6750,50,50,50,-87.3302
6650,50,50,50,-87.3302
6550,50,50,50,-87.3302
6450,50,50,50,-87.3302
6350,50,50,50,-87.3302
6250,50,50,50,-87.3302
6150,50,50,50,-87.3302
6050,50,50,50,-87.3302
5950,50,50,50,-87.3302
5850,50,50,50,-87.3302
5750,50,50,50,-87.3302
5650,50,50,50,-87.3302
5550,50,50,50,-87.3302
5450,50,50,50,-87.3302
5350,50,50,50,-87.3302
5250,50,50,50,-87.3302
5150,50,50,50,-87.3302
5050,50,50,50,-87.3302
4950,50,50,50,-87.3302
4850,50,50,50,-87.3302
4750,50,50,50,-87.3302
4650,50,50,50,-87.3302
4550,50,50,50,-87.3302
4450,50,50,50,-87.3302
4350,50,50,50,-87.3302
4250,50,50,50,-87.3302
4150,50,50,50,-87.3302
4050,50,50,50,-87.3302
3950,50,50,50,-87.3302
3850,50,50,50,-87.3301
3750,50,50,50,-87.3301
3650,50,50,50,-87.33
3550,50,50,50,-87.3299
3450,50,50,50,-87.3296
3350,50,50,50,-87.3292
3250,50,50,50,-87.3285
3150,50,50,50,-87.3274
3050,50,50,50,-87.3254
2950,50,50,50,-87.3222
2850,50,50,50,-87.3167
2750,50,50,50,-87.3076
2650,50,50,50,-87.2924
2550,50,50,50,-87.267
2450,50,50,50,-87.2242
2350,50,50,50,-87.1513
2250,50,50,50,-87.0264
2150,50,50,50,-86.8096
2050,50,50,50,-86.4298
1950,50,50,50,-85.758
1850,50,50,50,-84.56
1750,50,50,50,-82.411
1650,50,50,50,-78.5386
1550,50,50,50,-71.5424
1450,50,50,50,-58.9068
1350,50,50,50,-36.2982
1250,50,50,50,-0.823418
1150,50,50,50,15.2524
1050,50,50,50,20.858
950,50,50,50,23.4959
850,50,50,50,25.4228
750,50,50,50,27.2521
650,50,50,50,29.1069
550,50,50,50,30.9575
450,50,50,50,32.7156
350,50,50,50,34.2722
250,50,50,50,35.5249
150,50,50,50,36.3975
50,50,50,50,36.844
