12750,50,50,50,-87.799
12650,50,50,50,-87.799
12550,50,50,50,-87.799
12450,50,50,50,-87.799
12350,50,50,50,-87.799
12250,50,50,50,-87.799
12150,50,50,50,-87.799
12050,50,50,50,-87.799
11950,50,50,50,-87.799
11850,50,50,50,-87.799
11750,50,50,50,-87.799
11650,50,50,50,-87.799
11550,50,50,50,-87.799
11450,50,50,50,-87.799
11350,50,50,50,-87.799
11250,50,50,50,-87.799
11150,50,50,50,-87.799
11050,50,50,50,-87.799
10950,50,50,50,-87.799
10850,50,50,50,-87.799
10750,50,50,50,-87.799
10650,50,50,50,-87.799
10550,50,50,50,-87.799
10450,50,50,50,-87.799
10350,50,50,50,-87.799
10250,50,50,50,-87.799
10150,50,50,50,-87.799
10050,50,50,50,-87.799
9950,50,50,50,-87.799
9850,50,50,50,-87.799
9750,50,50,50,-87.799
9650,50,50,50,-87.799
9550,50,50,50,-87.799
9450,50,50,50,-87.799
9350,50,50,50,-87.799
9250,50,50,50,-87.799
9150,50,50,50,-87.799
9050,50,50,50,-87.799
8950,50,50,50,-87.799
8850,50,50,50,-87.799
8750,50,50,50,-87.799
8650,50,50,50,-87.799
8550,50,50,50,-87.799
8450,50,50,50,-87.799
8350,50,50,50,-87.799
8250,50,50,50,-87.799
8150,50,50,50,-87.799
8050,50,50,50,-87.799
7950,50,50,50,-87.799
7850,50,50,50,-87.799
7750,50,50,50,-87.799
7650,50,50,50,-87.799
7550,50,50,50,-87.799
7450,50,50,50,-87.799
7350,50,50,50,-87.799
7250,50,50,50,-87.799
7150,50,50,50,-87.799
7050,50,50,50,-87.799
6950,50,50,50,-87.799
6850,50,50,50,-87.799
6750,50,50,50,-87.799
6650,50,50,50,-87.799
6550,50,50,50,-87.799
6450,50,50,50,-87.799
6350,50,50,50,-87.799
6250,50,50,50,-87.799
6150,50,50,50,-87.799
6050,50,50,50,-87.799
5950,50,50,50,-87.799
5850,50,50,50,-87.799
5750,50,50,50,-87.799
5650,50,50,50,-87.799
5550,50,50,50,-87.799
5450,50,50,50,-87.799
5350,50,50,50,-87.799
5250,50,50,50,-87.799
5150,50,50,50,-87.799
5050,50,50,50,-87.799
4950,50,50,50,-87.7989
4850,50,50,50,-87.7989
4750,50,50,50,-87.7989
4650,50,50,50,-87.7988
4550,50,50,50,-87.7986
4450,50,50,50,-87.7984
4350,50,50,50,-87.7979
4250,50,50,50,-87.7972
4150,50,50,50,-87.7958
4050,50,50,50,-87.7934
3950,50,50,50,-87.789
3850,50,50,50,-87.7812
3750,50,50,50,-87.7671
3650,50,50,50,-87.7416
3550,50,50,50,-87.6955
3450,50,50,50,-87.6119
3350,50,50,50,-87.46
3250,50,50,50,-87.184
3150,50,50,50,-86.6823
3050,50,50,50,-85.7708
2950,50,50,50,-84.116
2850,50,50,50,-81.1157
2750,50,50,50,-75.6833
2650,50,50,50,-65.8708
2550,50,50,50,-48.2498
2450,50,50,50,-17.5486
2350,50,50,50,10.4734
2250,50,50,50,19.1138
2150,50,50,50,22.0721
2050,50,50,50,23.541
1950,50,50,50,24.5761
1850,50,50,50,25.4428
1750,50,50,50,26.2146
1650,50,50,50,26.9163
1550,50,50,50,27.5594
1450,50,50,50,28.1512
1350,50,50,50,28.6969
1250,50,50,50,29.1997
1150,50,50,50,29.661
1050,50,50,50,30.0802
950,50,50,50,30.4545
850,50,50,50,30.7794
750,50,50,50,31.0493
650,50,50,50,31.258
550,50,50,50,31.4002
450,50,50,50,31.4733
350,50,50,50,31.4834
250,50,50,50,31.4486
150,50,50,50,31.3984
50,50,50,50,31.3637
