12750,50,50,50,28.4025
12650,50,50,50,28.3848
12550,50,50,50,28.3449
12450,50,50,50,28.2795
12350,50,50,50,28.1876
12250,50,50,50,28.07
12150,50,50,50,27.9282
12050,50,50,50,27.7643
11950,50,50,50,27.5806
11850,50,50,50,27.38
11750,50,50,50,27.1653
11650,50,50,50,26.9393
11550,50,50,50,26.7048
11450,50,50,50,26.4645
11350,50,50,50,26.2206
11250,50,50,50,25.9753
11150,50,50,50,25.7303
11050,50,50,50,25.4872
10950,50,50,50,25.247
10850,50,50,50,25.0108
10750,50,50,50,24.7791
10650,50,50,50,24.5525
10550,50,50,50,24.3312
10450,50,50,50,24.1154
10350,50,50,50,23.9053
10250,50,50,50,23.7006
10150,50,50,50,23.5015
10050,50,50,50,23.3078
9950,50,50,50,23.1193
9850,50,50,50,22.936
9750,50,50,50,22.7576
9650,50,50,50,22.5841
9550,50,50,50,22.4152
9450,50,50,50,22.2509
9350,50,50,50,22.0911
9250,50,50,50,21.9355
9150,50,50,50,21.7842
9050,50,50,50,21.6369
8950,50,50,50,21.4936
8850,50,50,50,21.3542
8750,50,50,50,21.2187
8650,50,50,50,21.0868
8550,50,50,50,20.9585
8450,50,50,50,20.8337
8350,50,50,50,20.7124
8250,50,50,50,20.5944
8150,50,50,50,20.4797
8050,50,50,50,20.3682
7950,50,50,50,20.2597
7850,50,50,50,20.1543
7750,50,50,50,20.0517
7650,50,50,50,19.9521
7550,50,50,50,19.8552
7450,50,50,50,19.761
7350,50,50,50,19.6694
7250,50,50,50,19.5803
7150,50,50,50,19.4937
7050,50,50,50,19.4094
6950,50,50,50,19.3275
6850,50,50,50,19.2478
6750,50,50,50,19.1703
6650,50,50,50,19.0949
6550,50,50,50,19.0215
6450,50,50,50,18.9501
6350,50,50,50,18.8806
6250,50,50,50,18.8129
6150,50,50,50,18.747
6050,50,50,50,18.6828
5950,50,50,50,18.6202
5850,50,50,50,18.5593
5750,50,50,50,18.4999
5650,50,50,50,18.442
5550,50,50,50,18.3855
5450,50,50,50,18.3304
5350,50,50,50,18.2766
5250,50,50,50,18.2242
5150,50,50,50,18.1729
5050,50,50,50,18.1229
4950,50,50,50,18.074
4850,50,50,50,18.0262
4750,50,50,50,17.9795
4650,50,50,50,17.9338
4550,50,50,50,17.8891
4450,50,50,50,17.8454
4350,50,50,50,17.8025
4250,50,50,50,17.7606
4150,50,50,50,17.7194
4050,50,50,50,17.6791
3950,50,50,50,17.6395
3850,50,50,50,17.6007
3750,50,50,50,17.5626
3650,50,50,50,17.5251
3550,50,50,50,17.4883
3450,50,50,50,17.452
3350,50,50,50,17.4164
3250,50,50,50,17.3813
3150,50,50,50,17.3467
3050,50,50,50,17.3125
2950,50,50,50,17.2788
2850,50,50,50,17.2455
2750,50,50,50,17.2125
2650,50,50,50,17.1799
2550,50,50,50,17.1474
2450,50,50,50,17.1152
2350,50,50,50,17.0831
2250,50,50,50,17.0511
2150,50,50,50,17.019
2050,50,50,50,16.9868
1950,50,50,50,16.9544
1850,50,50,50,16.9217
1750,50,50,50,16.8885
1650,50,50,50,16.8547
1550,50,50,50,16.82
1450,50,50,50,16.7844
1350,50,50,50,16.7475
1250,50,50,50,16.7092
1150,50,50,50,16.6691
1050,50,50,50,16.627
950,50,50,50,16.5827
850,50,50,50,16.5358
750,50,50,50,16.4863
650,50,50,50,16.4342
550,50,50,50,16.3798
450,50,50,50,16.3242
350,50,50,50,16.2698
250,50,50,50,16.2211
150,50,50,50,16.1838
50,50,50,50,16.1634
