12750,50,50,50,12.1513
12650,50,50,50,12.1521
12550,50,50,50,12.1533
12450,50,50,50,12.1543
12350,50,50,50,12.1548
12250,50,50,50,12.1545
12150,50,50,50,12.1531
12050,50,50,50,12.1506
11950,50,50,50,12.147
11850,50,50,50,12.1422
11750,50,50,50,12.1364
11650,50,50,50,12.1296
11550,50,50,50,12.1218
11450,50,50,50,12.1132
11350,50,50,50,12.1039
11250,50,50,50,12.0939
11150,50,50,50,12.0833
11050,50,50,50,12.0722
10950,50,50,50,12.0607
10850,50,50,50,12.0488
10750,50,50,50,12.0365
10650,50,50,50,12.024
10550,50,50,50,12.0113
10450,50,50,50,11.9983
10350,50,50,50,11.9852
10250,50,50,50,11.972
10150,50,50,50,11.9586
10050,50,50,50,11.9451
9950,50,50,50,11.9316
9850,50,50,50,11.918
9750,50,50,50,11.9043
9650,50,50,50,11.8906
9550,50,50,50,11.8768
9450,50,50,50,11.863
9350,50,50,50,11.8492
9250,50,50,50,11.8353
9150,50,50,50,11.8215
9050,50,50,50,11.8076
8950,50,50,50,11.7937
8850,50,50,50,11.7798
8750,50,50,50,11.7659
8650,50,50,50,11.752
8550,50,50,50,11.7381
8450,50,50,50,11.7242
8350,50,50,50,11.7102
8250,50,50,50,11.6963
8150,50,50,50,11.6824
8050,50,50,50,11.6685
7950,50,50,50,11.6546
7850,50,50,50,11.6406
7750,50,50,50,11.6267
7650,50,50,50,11.6128
7550,50,50,50,11.5989
7450,50,50,50,11.585
7350,50,50,50,11.571
7250,50,50,50,11.5571
7150,50,50,50,11.5432
7050,50,50,50,11.5293
6950,50,50,50,11.5154
6850,50,50,50,11.5014
6750,50,50,50,11.4875
6650,50,50,50,11.4736
6550,50,50,50,11.4597
6450,50,50,50,11.4458
6350,50,50,50,11.4319
6250,50,50,50,11.418
6150,50,50,50,11.4041
6050,50,50,50,11.3901
5950,50,50,50,11.3762
5850,50,50,50,11.3623
5750,50,50,50,11.3484
5650,50,50,50,11.3345
5550,50,50,50,11.3206
5450,50,50,50,11.3067
5350,50,50,50,11.2927
5250,50,50,50,11.2788
5150,50,50,50,11.2649
5050,50,50,50,11.251
4950,50,50,50,11.237
4850,50,50,50,11.2231
4750,50,50,50,11.2092
4650,50,50,50,11.1952
4550,50,50,50,11.1813
4450,50,50,50,11.1673
4350,50,50,50,11.1534
4250,50,50,50,11.1394
4150,50,50,50,11.1255
4050,50,50,50,11.1115
3950,50,50,50,11.0975
3850,50,50,50,11.0836
3750,50,50,50,11.0696
3650,50,50,50,11.0556
3550,50,50,50,11.0416
3450,50,50,50,11.0275
3350,50,50,50,11.0135
3250,50,50,50,10.9994
3150,50,50,50,10.9854
3050,50,50,50,10.9712
2950,50,50,50,10.9571
2850,50,50,50,10.9429
2750,50,50,50,10.9287
2650,50,50,50,10.9145
2550,50,50,50,10.9002
2450,50,50,50,10.8858
2350,50,50,50,10.8714
2250,50,50,50,10.8569
2150,50,50,50,10.8424
2050,50,50,50,10.8277
1950,50,50,50,10.813
1850,50,50,50,10.7981
1750,50,50,50,10.7831
1650,50,50,50,10.768
1550,50,50,50,10.7527
1450,50,50,50,10.7372
1350,50,50,50,10.7216
1250,50,50,50,10.7057
1150,50,50,50,10.6897
1050,50,50,50,10.6735
950,50,50,50,10.6571
850,50,50,50,10.6405
750,50,50,50,10.6239
650,50,50,50,10.6073
550,50,50,50,10.591
450,50,50,50,10.5751
350,50,50,50,10.5605
250,50,50,50,10.5479
150,50,50,50,10.5385
50,50,50,50,10.5335
