12750,50,50,50,14.2067
12650,50,50,50,14.2093
12550,50,50,50,14.2136
12450,50,50,50,14.2186
12350,50,50,50,14.2233
12250,50,50,50,14.2271
12150,50,50,50,14.2296
12050,50,50,50,14.2305
11950,50,50,50,14.2298
11850,50,50,50,14.2274
11750,50,50,50,14.2233
11650,50,50,50,14.2178
11550,50,50,50,14.2108
11450,50,50,50,14.2027
11350,50,50,50,14.1933
11250,50,50,50,14.183
11150,50,50,50,14.1719
11050,50,50,50,14.16
10950,50,50,50,14.1475
10850,50,50,50,14.1345
10750,50,50,50,14.121
10650,50,50,50,14.1071
10550,50,50,50,14.093
10450,50,50,50,14.0785
10350,50,50,50,14.0639
10250,50,50,50,14.0491
10150,50,50,50,14.0342
10050,50,50,50,14.0191
9950,50,50,50,14.004
9850,50,50,50,13.9887
9750,50,50,50,13.9735
9650,50,50,50,13.9582
9550,50,50,50,13.9428
9450,50,50,50,13.9275
9350,50,50,50,13.9121
9250,50,50,50,13.8968
9150,50,50,50,13.8814
9050,50,50,50,13.866
8950,50,50,50,13.8507
8850,50,50,50,13.8353
8750,50,50,50,13.82
8650,50,50,50,13.8047
8550,50,50,50,13.7894
8450,50,50,50,13.7741
8350,50,50,50,13.7588
8250,50,50,50,13.7435
8150,50,50,50,13.7283
8050,50,50,50,13.7131
7950,50,50,50,13.6979
7850,50,50,50,13.6827
7750,50,50,50,13.6675
7650,50,50,50,13.6524
7550,50,50,50,13.6372
7450,50,50,50,13.6221
7350,50,50,50,13.607
7250,50,50,50,13.5919
7150,50,50,50,13.5769
7050,50,50,50,13.5618
6950,50,50,50,13.5468
6850,50,50,50,13.5318
6750,50,50,50,13.5168
6650,50,50,50,13.5019
6550,50,50,50,13.4869
6450,50,50,50,13.472
6350,50,50,50,13.4571
6250,50,50,50,13.4422
6150,50,50,50,13.4273
6050,50,50,50,13.4124
5950,50,50,50,13.3976
5850,50,50,50,13.3827
5750,50,50,50,13.3679
5650,50,50,50,13.3531
5550,50,50,50,13.3383
5450,50,50,50,13.3236
5350,50,50,50,13.3088
5250,50,50,50,13.294
5150,50,50,50,13.2793
5050,50,50,50,13.2646
4950,50,50,50,13.2499
4850,50,50,50,13.2352
4750,50,50,50,13.2205
4650,50,50,50,13.2058
4550,50,50,50,13.1912
4450,50,50,50,13.1765
4350,50,50,50,13.1619
4250,50,50,50,13.1473
4150,50,50,50,13.1327
4050,50,50,50,13.118
3950,50,50,50,13.1034
3850,50,50,50,13.0888
3750,50,50,50,13.0742
3650,50,50,50,13.0596
3550,50,50,50,13.045
3450,50,50,50,13.0304
3350,50,50,50,13.0158
3250,50,50,50,13.0012
3150,50,50,50,12.9865
3050,50,50,50,12.9719
2950,50,50,50,12.9572
2850,50,50,50,12.9425
2750,50,50,50,12.9277
2650,50,50,50,12.9129
2550,50,50,50,12.8981
2450,50,50,50,12.8831
2350,50,50,50,12.8681
2250,50,50,50,12.853
2150,50,50,50,12.8378
2050,50,50,50,12.8224
1950,50,50,50,12.8068
1850,50,50,50,12.7911
1750,50,50,50,12.7751
1650,50,50,50,12.7588
1550,50,50,50,12.7422
1450,50,50,50,12.7252
1350,50,50,50,12.7079
1250,50,50,50,12.69
1150,50,50,50,12.6716
1050,50,50,50,12.6527
950,50,50,50,12.6331
850,50,50,50,12.6129
750,50,50,50,12.5921
650,50,50,50,12.5707
550,50,50,50,12.5491
450,50,50,50,12.5275
350,50,50,50,12.5069
250,50,50,50,12.4887
150,50,50,50,12.475
50,50,50,50,12.4676
