12750,50,50,50,12.3153
12650,50,50,50,12.3162
12550,50,50,50,12.3175
12450,50,50,50,12.3188
12350,50,50,50,12.3196
12250,50,50,50,12.3195
12150,50,50,50,12.3183
12050,50,50,50,12.316
11950,50,50,50,12.3126
11850,50,50,50,12.308
11750,50,50,50,12.3023
11650,50,50,50,12.2956
11550,50,50,50,12.2879
11450,50,50,50,12.2793
11350,50,50,50,12.27
11250,50,50,50,12.26
11150,50,50,50,12.2495
11050,50,50,50,12.2384
10950,50,50,50,12.2268
10850,50,50,50,12.2149
10750,50,50,50,12.2026
10650,50,50,50,12.1901
10550,50,50,50,12.1773
10450,50,50,50,12.1643
10350,50,50,50,12.1511
10250,50,50,50,12.1378
10150,50,50,50,12.1244
10050,50,50,50,12.1109
9950,50,50,50,12.0973
9850,50,50,50,12.0837
9750,50,50,50,12.0699
9650,50,50,50,12.0562
9550,50,50,50,12.0424
9450,50,50,50,12.0285
9350,50,50,50,12.0147
9250,50,50,50,12.0008
9150,50,50,50,11.9869
9050,50,50,50,11.973
8950,50,50,50,11.959
8850,50,50,50,11.9451
8750,50,50,50,11.9312
8650,50,50,50,11.9172
8550,50,50,50,11.9033
8450,50,50,50,11.8893
8350,50,50,50,11.8754
8250,50,50,50,11.8614
8150,50,50,50,11.8475
8050,50,50,50,11.8335
7950,50,50,50,11.8196
7850,50,50,50,11.8056
7750,50,50,50,11.7917
7650,50,50,50,11.7778
7550,50,50,50,11.7638
7450,50,50,50,11.7499
7350,50,50,50,11.7359
7250,50,50,50,11.722
7150,50,50,50,11.7081
7050,50,50,50,11.6941
6950,50,50,50,11.6802
6850,50,50,50,11.6663
6750,50,50,50,11.6523
6650,50,50,50,11.6384
6550,50,50,50,11.6245
6450,50,50,50,11.6106
6350,50,50,50,11.5966
6250,50,50,50,11.5827
6150,50,50,50,11.5688
6050,50,50,50,11.5549
5950,50,50,50,11.541
5850,50,50,50,11.527
5750,50,50,50,11.5131
5650,50,50,50,11.4992
5550,50,50,50,11.4853
5450,50,50,50,11.4714
5350,50,50,50,11.4575
5250,50,50,50,11.4435
5150,50,50,50,11.4296
5050,50,50,50,11.4157
4950,50,50,50,11.4018
4850,50,50,50,11.3878
4750,50,50,50,11.3739
4650,50,50,50,11.36
4550,50,50,50,11.3461
4450,50,50,50,11.3321
4350,50,50,50,11.3182
4250,50,50,50,11.3042
4150,50,50,50,11.2903
4050,50,50,50,11.2763
3950,50,50,50,11.2624
3850,50,50,50,11.2484
3750,50,50,50,11.2345
3650,50,50,50,11.2205
3550,50,50,50,11.2065
3450,50,50,50,11.1925
3350,50,50,50,11.1784
3250,50,50,50,11.1644
3150,50,50,50,11.1503
3050,50,50,50,11.1362
2950,50,50,50,11.1221
2850,50,50,50,11.108
2750,50,50,50,11.0938
2650,50,50,50,11.0795
2550,50,50,50,11.0653
2450,50,50,50,11.0509
2350,50,50,50,11.0365
2250,50,50,50,11.0221
2150,50,50,50,11.0075
2050,50,50,50,10.9929
1950,50,50,50,10.9781
1850,50,50,50,10.9633
1750,50,50,50,10.9482
1650,50,50,50,10.9331
1550,50,50,50,10.9178
1450,50,50,50,10.9022
1350,50,50,50,10.8865
1250,50,50,50,10.8706
1150,50,50,50,10.8545
1050,50,50,50,10.8381
950,50,50,50,10.8215
850,50,50,50,10.8048
750,50,50,50,10.788
650,50,50,50,10.7711
550,50,50,50,10.7544
450,50,50,50,10.7383
350,50,50,50,10.7233
250,50,50,50,10.7104
150,50,50,50,10.7007
50,50,50,50,10.6956
