12750,50,50,50,16.352
12650,50,50,50,16.3579
12550,50,50,50,16.3681
12450,50,50,50,16.3804
12350,50,50,50,16.393
12250,50,50,50,16.4043
12150,50,50,50,16.4137
12050,50,50,50,16.4204
11950,50,50,50,16.4243
11850,50,50,50,16.4253
11750,50,50,50,16.4235
11650,50,50,50,16.419
11550,50,50,50,16.412
11450,50,50,50,16.4028
11350,50,50,50,16.3916
11250,50,50,50,16.3787
11150,50,50,50,16.3643
11050,50,50,50,16.3486
10950,50,50,50,16.3318
10850,50,50,50,16.3141
10750,50,50,50,16.2957
10650,50,50,50,16.2767
10550,50,50,50,16.2571
10450,50,50,50,16.2372
10350,50,50,50,16.2169
10250,50,50,50,16.1964
10150,50,50,50,16.1757
10050,50,50,50,16.1549
9950,50,50,50,16.134
9850,50,50,50,16.113
9750,50,50,50,16.092
9650,50,50,50,16.071
9550,50,50,50,16.05
9450,50,50,50,16.0291
9350,50,50,50,16.0081
9250,50,50,50,15.9873
9150,50,50,50,15.9665
9050,50,50,50,15.9457
8950,50,50,50,15.925
8850,50,50,50,15.9044
8750,50,50,50,15.8839
8650,50,50,50,15.8635
8550,50,50,50,15.8431
8450,50,50,50,15.8228
8350,50,50,50,15.8026
8250,50,50,50,15.7825
8150,50,50,50,15.7624
8050,50,50,50,15.7425
7950,50,50,50,15.7226
7850,50,50,50,15.7028
7750,50,50,50,15.683
7650,50,50,50,15.6634
7550,50,50,50,15.6438
7450,50,50,50,15.6243
7350,50,50,50,15.6049
7250,50,50,50,15.5855
7150,50,50,50,15.5662
7050,50,50,50,15.547
6950,50,50,50,15.5279
6850,50,50,50,15.5088
6750,50,50,50,15.4898
6650,50,50,50,15.4708
6550,50,50,50,15.452
6450,50,50,50,15.4332
6350,50,50,50,15.4144
6250,50,50,50,15.3957
6150,50,50,50,15.3771
6050,50,50,50,15.3585
5950,50,50,50,15.34
5850,50,50,50,15.3216
5750,50,50,50,15.3032
5650,50,50,50,15.2849
5550,50,50,50,15.2666
5450,50,50,50,15.2484
5350,50,50,50,15.2302
5250,50,50,50,15.2121
5150,50,50,50,15.194
5050,50,50,50,15.176
4950,50,50,50,15.158
4850,50,50,50,15.1401
4750,50,50,50,15.1222
4650,50,50,50,15.1044
4550,50,50,50,15.0867
4450,50,50,50,15.0689
4350,50,50,50,15.0512
4250,50,50,50,15.0336
4150,50,50,50,15.016
4050,50,50,50,14.9984
3950,50,50,50,14.9809
3850,50,50,50,14.9633
3750,50,50,50,14.9459
3650,50,50,50,14.9284
3550,50,50,50,14.911
3450,50,50,50,14.8936
3350,50,50,50,14.8762
3250,50,50,50,14.8588
3150,50,50,50,14.8414
3050,50,50,50,14.8241
2950,50,50,50,14.8067
2850,50,50,50,14.7892
2750,50,50,50,14.7718
2650,50,50,50,14.7543
2550,50,50,50,14.7367
2450,50,50,50,14.719
2350,50,50,50,14.7012
2250,50,50,50,14.6833
2150,50,50,50,14.6652
2050,50,50,50,14.6468
1950,50,50,50,14.6282
1850,50,50,50,14.6093
1750,50,50,50,14.5899
1650,50,50,50,14.5701
1550,50,50,50,14.5498
1450,50,50,50,14.5288
1350,50,50,50,14.5071
1250,50,50,50,14.4844
1150,50,50,50,14.4608
1050,50,50,50,14.436
950,50,50,50,14.41
850,50,50,50,14.3827
750,50,50,50,14.3539
650,50,50,50,14.3238
550,50,50,50,14.2925
450,50,50,50,14.2608
350,50,50,50,14.2299
250,50,50,50,14.2023
150,50,50,50,14.1812
50,50,50,50,14.1697
