12750,50,50,50,18.2742
12650,50,50,50,18.2805
12550,50,50,50,18.291
12450,50,50,50,18.3026
12350,50,50,50,18.3128
12250,50,50,50,18.3199
12150,50,50,50,18.3229
12050,50,50,50,18.3212
11950,50,50,50,18.3146
11850,50,50,50,18.3031
11750,50,50,50,18.287
11650,50,50,50,18.2668
11550,50,50,50,18.2427
11450,50,50,50,18.2153
11350,50,50,50,18.185
11250,50,50,50,18.1523
11150,50,50,50,18.1176
11050,50,50,50,18.0813
10950,50,50,50,18.0437
10850,50,50,50,18.0052
10750,50,50,50,17.966
10650,50,50,50,17.9264
10550,50,50,50,17.8865
10450,50,50,50,17.8465
10350,50,50,50,17.8066
10250,50,50,50,17.7668
10150,50,50,50,17.7273
10050,50,50,50,17.6881
9950,50,50,50,17.6494
9850,50,50,50,17.611
9750,50,50,50,17.5731
9650,50,50,50,17.5358
9550,50,50,50,17.4989
9450,50,50,50,17.4625
9350,50,50,50,17.4267
9250,50,50,50,17.3914
9150,50,50,50,17.3566
9050,50,50,50,17.3223
8950,50,50,50,17.2885
8850,50,50,50,17.2553
8750,50,50,50,17.2225
8650,50,50,50,17.1902
8550,50,50,50,17.1584
8450,50,50,50,17.127
8350,50,50,50,17.096
8250,50,50,50,17.0655
8150,50,50,50,17.0354
8050,50,50,50,17.0056
7950,50,50,50,16.9763
7850,50,50,50,16.9473
7750,50,50,50,16.9187
7650,50,50,50,16.8905
7550,50,50,50,16.8625
7450,50,50,50,16.8349
7350,50,50,50,16.8076
7250,50,50,50,16.7806
7150,50,50,50,16.7539
7050,50,50,50,16.7275
6950,50,50,50,16.7014
6850,50,50,50,16.6755
6750,50,50,50,16.6498
6650,50,50,50,16.6244
6550,50,50,50,16.5993
6450,50,50,50,16.5744
6350,50,50,50,16.5497
6250,50,50,50,16.5252
6150,50,50,50,16.5009
6050,50,50,50,16.4768
5950,50,50,50,16.4529
5850,50,50,50,16.4292
5750,50,50,50,16.4057
5650,50,50,50,16.3823
5550,50,50,50,16.3591
5450,50,50,50,16.3361
5350,50,50,50,16.3132
5250,50,50,50,16.2905
5150,50,50,50,16.268
5050,50,50,50,16.2456
4950,50,50,50,16.2233
4850,50,50,50,16.2012
4750,50,50,50,16.1792
4650,50,50,50,16.1573
4550,50,50,50,16.1355
4450,50,50,50,16.1139
4350,50,50,50,16.0924
4250,50,50,50,16.0709
4150,50,50,50,16.0496
4050,50,50,50,16.0284
3950,50,50,50,16.0073
3850,50,50,50,15.9863
3750,50,50,50,15.9653
3650,50,50,50,15.9445
3550,50,50,50,15.9237
3450,50,50,50,15.903
3350,50,50,50,15.8823
3250,50,50,50,15.8617
3150,50,50,50,15.8412
3050,50,50,50,15.8206
2950,50,50,50,15.8001
2850,50,50,50,15.7796
2750,50,50,50,15.759
2650,50,50,50,15.7385
2550,50,50,50,15.7178
2450,50,50,50,15.6971
2350,50,50,50,15.6762
2250,50,50,50,15.6552
2150,50,50,50,15.634
2050,50,50,50,15.6125
1950,50,50,50,15.5907
1850,50,50,50,15.5684
1750,50,50,50,15.5457
1650,50,50,50,15.5223
1550,50,50,50,15.4983
1450,50,50,50,15.4734
1350,50,50,50,15.4475
1250,50,50,50,15.4204
1150,50,50,50,15.392
1050,50,50,50,15.3621
950,50,50,50,15.3304
850,50,50,50,15.2969
750,50,50,50,15.2615
650,50,50,50,15.2241
550,50,50,50,15.1851
450,50,50,50,15.1452
350,50,50,50,15.1062
250,50,50,50,15.0712
150,50,50,50,15.0443
50,50,50,50,15.0297
