12750,50,50,50,13.0641
12650,50,50,50,13.0655
12550,50,50,50,13.0679
12450,50,50,50,13.0703
12350,50,50,50,13.0724
12250,50,50,50,13.0736
12150,50,50,50,13.0736
12050,50,50,50,13.0724
11950,50,50,50,13.0699
11850,50,50,50,13.066
11750,50,50,50,13.0609
11650,50,50,50,13.0546
11550,50,50,50,13.0473
11450,50,50,50,13.0389
11350,50,50,50,13.0297
11250,50,50,50,13.0197
11150,50,50,50,13.009
11050,50,50,50,12.9978
10950,50,50,50,12.986
10850,50,50,50,12.9739
10750,50,50,50,12.9613
10650,50,50,50,12.9485
10550,50,50,50,12.9353
10450,50,50,50,12.922
10350,50,50,50,12.9085
10250,50,50,50,12.8949
10150,50,50,50,12.8811
10050,50,50,50,12.8672
9950,50,50,50,12.8532
9850,50,50,50,12.8392
9750,50,50,50,12.8251
9650,50,50,50,12.811
9550,50,50,50,12.7969
9450,50,50,50,12.7827
9350,50,50,50,12.7685
9250,50,50,50,12.7542
9150,50,50,50,12.74
9050,50,50,50,12.7258
8950,50,50,50,12.7115
8850,50,50,50,12.6973
8750,50,50,50,12.683
8650,50,50,50,12.6688
8550,50,50,50,12.6546
8450,50,50,50,12.6403
8350,50,50,50,12.6261
8250,50,50,50,12.6118
8150,50,50,50,12.5976
8050,50,50,50,12.5834
7950,50,50,50,12.5692
7850,50,50,50,12.555
7750,50,50,50,12.5408
7650,50,50,50,12.5266
7550,50,50,50,12.5124
7450,50,50,50,12.4982
7350,50,50,50,12.484
7250,50,50,50,12.4699
7150,50,50,50,12.4557
7050,50,50,50,12.4416
6950,50,50,50,12.4274
6850,50,50,50,12.4133
6750,50,50,50,12.3991
6650,50,50,50,12.385
6550,50,50,50,12.3709
6450,50,50,50,12.3568
6350,50,50,50,12.3427
6250,50,50,50,12.3286
6150,50,50,50,12.3145
6050,50,50,50,12.3004
5950,50,50,50,12.2863
5850,50,50,50,12.2722
5750,50,50,50,12.2582
5650,50,50,50,12.2441
5550,50,50,50,12.2301
5450,50,50,50,12.216
5350,50,50,50,12.2019
5250,50,50,50,12.1879
5150,50,50,50,12.1738
5050,50,50,50,12.1598
4950,50,50,50,12.1458
4850,50,50,50,12.1317
4750,50,50,50,12.1177
4650,50,50,50,12.1037
4550,50,50,50,12.0896
4450,50,50,50,12.0756
4350,50,50,50,12.0616
4250,50,50,50,12.0475
4150,50,50,50,12.0335
4050,50,50,50,12.0195
3950,50,50,50,12.0055
3850,50,50,50,11.9914
3750,50,50,50,11.9774
3650,50,50,50,11.9633
3550,50,50,50,11.9493
3450,50,50,50,11.9352
3350,50,50,50,11.9211
3250,50,50,50,11.907
3150,50,50,50,11.8929
3050,50,50,50,11.8788
2950,50,50,50,11.8646
2850,50,50,50,11.8504
2750,50,50,50,11.8362
2650,50,50,50,11.8219
2550,50,50,50,11.8076
2450,50,50,50,11.7932
2350,50,50,50,11.7787
2250,50,50,50,11.7642
2150,50,50,50,11.7495
2050,50,50,50,11.7348
1950,50,50,50,11.7199
1850,50,50,50,11.7049
1750,50,50,50,11.6896
1650,50,50,50,11.6742
1550,50,50,50,11.6586
1450,50,50,50,11.6427
1350,50,50,50,11.6266
1250,50,50,50,11.6101
1150,50,50,50,11.5933
1050,50,50,50,11.5762
950,50,50,50,11.5587
850,50,50,50,11.5409
750,50,50,50,11.5228
650,50,50,50,11.5045
550,50,50,50,11.4862
450,50,50,50,11.4683
350,50,50,50,11.4514
250,50,50,50,11.4368
150,50,50,50,11.4258
50,50,50,50,11.4199
