12750,50,50,50,14.2995
12650,50,50,50,14.3021
12550,50,50,50,14.3066
12450,50,50,50,14.3118
12350,50,50,50,14.3168
12250,50,50,50,14.3209
12150,50,50,50,14.3236
12050,50,50,50,14.3247
11950,50,50,50,14.3242
11850,50,50,50,14.3219
11750,50,50,50,14.318
11650,50,50,50,14.3125
11550,50,50,50,14.3056
11450,50,50,50,14.2974
11350,50,50,50,14.2881
11250,50,50,50,14.2777
11150,50,50,50,14.2665
11050,50,50,50,14.2546
10950,50,50,50,14.242
10850,50,50,50,14.2288
10750,50,50,50,14.2152
10650,50,50,50,14.2013
10550,50,50,50,14.187
10450,50,50,50,14.1724
10350,50,50,50,14.1576
10250,50,50,50,14.1427
10150,50,50,50,14.1276
10050,50,50,50,14.1124
9950,50,50,50,14.0972
9850,50,50,50,14.0818
9750,50,50,50,14.0664
9650,50,50,50,14.051
9550,50,50,50,14.0355
9450,50,50,50,14.02
9350,50,50,50,14.0045
9250,50,50,50,13.989
9150,50,50,50,13.9735
9050,50,50,50,13.958
8950,50,50,50,13.9425
8850,50,50,50,13.9271
8750,50,50,50,13.9116
8650,50,50,50,13.8962
8550,50,50,50,13.8807
8450,50,50,50,13.8653
8350,50,50,50,13.8499
8250,50,50,50,13.8345
8150,50,50,50,13.8192
8050,50,50,50,13.8038
7950,50,50,50,13.7885
7850,50,50,50,13.7732
7750,50,50,50,13.7579
7650,50,50,50,13.7427
7550,50,50,50,13.7274
7450,50,50,50,13.7122
7350,50,50,50,13.697
7250,50,50,50,13.6818
7150,50,50,50,13.6666
7050,50,50,50,13.6515
6950,50,50,50,13.6364
6850,50,50,50,13.6213
6750,50,50,50,13.6062
6650,50,50,50,13.5911
6550,50,50,50,13.576
6450,50,50,50,13.561
6350,50,50,50,13.546
6250,50,50,50,13.531
6150,50,50,50,13.516
6050,50,50,50,13.5011
5950,50,50,50,13.4861
5850,50,50,50,13.4712
5750,50,50,50,13.4563
5650,50,50,50,13.4414
5550,50,50,50,13.4265
5450,50,50,50,13.4116
5350,50,50,50,13.3968
5250,50,50,50,13.382
5150,50,50,50,13.3671
5050,50,50,50,13.3523
4950,50,50,50,13.3376
4850,50,50,50,13.3228
4750,50,50,50,13.308
4650,50,50,50,13.2933
4550,50,50,50,13.2785
4450,50,50,50,13.2638
4350,50,50,50,13.2491
4250,50,50,50,13.2344
4150,50,50,50,13.2197
4050,50,50,50,13.205
3950,50,50,50,13.1903
3850,50,50,50,13.1756
3750,50,50,50,13.1609
3650,50,50,50,13.1463
3550,50,50,50,13.1316
3450,50,50,50,13.1169
3350,50,50,50,13.1022
3250,50,50,50,13.0875
3150,50,50,50,13.0728
3050,50,50,50,13.0581
2950,50,50,50,13.0434
2850,50,50,50,13.0286
2750,50,50,50,13.0138
2650,50,50,50,12.9989
2550,50,50,50,12.984
2450,50,50,50,12.969
2350,50,50,50,12.9539
2250,50,50,50,12.9387
2150,50,50,50,12.9234
2050,50,50,50,12.9079
1950,50,50,50,12.8922
1850,50,50,50,12.8764
1750,50,50,50,12.8603
1650,50,50,50,12.8439
1550,50,50,50,12.8272
1450,50,50,50,12.8101
1350,50,50,50,12.7926
1250,50,50,50,12.7746
1150,50,50,50,12.7561
1050,50,50,50,12.737
950,50,50,50,12.7172
850,50,50,50,12.6968
750,50,50,50,12.6757
650,50,50,50,12.654
550,50,50,50,12.632
450,50,50,50,12.6101
350,50,50,50,12.5891
250,50,50,50,12.5707
150,50,50,50,12.5567
50,50,50,50,12.5491
