12750,50,50,50,12.812
12650,50,50,50,12.8133
12550,50,50,50,12.8152
12450,50,50,50,12.8173
12350,50,50,50,12.8188
12250,50,50,50,12.8195
12150,50,50,50,12.8192
12050,50,50,50,12.8176
11950,50,50,50,12.8147
11850,50,50,50,12.8106
11750,50,50,50,12.8053
11650,50,50,50,12.7989
11550,50,50,50,12.7914
11450,50,50,50,12.783
11350,50,50,50,12.7737
11250,50,50,50,12.7638
11150,50,50,50,12.7531
11050,50,50,50,12.742
10950,50,50,50,12.7303
10850,50,50,50,12.7182
10750,50,50,50,12.7058
10650,50,50,50,12.6931
10550,50,50,50,12.6801
10450,50,50,50,12.6669
10350,50,50,50,12.6536
10250,50,50,50,12.6401
10150,50,50,50,12.6265
10050,50,50,50,12.6127
9950,50,50,50,12.5989
9850,50,50,50,12.5851
9750,50,50,50,12.5711
9650,50,50,50,12.5572
9550,50,50,50,12.5431
9450,50,50,50,12.5291
9350,50,50,50,12.515
9250,50,50,50,12.501
9150,50,50,50,12.4869
9050,50,50,50,12.4728
8950,50,50,50,12.4587
8850,50,50,50,12.4446
8750,50,50,50,12.4305
8650,50,50,50,12.4163
8550,50,50,50,12.4022
8450,50,50,50,12.3881
8350,50,50,50,12.374
8250,50,50,50,12.3599
8150,50,50,50,12.3458
8050,50,50,50,12.3317
7950,50,50,50,12.3176
7850,50,50,50,12.3035
7750,50,50,50,12.2894
7650,50,50,50,12.2753
7550,50,50,50,12.2613
7450,50,50,50,12.2472
7350,50,50,50,12.2331
7250,50,50,50,12.2191
7150,50,50,50,12.205
7050,50,50,50,12.191
6950,50,50,50,12.1769
6850,50,50,50,12.1629
6750,50,50,50,12.1488
6650,50,50,50,12.1348
6550,50,50,50,12.1208
6450,50,50,50,12.1068
6350,50,50,50,12.0927
6250,50,50,50,12.0787
6150,50,50,50,12.0647
6050,50,50,50,12.0507
5950,50,50,50,12.0367
5850,50,50,50,12.0227
5750,50,50,50,12.0087
5650,50,50,50,11.9947
5550,50,50,50,11.9808
5450,50,50,50,11.9668
5350,50,50,50,11.9528
5250,50,50,50,11.9388
5150,50,50,50,11.9248
5050,50,50,50,11.9108
4950,50,50,50,11.8969
4850,50,50,50,11.8829
4750,50,50,50,11.8689
4650,50,50,50,11.855
4550,50,50,50,11.841
4450,50,50,50,11.827
4350,50,50,50,11.813
4250,50,50,50,11.7991
4150,50,50,50,11.7851
4050,50,50,50,11.7711
3950,50,50,50,11.7571
3850,50,50,50,11.7431
3750,50,50,50,11.7292
3650,50,50,50,11.7151
3550,50,50,50,11.7011
3450,50,50,50,11.6871
3350,50,50,50,11.6731
3250,50,50,50,11.659
3150,50,50,50,11.645
3050,50,50,50,11.6309
2950,50,50,50,11.6167
2850,50,50,50,11.6026
2750,50,50,50,11.5884
2650,50,50,50,11.5741
2550,50,50,50,11.5599
2450,50,50,50,11.5455
2350,50,50,50,11.5311
2250,50,50,50,11.5166
2150,50,50,50,11.502
2050,50,50,50,11.4873
1950,50,50,50,11.4725
1850,50,50,50,11.4576
1750,50,50,50,11.4424
1650,50,50,50,11.4271
1550,50,50,50,11.4116
1450,50,50,50,11.3959
1350,50,50,50,11.3799
1250,50,50,50,11.3637
1150,50,50,50,11.3471
1050,50,50,50,11.3303
950,50,50,50,11.3132
850,50,50,50,11.2957
750,50,50,50,11.2781
650,50,50,50,11.2603
550,50,50,50,11.2426
450,50,50,50,11.2254
350,50,50,50,11.2092
250,50,50,50,11.1952
150,50,50,50,11.1847
50,50,50,50,11.179
