12750,50,50,50,12.3976
12650,50,50,50,12.3985
12550,50,50,50,12.3999
12450,50,50,50,12.4013
12350,50,50,50,12.4022
12250,50,50,50,12.4022
12150,50,50,50,12.4012
12050,50,50,50,12.399
11950,50,50,50,12.3957
11850,50,50,50,12.3912
11750,50,50,50,12.3855
11650,50,50,50,12.3788
11550,50,50,50,12.3712
11450,50,50,50,12.3627
11350,50,50,50,12.3534
11250,50,50,50,12.3434
11150,50,50,50,12.3328
11050,50,50,50,12.3217
10950,50,50,50,12.3101
10850,50,50,50,12.2982
10750,50,50,50,12.2859
10650,50,50,50,12.2733
10550,50,50,50,12.2605
10450,50,50,50,12.2475
10350,50,50,50,12.2343
10250,50,50,50,12.221
10150,50,50,50,12.2076
10050,50,50,50,12.194
9950,50,50,50,12.1804
9850,50,50,50,12.1667
9750,50,50,50,12.153
9650,50,50,50,12.1392
9550,50,50,50,12.1253
9450,50,50,50,12.1115
9350,50,50,50,12.0976
9250,50,50,50,12.0837
9150,50,50,50,12.0698
9050,50,50,50,12.0558
8950,50,50,50,12.0419
8850,50,50,50,12.0279
8750,50,50,50,12.014
8650,50,50,50,12
8550,50,50,50,11.986
8450,50,50,50,11.9721
8350,50,50,50,11.9581
8250,50,50,50,11.9441
8150,50,50,50,11.9302
8050,50,50,50,11.9162
7950,50,50,50,11.9022
7850,50,50,50,11.8883
7750,50,50,50,11.8743
7650,50,50,50,11.8604
7550,50,50,50,11.8464
7450,50,50,50,11.8325
7350,50,50,50,11.8185
7250,50,50,50,11.8046
7150,50,50,50,11.7906
7050,50,50,50,11.7767
6950,50,50,50,11.7627
6850,50,50,50,11.7488
6750,50,50,50,11.7348
6650,50,50,50,11.7209
6550,50,50,50,11.707
6450,50,50,50,11.693
6350,50,50,50,11.6791
6250,50,50,50,11.6652
6150,50,50,50,11.6512
6050,50,50,50,11.6373
5950,50,50,50,11.6234
5850,50,50,50,11.6095
5750,50,50,50,11.5955
5650,50,50,50,11.5816
5550,50,50,50,11.5677
5450,50,50,50,11.5538
5350,50,50,50,11.5399
5250,50,50,50,11.5259
5150,50,50,50,11.512
5050,50,50,50,11.4981
4950,50,50,50,11.4842
4850,50,50,50,11.4702
4750,50,50,50,11.4563
4650,50,50,50,11.4424
4550,50,50,50,11.4284
4450,50,50,50,11.4145
4350,50,50,50,11.4006
4250,50,50,50,11.3866
4150,50,50,50,11.3727
4050,50,50,50,11.3587
3950,50,50,50,11.3448
3850,50,50,50,11.3308
3750,50,50,50,11.3169
3650,50,50,50,11.3029
3550,50,50,50,11.2889
3450,50,50,50,11.2749
3350,50,50,50,11.2609
3250,50,50,50,11.2468
3150,50,50,50,11.2328
3050,50,50,50,11.2187
2950,50,50,50,11.2046
2850,50,50,50,11.1904
2750,50,50,50,11.1762
2650,50,50,50,11.162
2550,50,50,50,11.1477
2450,50,50,50,11.1334
2350,50,50,50,11.119
2250,50,50,50,11.1045
2150,50,50,50,11.09
2050,50,50,50,11.0753
1950,50,50,50,11.0606
1850,50,50,50,11.0457
1750,50,50,50,11.0307
1650,50,50,50,11.0155
1550,50,50,50,11.0002
1450,50,50,50,10.9846
1350,50,50,50,10.9689
1250,50,50,50,10.9529
1150,50,50,50,10.9367
1050,50,50,50,10.9203
950,50,50,50,10.9036
850,50,50,50,10.8868
750,50,50,50,10.8698
650,50,50,50,10.8528
550,50,50,50,10.836
450,50,50,50,10.8197
350,50,50,50,10.8045
250,50,50,50,10.7914
150,50,50,50,10.7816
50,50,50,50,10.7764
