12750,50,50,50,19.1565
12650,50,50,50,19.1615
12550,50,50,50,19.1689
12450,50,50,50,19.1757
12350,50,50,50,19.1795
12250,50,50,50,19.1787
12150,50,50,50,19.1723
12050,50,50,50,19.16
11950,50,50,50,19.1417
11850,50,50,50,19.1176
11750,50,50,50,19.0881
11650,50,50,50,19.0537
11550,50,50,50,19.0151
11450,50,50,50,18.9727
11350,50,50,50,18.9272
11250,50,50,50,18.8791
11150,50,50,50,18.829
11050,50,50,50,18.7774
10950,50,50,50,18.7245
10850,50,50,50,18.671
10750,50,50,50,18.6169
10650,50,50,50,18.5627
10550,50,50,50,18.5086
10450,50,50,50,18.4547
10350,50,50,50,18.4013
10250,50,50,50,18.3483
10150,50,50,50,18.2961
10050,50,50,50,18.2445
9950,50,50,50,18.1937
9850,50,50,50,18.1438
9750,50,50,50,18.0947
9650,50,50,50,18.0466
9550,50,50,50,17.9993
9450,50,50,50,17.9529
9350,50,50,50,17.9074
9250,50,50,50,17.8627
9150,50,50,50,17.819
9050,50,50,50,17.7761
8950,50,50,50,17.734
8850,50,50,50,17.6928
8750,50,50,50,17.6523
8650,50,50,50,17.6126
8550,50,50,50,17.5737
8450,50,50,50,17.5355
8350,50,50,50,17.4979
8250,50,50,50,17.4611
8150,50,50,50,17.4249
8050,50,50,50,17.3893
7950,50,50,50,17.3543
7850,50,50,50,17.32
7750,50,50,50,17.2862
7650,50,50,50,17.2529
7550,50,50,50,17.2201
7450,50,50,50,17.1879
7350,50,50,50,17.1561
7250,50,50,50,17.1248
7150,50,50,50,17.094
7050,50,50,50,17.0635
6950,50,50,50,17.0335
6850,50,50,50,17.0039
6750,50,50,50,16.9747
6650,50,50,50,16.9459
6550,50,50,50,16.9174
6450,50,50,50,16.8893
6350,50,50,50,16.8615
6250,50,50,50,16.834
6150,50,50,50,16.8068
6050,50,50,50,16.7799
5950,50,50,50,16.7533
5850,50,50,50,16.727
5750,50,50,50,16.701
5650,50,50,50,16.6752
5550,50,50,50,16.6497
5450,50,50,50,16.6244
5350,50,50,50,16.5993
5250,50,50,50,16.5744
5150,50,50,50,16.5498
5050,50,50,50,16.5254
4950,50,50,50,16.5012
4850,50,50,50,16.4771
4750,50,50,50,16.4533
4650,50,50,50,16.4296
4550,50,50,50,16.4062
4450,50,50,50,16.3828
4350,50,50,50,16.3597
4250,50,50,50,16.3367
4150,50,50,50,16.3138
4050,50,50,50,16.2911
3950,50,50,50,16.2685
3850,50,50,50,16.2461
3750,50,50,50,16.2237
3650,50,50,50,16.2015
3550,50,50,50,16.1794
3450,50,50,50,16.1574
3350,50,50,50,16.1354
3250,50,50,50,16.1136
3150,50,50,50,16.0918
3050,50,50,50,16.0701
2950,50,50,50,16.0484
2850,50,50,50,16.0267
2750,50,50,50,16.005
2650,50,50,50,15.9833
2550,50,50,50,15.9615
2450,50,50,50,15.9397
2350,50,50,50,15.9178
2250,50,50,50,15.8957
2150,50,50,50,15.8733
2050,50,50,50,15.8507
1950,50,50,50,15.8278
1850,50,50,50,15.8044
1750,50,50,50,15.7805
1650,50,50,50,15.756
1550,50,50,50,15.7307
1450,50,50,50,15.7045
1350,50,50,50,15.6773
1250,50,50,50,15.6488
1150,50,50,50,15.6189
1050,50,50,50,15.5874
950,50,50,50,15.554
850,50,50,50,15.5187
750,50,50,50,15.4813
650,50,50,50,15.4418
550,50,50,50,15.4005
450,50,50,50,15.3582
350,50,50,50,15.3168
250,50,50,50,15.2797
150,50,50,50,15.2512
50,50,50,50,15.2357
