12750,50,50,50,11.6619
12650,50,50,50,11.6624
12550,50,50,50,11.6631
12450,50,50,50,11.6635
12350,50,50,50,11.6633
12250,50,50,50,11.6623
12150,50,50,50,11.6603
12050,50,50,50,11.6573
11950,50,50,50,11.6532
11850,50,50,50,11.648
11750,50,50,50,11.6418
11650,50,50,50,11.6347
11550,50,50,50,11.6267
11450,50,50,50,11.618
11350,50,50,50,11.6085
11250,50,50,50,11.5984
11150,50,50,50,11.5878
11050,50,50,50,11.5767
10950,50,50,50,11.5652
10850,50,50,50,11.5533
10750,50,50,50,11.5411
10650,50,50,50,11.5286
10550,50,50,50,11.516
10450,50,50,50,11.5031
10350,50,50,50,11.49
10250,50,50,50,11.4769
10150,50,50,50,11.4636
10050,50,50,50,11.4502
9950,50,50,50,11.4367
9850,50,50,50,11.4231
9750,50,50,50,11.4095
9650,50,50,50,11.3959
9550,50,50,50,11.3822
9450,50,50,50,11.3684
9350,50,50,50,11.3547
9250,50,50,50,11.3409
9150,50,50,50,11.327
9050,50,50,50,11.3132
8950,50,50,50,11.2994
8850,50,50,50,11.2855
8750,50,50,50,11.2716
8650,50,50,50,11.2578
8550,50,50,50,11.2439
8450,50,50,50,11.23
8350,50,50,50,11.2161
8250,50,50,50,11.2022
8150,50,50,50,11.1883
8050,50,50,50,11.1744
7950,50,50,50,11.1605
7850,50,50,50,11.1465
7750,50,50,50,11.1326
7650,50,50,50,11.1187
7550,50,50,50,11.1048
7450,50,50,50,11.0909
7350,50,50,50,11.0769
7250,50,50,50,11.063
7150,50,50,50,11.0491
7050,50,50,50,11.0351
6950,50,50,50,11.0212
6850,50,50,50,11.0072
6750,50,50,50,10.9933
6650,50,50,50,10.9794
6550,50,50,50,10.9654
6450,50,50,50,10.9515
6350,50,50,50,10.9375
6250,50,50,50,10.9236
6150,50,50,50,10.9096
6050,50,50,50,10.8957
5950,50,50,50,10.8817
5850,50,50,50,10.8677
5750,50,50,50,10.8538
5650,50,50,50,10.8398
5550,50,50,50,10.8258
5450,50,50,50,10.8118
5350,50,50,50,10.7979
5250,50,50,50,10.7839
5150,50,50,50,10.7699
5050,50,50,50,10.7559
4950,50,50,50,10.7419
4850,50,50,50,10.7279
4750,50,50,50,10.7139
4650,50,50,50,10.6998
4550,50,50,50,10.6858
4450,50,50,50,10.6718
4350,50,50,50,10.6578
4250,50,50,50,10.6437
4150,50,50,50,10.6297
4050,50,50,50,10.6156
3950,50,50,50,10.6015
3850,50,50,50,10.5875
3750,50,50,50,10.5734
3650,50,50,50,10.5593
3550,50,50,50,10.5451
3450,50,50,50,10.531
3350,50,50,50,10.5169
3250,50,50,50,10.5027
3150,50,50,50,10.4885
3050,50,50,50,10.4743
2950,50,50,50,10.46
2850,50,50,50,10.4457
2750,50,50,50,10.4314
2650,50,50,50,10.4171
2550,50,50,50,10.4027
2450,50,50,50,10.3882
2350,50,50,50,10.3737
2250,50,50,50,10.3591
2150,50,50,50,10.3445
2050,50,50,50,10.3298
1950,50,50,50,10.315
1850,50,50,50,10.3001
1750,50,50,50,10.2851
1650,50,50,50,10.27
1550,50,50,50,10.2547
1450,50,50,50,10.2393
1350,50,50,50,10.2238
1250,50,50,50,10.2082
1150,50,50,50,10.1924
1050,50,50,50,10.1765
950,50,50,50,10.1605
850,50,50,50,10.1444
750,50,50,50,10.1284
650,50,50,50,10.1125
550,50,50,50,10.0969
450,50,50,50,10.082
350,50,50,50,10.0683
250,50,50,50,10.0565
150,50,50,50,10.0479
50,50,50,50,10.0432
