12750,50,50,50,26.5059
12650,50,50,50,26.4932
12550,50,50,50,26.4639
12450,50,50,50,26.4147
12350,50,50,50,26.3446
12250,50,50,50,26.2539
12150,50,50,50,26.1436
12050,50,50,50,26.0151
11950,50,50,50,25.87
11850,50,50,50,25.7102
11750,50,50,50,25.538
11650,50,50,50,25.3554
11550,50,50,50,25.1645
11450,50,50,50,24.9675
11350,50,50,50,24.7662
11250,50,50,50,24.5624
11150,50,50,50,24.3575
11050,50,50,50,24.153
10950,50,50,50,23.9499
10850,50,50,50,23.7491
10750,50,50,50,23.5514
10650,50,50,50,23.3574
10550,50,50,50,23.1673
10450,50,50,50,22.9816
10350,50,50,50,22.8005
10250,50,50,50,22.6239
10150,50,50,50,22.452
10050,50,50,50,22.2848
9950,50,50,50,22.1222
9850,50,50,50,21.9641
9750,50,50,50,21.8105
9650,50,50,50,21.6612
9550,50,50,50,21.5161
9450,50,50,50,21.3751
9350,50,50,50,21.2382
9250,50,50,50,21.105
9150,50,50,50,20.9757
9050,50,50,50,20.8499
8950,50,50,50,20.7278
8850,50,50,50,20.609
8750,50,50,50,20.4936
8650,50,50,50,20.3814
8550,50,50,50,20.2723
8450,50,50,50,20.1663
8350,50,50,50,20.0633
8250,50,50,50,19.9631
8150,50,50,50,19.8657
8050,50,50,50,19.7711
7950,50,50,50,19.679
7850,50,50,50,19.5895
7750,50,50,50,19.5025
7650,50,50,50,19.4179
7550,50,50,50,19.3356
7450,50,50,50,19.2555
7350,50,50,50,19.1776
7250,50,50,50,19.1018
7150,50,50,50,19.0281
7050,50,50,50,18.9563
6950,50,50,50,18.8865
6850,50,50,50,18.8185
6750,50,50,50,18.7523
6650,50,50,50,18.6878
6550,50,50,50,18.6249
6450,50,50,50,18.5637
6350,50,50,50,18.504
6250,50,50,50,18.4459
6150,50,50,50,18.3891
6050,50,50,50,18.3338
5950,50,50,50,18.2798
5850,50,50,50,18.2271
5750,50,50,50,18.1757
5650,50,50,50,18.1255
5550,50,50,50,18.0764
5450,50,50,50,18.0285
5350,50,50,50,17.9816
5250,50,50,50,17.9357
5150,50,50,50,17.8909
5050,50,50,50,17.847
4950,50,50,50,17.804
4850,50,50,50,17.7619
4750,50,50,50,17.7207
4650,50,50,50,17.6803
4550,50,50,50,17.6407
4450,50,50,50,17.6018
4350,50,50,50,17.5637
4250,50,50,50,17.5262
4150,50,50,50,17.4894
4050,50,50,50,17.4533
3950,50,50,50,17.4178
3850,50,50,50,17.3828
3750,50,50,50,17.3484
3650,50,50,50,17.3145
3550,50,50,50,17.2812
3450,50,50,50,17.2483
3350,50,50,50,17.2158
3250,50,50,50,17.1838
3150,50,50,50,17.1522
3050,50,50,50,17.1209
2950,50,50,50,17.0899
2850,50,50,50,17.0593
2750,50,50,50,17.0289
2650,50,50,50,16.9987
2550,50,50,50,16.9687
2450,50,50,50,16.9388
2350,50,50,50,16.9089
2250,50,50,50,16.8791
2150,50,50,50,16.8491
2050,50,50,50,16.819
1950,50,50,50,16.7887
1850,50,50,50,16.7579
1750,50,50,50,16.7267
1650,50,50,50,16.6947
1550,50,50,50,16.662
1450,50,50,50,16.6282
1350,50,50,50,16.5932
1250,50,50,50,16.5568
1150,50,50,50,16.5186
1050,50,50,50,16.4785
950,50,50,50,16.4361
850,50,50,50,16.3913
750,50,50,50,16.3439
650,50,50,50,16.2939
550,50,50,50,16.2417
450,50,50,50,16.1883
350,50,50,50,16.136
250,50,50,50,16.0891
150,50,50,50,16.0532
50,50,50,50,16.0336
