12750,50,50,50,16.6436
12650,50,50,50,16.6499
12550,50,50,50,16.6609
12450,50,50,50,16.6741
12350,50,50,50,16.6876
12250,50,50,50,16.6997
12150,50,50,50,16.7097
12050,50,50,50,16.7168
11950,50,50,50,16.7208
11850,50,50,50,16.7217
11750,50,50,50,16.7195
11650,50,50,50,16.7144
11550,50,50,50,16.7066
11450,50,50,50,16.6964
11350,50,50,50,16.6841
11250,50,50,50,16.6699
11150,50,50,50,16.6541
11050,50,50,50,16.6369
10950,50,50,50,16.6185
10850,50,50,50,16.5992
10750,50,50,50,16.5792
10650,50,50,50,16.5584
10550,50,50,50,16.5372
10450,50,50,50,16.5155
10350,50,50,50,16.4936
10250,50,50,50,16.4714
10150,50,50,50,16.449
10050,50,50,50,16.4265
9950,50,50,50,16.404
9850,50,50,50,16.3814
9750,50,50,50,16.3588
9650,50,50,50,16.3363
9550,50,50,50,16.3137
9450,50,50,50,16.2913
9350,50,50,50,16.2689
9250,50,50,50,16.2466
9150,50,50,50,16.2244
9050,50,50,50,16.2023
8950,50,50,50,16.1803
8850,50,50,50,16.1583
8750,50,50,50,16.1365
8650,50,50,50,16.1148
8550,50,50,50,16.0932
8450,50,50,50,16.0717
8350,50,50,50,16.0504
8250,50,50,50,16.0291
8150,50,50,50,16.0079
8050,50,50,50,15.9868
7950,50,50,50,15.9659
7850,50,50,50,15.945
7750,50,50,50,15.9243
7650,50,50,50,15.9036
7550,50,50,50,15.883
7450,50,50,50,15.8625
7350,50,50,50,15.8422
7250,50,50,50,15.8219
7150,50,50,50,15.8017
7050,50,50,50,15.7815
6950,50,50,50,15.7615
6850,50,50,50,15.7416
6750,50,50,50,15.7217
6650,50,50,50,15.7019
6550,50,50,50,15.6822
6450,50,50,50,15.6626
6350,50,50,50,15.6431
6250,50,50,50,15.6236
6150,50,50,50,15.6042
6050,50,50,50,15.5849
5950,50,50,50,15.5656
5850,50,50,50,15.5465
5750,50,50,50,15.5274
5650,50,50,50,15.5083
5550,50,50,50,15.4893
5450,50,50,50,15.4704
5350,50,50,50,15.4516
5250,50,50,50,15.4328
5150,50,50,50,15.4141
5050,50,50,50,15.3954
4950,50,50,50,15.3768
4850,50,50,50,15.3583
4750,50,50,50,15.3398
4650,50,50,50,15.3213
4550,50,50,50,15.303
4450,50,50,50,15.2846
4350,50,50,50,15.2663
4250,50,50,50,15.2481
4150,50,50,50,15.2299
4050,50,50,50,15.2118
3950,50,50,50,15.1937
3850,50,50,50,15.1756
3750,50,50,50,15.1576
3650,50,50,50,15.1396
3550,50,50,50,15.1217
3450,50,50,50,15.1037
3350,50,50,50,15.0858
3250,50,50,50,15.0679
3150,50,50,50,15.05
3050,50,50,50,15.0321
2950,50,50,50,15.0142
2850,50,50,50,14.9963
2750,50,50,50,14.9783
2650,50,50,50,14.9603
2550,50,50,50,14.9422
2450,50,50,50,14.924
2350,50,50,50,14.9057
2250,50,50,50,14.8872
2150,50,50,50,14.8686
2050,50,50,50,14.8497
1950,50,50,50,14.8305
1850,50,50,50,14.811
1750,50,50,50,14.7911
1650,50,50,50,14.7707
1550,50,50,50,14.7497
1450,50,50,50,14.728
1350,50,50,50,14.7055
1250,50,50,50,14.6821
1150,50,50,50,14.6576
1050,50,50,50,14.6319
950,50,50,50,14.6049
850,50,50,50,14.5764
750,50,50,50,14.5464
650,50,50,50,14.515
550,50,50,50,14.4822
450,50,50,50,14.4489
350,50,50,50,14.4165
250,50,50,50,14.3875
150,50,50,50,14.3653
50,50,50,50,14.3533
