12750,50,50,50,16.0893
12650,50,50,50,16.0947
12550,50,50,50,16.1041
12450,50,50,50,16.1155
12350,50,50,50,16.127
12250,50,50,50,16.1375
12150,50,50,50,16.146
12050,50,50,50,16.1521
11950,50,50,50,16.1556
11850,50,50,50,16.1564
11750,50,50,50,16.1545
11650,50,50,50,16.1502
11550,50,50,50,16.1436
11450,50,50,50,16.1348
11350,50,50,50,16.1243
11250,50,50,50,16.1121
11150,50,50,50,16.0986
11050,50,50,50,16.0838
10950,50,50,50,16.0681
10850,50,50,50,16.0515
10750,50,50,50,16.0341
10650,50,50,50,16.0162
10550,50,50,50,15.9979
10450,50,50,50,15.9791
10350,50,50,50,15.96
10250,50,50,50,15.9407
10150,50,50,50,15.9212
10050,50,50,50,15.9016
9950,50,50,50,15.8819
9850,50,50,50,15.8621
9750,50,50,50,15.8422
9650,50,50,50,15.8224
9550,50,50,50,15.8025
9450,50,50,50,15.7827
9350,50,50,50,15.7629
9250,50,50,50,15.7431
9150,50,50,50,15.7233
9050,50,50,50,15.7036
8950,50,50,50,15.684
8850,50,50,50,15.6644
8750,50,50,50,15.6448
8650,50,50,50,15.6253
8550,50,50,50,15.6059
8450,50,50,50,15.5866
8350,50,50,50,15.5673
8250,50,50,50,15.5481
8150,50,50,50,15.5289
8050,50,50,50,15.5098
7950,50,50,50,15.4908
7850,50,50,50,15.4718
7750,50,50,50,15.4529
7650,50,50,50,15.4341
7550,50,50,50,15.4153
7450,50,50,50,15.3966
7350,50,50,50,15.3779
7250,50,50,50,15.3593
7150,50,50,50,15.3408
7050,50,50,50,15.3223
6950,50,50,50,15.3039
6850,50,50,50,15.2855
6750,50,50,50,15.2672
6650,50,50,50,15.2489
6550,50,50,50,15.2307
6450,50,50,50,15.2126
6350,50,50,50,15.1945
6250,50,50,50,15.1765
6150,50,50,50,15.1585
6050,50,50,50,15.1406
5950,50,50,50,15.1227
5850,50,50,50,15.1048
5750,50,50,50,15.0871
5650,50,50,50,15.0693
5550,50,50,50,15.0516
5450,50,50,50,15.034
5350,50,50,50,15.0164
5250,50,50,50,14.9989
5150,50,50,50,14.9814
5050,50,50,50,14.9639
4950,50,50,50,14.9465
4850,50,50,50,14.9291
4750,50,50,50,14.9118
4650,50,50,50,14.8945
4550,50,50,50,14.8772
4450,50,50,50,14.86
4350,50,50,50,14.8428
4250,50,50,50,14.8257
4150,50,50,50,14.8085
4050,50,50,50,14.7915
3950,50,50,50,14.7744
3850,50,50,50,14.7574
3750,50,50,50,14.7404
3650,50,50,50,14.7234
3550,50,50,50,14.7064
3450,50,50,50,14.6895
3350,50,50,50,14.6726
3250,50,50,50,14.6556
3150,50,50,50,14.6387
3050,50,50,50,14.6218
2950,50,50,50,14.6048
2850,50,50,50,14.5879
2750,50,50,50,14.5708
2650,50,50,50,14.5538
2550,50,50,50,14.5366
2450,50,50,50,14.5194
2350,50,50,50,14.5021
2250,50,50,50,14.4846
2150,50,50,50,14.4669
2050,50,50,50,14.4491
1950,50,50,50,14.431
1850,50,50,50,14.4125
1750,50,50,50,14.3937
1650,50,50,50,14.3745
1550,50,50,50,14.3547
1450,50,50,50,14.3343
1350,50,50,50,14.3132
1250,50,50,50,14.2913
1150,50,50,50,14.2685
1050,50,50,50,14.2446
950,50,50,50,14.2195
850,50,50,50,14.1932
750,50,50,50,14.1655
650,50,50,50,14.1366
550,50,50,50,14.1067
450,50,50,50,14.0763
350,50,50,50,14.0469
250,50,50,50,14.0206
150,50,50,50,14.0005
50,50,50,50,13.9895
