12750,50,50,50,-87.5882
12650,50,50,50,-87.5882
12550,50,50,50,-87.5882
12450,50,50,50,-87.5882
12350,50,50,50,-87.5882
12250,50,50,50,-87.5882
12150,50,50,50,-87.5882
12050,50,50,50,-87.5882
11950,50,50,50,-87.5882
11850,50,50,50,-87.5882
11750,50,50,50,-87.5882
11650,50,50,50,-87.5882
11550,50,50,50,-87.5882
11450,50,50,50,-87.5882
11350,50,50,50,-87.5882
11250,50,50,50,-87.5882
11150,50,50,50,-87.5882
11050,50,50,50,-87.5882
10950,50,50,50,-87.5882
10850,50,50,50,-87.5882
10750,50,50,50,-87.5882
10650,50,50,50,-87.5882
10550,50,50,50,-87.5882
10450,50,50,50,-87.5882
10350,50,50,50,-87.5882
10250,50,50,50,-87.5882
10150,50,50,50,-87.5882
10050,50,50,50,-87.5882
9950,50,50,50,-87.5882
9850,50,50,50,-87.5882
9750,50,50,50,-87.5882
9650,50,50,50,-87.5882
9550,50,50,50,-87.5882
9450,50,50,50,-87.5882
9350,50,50,50,-87.5882
9250,50,50,50,-87.5882
9150,50,50,50,-87.5882
9050,50,50,50,-87.5882
8950,50,50,50,-87.5882
8850,50,50,50,-87.5882
8750,50,50,50,-87.5882
8650,50,50,50,-87.5882
8550,50,50,50,-87.5882
8450,50,50,50,-87.5882
8350,50,50,50,-87.5882
8250,50,50,50,-87.5882
8150,50,50,50,-87.5882
8050,50,50,50,-87.5882
7950,50,50,50,-87.5882
7850,50,50,50,-87.5882
7750,50,50,50,-87.5882
7650,50,50,50,-87.5882
7550,50,50,50,-87.5882
7450,50,50,50,-87.5882
7350,50,50,50,-87.5882
7250,50,50,50,-87.5882
7150,50,50,50,-87.5882
7050,50,50,50,-87.5882
6950,50,50,50,-87.5882
6850,50,50,50,-87.5882
6750,50,50,50,-87.5882
6650,50,50,50,-87.5882
6550,50,50,50,-87.5882
6450,50,50,50,-87.5882
6350,50,50,50,-87.5882
6250,50,50,50,-87.5882
6150,50,50,50,-87.5882
6050,50,50,50,-87.5882
5950,50,50,50,-87.5882
5850,50,50,50,-87.5882
5750,50,50,50,-87.5882
5650,50,50,50,-87.5882
5550,50,50,50,-87.5882
5450,50,50,50,-87.5882
5350,50,50,50,-87.5882
5250,50,50,50,-87.5882
5150,50,50,50,-87.5882
5050,50,50,50,-87.5882
4950,50,50,50,-87.5882
4850,50,50,50,-87.5882
4750,50,50,50,-87.5882
4650,50,50,50,-87.5882
4550,50,50,50,-87.5882
4450,50,50,50,-87.5881
4350,50,50,50,-87.5881
4250,50,50,50,-87.5881
4150,50,50,50,-87.588
4050,50,50,50,-87.5878
3950,50,50,50,-87.5876
3850,50,50,50,-87.5872
3750,50,50,50,-87.5866
3650,50,50,50,-87.5855
3550,50,50,50,-87.5836
3450,50,50,50,-87.5803
3350,50,50,50,-87.5747
3250,50,50,50,-87.5647
3150,50,50,50,-87.5472
3050,50,50,50,-87.5163
2950,50,50,50,-87.4612
2850,50,50,50,-87.3627
2750,50,50,50,-87.1856
2650,50,50,50,-86.8663
2550,50,50,50,-86.2893
2450,50,50,50,-85.2449
2350,50,50,50,-83.3542
2250,50,50,50,-79.9312
2150,50,50,50,-73.7369
2050,50,50,50,-62.5449
1950,50,50,50,-42.4296
1850,50,50,50,-8.35604
1750,50,50,50,13.0111
1650,50,50,50,19.8662
1550,50,50,50,22.4347
1450,50,50,50,23.8543
1350,50,50,50,24.9565
1250,50,50,50,25.9525
1150,50,50,50,26.8995
1050,50,50,50,27.8149
950,50,50,50,28.7022
850,50,50,50,29.5559
750,50,50,50,30.3635
650,50,50,50,31.1058
550,50,50,50,31.7595
450,50,50,50,32.3004
350,50,50,50,32.7124
250,50,50,50,32.9943
150,50,50,50,33.162
50,50,50,50,33.238
