12750,50,50,50,14.9775
12650,50,50,50,14.9811
12550,50,50,50,14.9872
12450,50,50,50,14.9945
12350,50,50,50,15.0016
12250,50,50,50,15.0078
12150,50,50,50,15.0125
12050,50,50,50,15.0153
11950,50,50,50,15.0161
11850,50,50,50,15.015
11750,50,50,50,15.0118
11650,50,50,50,15.0068
11550,50,50,50,15.0002
11450,50,50,50,14.992
11350,50,50,50,14.9824
11250,50,50,50,14.9717
11150,50,50,50,14.9599
11050,50,50,50,14.9473
10950,50,50,50,14.9339
10850,50,50,50,14.9198
10750,50,50,50,14.9053
10650,50,50,50,14.8902
10550,50,50,50,14.8749
10450,50,50,50,14.8592
10350,50,50,50,14.8432
10250,50,50,50,14.8271
10150,50,50,50,14.8108
10050,50,50,50,14.7944
9950,50,50,50,14.7779
9850,50,50,50,14.7614
9750,50,50,50,14.7448
9650,50,50,50,14.7281
9550,50,50,50,14.7114
9450,50,50,50,14.6947
9350,50,50,50,14.678
9250,50,50,50,14.6613
9150,50,50,50,14.6447
9050,50,50,50,14.628
8950,50,50,50,14.6113
8850,50,50,50,14.5947
8750,50,50,50,14.5781
8650,50,50,50,14.5615
8550,50,50,50,14.545
8450,50,50,50,14.5284
8350,50,50,50,14.5119
8250,50,50,50,14.4955
8150,50,50,50,14.479
8050,50,50,50,14.4626
7950,50,50,50,14.4462
7850,50,50,50,14.4299
7750,50,50,50,14.4136
7650,50,50,50,14.3973
7550,50,50,50,14.381
7450,50,50,50,14.3648
7350,50,50,50,14.3486
7250,50,50,50,14.3325
7150,50,50,50,14.3163
7050,50,50,50,14.3002
6950,50,50,50,14.2841
6850,50,50,50,14.2681
6750,50,50,50,14.2521
6650,50,50,50,14.2361
6550,50,50,50,14.2201
6450,50,50,50,14.2042
6350,50,50,50,14.1883
6250,50,50,50,14.1724
6150,50,50,50,14.1566
6050,50,50,50,14.1408
5950,50,50,50,14.125
5850,50,50,50,14.1092
5750,50,50,50,14.0935
5650,50,50,50,14.0777
5550,50,50,50,14.0621
5450,50,50,50,14.0464
5350,50,50,50,14.0308
5250,50,50,50,14.0151
5150,50,50,50,13.9995
5050,50,50,50,13.984
4950,50,50,50,13.9684
4850,50,50,50,13.9529
4750,50,50,50,13.9374
4650,50,50,50,13.9219
4550,50,50,50,13.9064
4450,50,50,50,13.891
4350,50,50,50,13.8755
4250,50,50,50,13.8601
4150,50,50,50,13.8447
4050,50,50,50,13.8293
3950,50,50,50,13.814
3850,50,50,50,13.7986
3750,50,50,50,13.7833
3650,50,50,50,13.7679
3550,50,50,50,13.7526
3450,50,50,50,13.7372
3350,50,50,50,13.7219
3250,50,50,50,13.7066
3150,50,50,50,13.6912
3050,50,50,50,13.6759
2950,50,50,50,13.6605
2850,50,50,50,13.645
2750,50,50,50,13.6296
2650,50,50,50,13.6141
2550,50,50,50,13.5985
2450,50,50,50,13.5828
2350,50,50,50,13.5671
2250,50,50,50,13.5512
2150,50,50,50,13.5352
2050,50,50,50,13.519
1950,50,50,50,13.5027
1850,50,50,50,13.486
1750,50,50,50,13.4691
1650,50,50,50,13.4519
1550,50,50,50,13.4342
1450,50,50,50,13.4161
1350,50,50,50,13.3975
1250,50,50,50,13.3782
1150,50,50,50,13.3583
1050,50,50,50,13.3376
950,50,50,50,13.3161
850,50,50,50,13.2937
750,50,50,50,13.2705
650,50,50,50,13.2464
550,50,50,50,13.2217
450,50,50,50,13.1969
350,50,50,50,13.1731
250,50,50,50,13.152
150,50,50,50,13.1359
50,50,50,50,13.1272
