12750,50,50,50,-88.5458
12650,50,50,50,-88.5458
12550,50,50,50,-88.5458
12450,50,50,50,-88.5458
12350,50,50,50,-88.5458
12250,50,50,50,-88.5458
12150,50,50,50,-88.5458
12050,50,50,50,-88.5458
11950,50,50,50,-88.5458
11850,50,50,50,-88.5458
11750,50,50,50,-88.5458
11650,50,50,50,-88.5458
11550,50,50,50,-88.5458
11450,50,50,50,-88.5458
11350,50,50,50,-88.5458
11250,50,50,50,-88.5458
11150,50,50,50,-88.5458
11050,50,50,50,-88.5457
10950,50,50,50,-88.5457
10850,50,50,50,-88.5455
10750,50,50,50,-88.5452
10650,50,50,50,-88.5447
10550,50,50,50,-88.5438
10450,50,50,50,-88.542
10350,50,50,50,-88.5388
10250,50,50,50,-88.5329
10150,50,50,50,-88.5219
10050,50,50,50,-88.5017
9950,50,50,50,-88.4643
9850,50,50,50,-88.3955
9750,50,50,50,-88.2684
9650,50,50,50,-88.0342
9550,50,50,50,-87.6028
9450,50,50,50,-86.8097
9350,50,50,50,-85.3553
9250,50,50,50,-82.6955
9150,50,50,50,-77.8439
9050,50,50,50,-69.0192
8950,50,50,50,-53.0675
8850,50,50,50,-24.8757
8750,50,50,50,9.05918
8650,50,50,50,19.5841
8550,50,50,50,22.9961
8450,50,50,50,24.5426
8350,50,50,50,25.5421
8250,50,50,50,26.3372
8150,50,50,50,27.0218
8050,50,50,50,27.6236
7950,50,50,50,28.1535
7850,50,50,50,28.6175
7750,50,50,50,29.0206
7650,50,50,50,29.367
7550,50,50,50,29.6607
7450,50,50,50,29.9054
7350,50,50,50,30.1045
7250,50,50,50,30.2612
7150,50,50,50,30.3784
7050,50,50,50,30.4591
6950,50,50,50,30.5059
6850,50,50,50,30.5214
6750,50,50,50,30.5079
6650,50,50,50,30.4678
6550,50,50,50,30.4033
6450,50,50,50,30.3164
6350,50,50,50,30.2091
6250,50,50,50,30.0834
6150,50,50,50,29.941
6050,50,50,50,29.7836
5950,50,50,50,29.6128
5850,50,50,50,29.4301
5750,50,50,50,29.237
5650,50,50,50,29.0349
5550,50,50,50,28.8249
5450,50,50,50,28.6083
5350,50,50,50,28.3861
5250,50,50,50,28.1595
5150,50,50,50,27.9293
5050,50,50,50,27.6965
4950,50,50,50,27.4618
4850,50,50,50,27.226
4750,50,50,50,26.9898
4650,50,50,50,26.7538
4550,50,50,50,26.5186
4450,50,50,50,26.2846
4350,50,50,50,26.0523
4250,50,50,50,25.8222
4150,50,50,50,25.5945
4050,50,50,50,25.3696
3950,50,50,50,25.1477
3850,50,50,50,24.9292
3750,50,50,50,24.7141
3650,50,50,50,24.5027
3550,50,50,50,24.295
3450,50,50,50,24.0913
3350,50,50,50,23.8915
3250,50,50,50,23.6957
3150,50,50,50,23.504
3050,50,50,50,23.3164
2950,50,50,50,23.1329
2850,50,50,50,22.9534
2750,50,50,50,22.7779
2650,50,50,50,22.6063
2550,50,50,50,22.4386
2450,50,50,50,22.2747
2350,50,50,50,22.1144
2250,50,50,50,21.9577
2150,50,50,50,21.8044
2050,50,50,50,21.6542
1950,50,50,50,21.5071
1850,50,50,50,21.3629
1750,50,50,50,21.2212
1650,50,50,50,21.0818
1550,50,50,50,20.9445
1450,50,50,50,20.809
1350,50,50,50,20.6748
1250,50,50,50,20.5418
1150,50,50,50,20.4094
1050,50,50,50,20.2774
950,50,50,50,20.1455
850,50,50,50,20.0135
750,50,50,50,19.8812
650,50,50,50,19.749
550,50,50,50,19.6177
450,50,50,50,19.4894
350,50,50,50,19.3687
250,50,50,50,19.2637
150,50,50,50,19.1848
50,50,50,50,19.1423
