12750,50,50,50,13.9336
12650,50,50,50,13.9358
12550,50,50,50,13.9396
12450,50,50,50,13.9439
12350,50,50,50,13.9479
12250,50,50,50,13.951
12150,50,50,50,13.9528
12050,50,50,50,13.9532
11950,50,50,50,13.9519
11850,50,50,50,13.9491
11750,50,50,50,13.9448
11650,50,50,50,13.9391
11550,50,50,50,13.9321
11450,50,50,50,13.9238
11350,50,50,50,13.9146
11250,50,50,50,13.9044
11150,50,50,50,13.8934
11050,50,50,50,13.8817
10950,50,50,50,13.8695
10850,50,50,50,13.8567
10750,50,50,50,13.8435
10650,50,50,50,13.83
10550,50,50,50,13.8161
10450,50,50,50,13.802
10350,50,50,50,13.7877
10250,50,50,50,13.7733
10150,50,50,50,13.7587
10050,50,50,50,13.744
9950,50,50,50,13.7292
9850,50,50,50,13.7144
9750,50,50,50,13.6995
9650,50,50,50,13.6845
9550,50,50,50,13.6696
9450,50,50,50,13.6546
9350,50,50,50,13.6396
9250,50,50,50,13.6245
9150,50,50,50,13.6095
9050,50,50,50,13.5945
8950,50,50,50,13.5795
8850,50,50,50,13.5645
8750,50,50,50,13.5495
8650,50,50,50,13.5345
8550,50,50,50,13.5195
8450,50,50,50,13.5045
8350,50,50,50,13.4896
8250,50,50,50,13.4747
8150,50,50,50,13.4597
8050,50,50,50,13.4448
7950,50,50,50,13.4299
7850,50,50,50,13.415
7750,50,50,50,13.4002
7650,50,50,50,13.3853
7550,50,50,50,13.3705
7450,50,50,50,13.3557
7350,50,50,50,13.3409
7250,50,50,50,13.3261
7150,50,50,50,13.3113
7050,50,50,50,13.2965
6950,50,50,50,13.2818
6850,50,50,50,13.2671
6750,50,50,50,13.2524
6650,50,50,50,13.2377
6550,50,50,50,13.223
6450,50,50,50,13.2083
6350,50,50,50,13.1937
6250,50,50,50,13.179
6150,50,50,50,13.1644
6050,50,50,50,13.1498
5950,50,50,50,13.1352
5850,50,50,50,13.1206
5750,50,50,50,13.106
5650,50,50,50,13.0914
5550,50,50,50,13.0769
5450,50,50,50,13.0624
5350,50,50,50,13.0478
5250,50,50,50,13.0333
5150,50,50,50,13.0188
5050,50,50,50,13.0043
4950,50,50,50,12.9898
4850,50,50,50,12.9753
4750,50,50,50,12.9609
4650,50,50,50,12.9464
4550,50,50,50,12.932
4450,50,50,50,12.9175
4350,50,50,50,12.9031
4250,50,50,50,12.8887
4150,50,50,50,12.8743
4050,50,50,50,12.8598
3950,50,50,50,12.8454
3850,50,50,50,12.831
3750,50,50,50,12.8166
3650,50,50,50,12.8022
3550,50,50,50,12.7878
3450,50,50,50,12.7734
3350,50,50,50,12.7589
3250,50,50,50,12.7445
3150,50,50,50,12.73
3050,50,50,50,12.7156
2950,50,50,50,12.7011
2850,50,50,50,12.6865
2750,50,50,50,12.6719
2650,50,50,50,12.6573
2550,50,50,50,12.6426
2450,50,50,50,12.6279
2350,50,50,50,12.6131
2250,50,50,50,12.5981
2150,50,50,50,12.5831
2050,50,50,50,12.5679
1950,50,50,50,12.5526
1850,50,50,50,12.537
1750,50,50,50,12.5213
1650,50,50,50,12.5053
1550,50,50,50,12.489
1450,50,50,50,12.4723
1350,50,50,50,12.4553
1250,50,50,50,12.4379
1150,50,50,50,12.4199
1050,50,50,50,12.4015
950,50,50,50,12.3825
850,50,50,50,12.363
750,50,50,50,12.3429
650,50,50,50,12.3224
550,50,50,50,12.3016
450,50,50,50,12.281
350,50,50,50,12.2614
250,50,50,50,12.2442
150,50,50,50,12.2312
50,50,50,50,12.2242
