12750,50,50,50,13.1489
12650,50,50,50,13.1504
12550,50,50,50,13.1528
12450,50,50,50,13.1554
12350,50,50,50,13.1577
12250,50,50,50,13.159
12150,50,50,50,13.1592
12050,50,50,50,13.1581
11950,50,50,50,13.1557
11850,50,50,50,13.152
11750,50,50,50,13.1469
11650,50,50,50,13.1407
11550,50,50,50,13.1334
11450,50,50,50,13.125
11350,50,50,50,13.1158
11250,50,50,50,13.1058
11150,50,50,50,13.0951
11050,50,50,50,13.0838
10950,50,50,50,13.072
10850,50,50,50,13.0598
10750,50,50,50,13.0472
10650,50,50,50,13.0343
10550,50,50,50,13.0212
10450,50,50,50,13.0078
10350,50,50,50,12.9942
10250,50,50,50,12.9805
10150,50,50,50,12.9667
10050,50,50,50,12.9527
9950,50,50,50,12.9387
9850,50,50,50,12.9246
9750,50,50,50,12.9105
9650,50,50,50,12.8963
9550,50,50,50,12.8821
9450,50,50,50,12.8678
9350,50,50,50,12.8536
9250,50,50,50,12.8393
9150,50,50,50,12.825
9050,50,50,50,12.8107
8950,50,50,50,12.7964
8850,50,50,50,12.7821
8750,50,50,50,12.7678
8650,50,50,50,12.7535
8550,50,50,50,12.7392
8450,50,50,50,12.7249
8350,50,50,50,12.7106
8250,50,50,50,12.6964
8150,50,50,50,12.6821
8050,50,50,50,12.6678
7950,50,50,50,12.6536
7850,50,50,50,12.6393
7750,50,50,50,12.6251
7650,50,50,50,12.6108
7550,50,50,50,12.5966
7450,50,50,50,12.5824
7350,50,50,50,12.5682
7250,50,50,50,12.554
7150,50,50,50,12.5398
7050,50,50,50,12.5256
6950,50,50,50,12.5114
6850,50,50,50,12.4972
6750,50,50,50,12.483
6650,50,50,50,12.4689
6550,50,50,50,12.4547
6450,50,50,50,12.4406
6350,50,50,50,12.4264
6250,50,50,50,12.4123
6150,50,50,50,12.3981
6050,50,50,50,12.384
5950,50,50,50,12.3699
5850,50,50,50,12.3558
5750,50,50,50,12.3417
5650,50,50,50,12.3276
5550,50,50,50,12.3135
5450,50,50,50,12.2994
5350,50,50,50,12.2853
5250,50,50,50,12.2713
5150,50,50,50,12.2572
5050,50,50,50,12.2431
4950,50,50,50,12.229
4850,50,50,50,12.215
4750,50,50,50,12.2009
4650,50,50,50,12.1869
4550,50,50,50,12.1728
4450,50,50,50,12.1587
4350,50,50,50,12.1447
4250,50,50,50,12.1306
4150,50,50,50,12.1166
4050,50,50,50,12.1025
3950,50,50,50,12.0885
3850,50,50,50,12.0744
3750,50,50,50,12.0604
3650,50,50,50,12.0463
3550,50,50,50,12.0322
3450,50,50,50,12.0181
3350,50,50,50,12.004
3250,50,50,50,11.9899
3150,50,50,50,11.9758
3050,50,50,50,11.9616
2950,50,50,50,11.9475
2850,50,50,50,11.9332
2750,50,50,50,11.919
2650,50,50,50,11.9047
2550,50,50,50,11.8903
2450,50,50,50,11.8759
2350,50,50,50,11.8614
2250,50,50,50,11.8469
2150,50,50,50,11.8322
2050,50,50,50,11.8174
1950,50,50,50,11.8025
1850,50,50,50,11.7874
1750,50,50,50,11.7722
1650,50,50,50,11.7567
1550,50,50,50,11.7411
1450,50,50,50,11.7251
1350,50,50,50,11.7089
1250,50,50,50,11.6923
1150,50,50,50,11.6755
1050,50,50,50,11.6582
950,50,50,50,11.6406
850,50,50,50,11.6226
750,50,50,50,11.6044
650,50,50,50,11.5859
550,50,50,50,11.5674
450,50,50,50,11.5492
350,50,50,50,11.5321
250,50,50,50,11.5173
150,50,50,50,11.5061
50,50,50,50,11.5001
