12750,50,50,50,17.3953
12650,50,50,50,17.4022
12550,50,50,50,17.4141
12450,50,50,50,17.428
12350,50,50,50,17.4418
12250,50,50,50,17.4538
12150,50,50,50,17.4627
12050,50,50,50,17.4681
11950,50,50,50,17.4696
11850,50,50,50,17.4673
11750,50,50,50,17.4612
11650,50,50,50,17.4515
11550,50,50,50,17.4386
11450,50,50,50,17.4229
11350,50,50,50,17.4046
11250,50,50,50,17.3841
11150,50,50,50,17.3618
11050,50,50,50,17.338
10950,50,50,50,17.3128
10850,50,50,50,17.2867
10750,50,50,50,17.2597
10650,50,50,50,17.2321
10550,50,50,50,17.204
10450,50,50,50,17.1756
10350,50,50,50,17.147
10250,50,50,50,17.1183
10150,50,50,50,17.0895
10050,50,50,50,17.0608
9950,50,50,50,17.0321
9850,50,50,50,17.0036
9750,50,50,50,16.9751
9650,50,50,50,16.9469
9550,50,50,50,16.9189
9450,50,50,50,16.8911
9350,50,50,50,16.8635
9250,50,50,50,16.8361
9150,50,50,50,16.809
9050,50,50,50,16.7822
8950,50,50,50,16.7555
8850,50,50,50,16.7291
8750,50,50,50,16.703
8650,50,50,50,16.6771
8550,50,50,50,16.6514
8450,50,50,50,16.6259
8350,50,50,50,16.6007
8250,50,50,50,16.5757
8150,50,50,50,16.5509
8050,50,50,50,16.5263
7950,50,50,50,16.5019
7850,50,50,50,16.4777
7750,50,50,50,16.4537
7650,50,50,50,16.4299
7550,50,50,50,16.4063
7450,50,50,50,16.3828
7350,50,50,50,16.3595
7250,50,50,50,16.3364
7150,50,50,50,16.3134
7050,50,50,50,16.2906
6950,50,50,50,16.268
6850,50,50,50,16.2455
6750,50,50,50,16.2231
6650,50,50,50,16.2009
6550,50,50,50,16.1789
6450,50,50,50,16.1569
6350,50,50,50,16.1351
6250,50,50,50,16.1134
6150,50,50,50,16.0919
6050,50,50,50,16.0704
5950,50,50,50,16.0491
5850,50,50,50,16.0279
5750,50,50,50,16.0068
5650,50,50,50,15.9858
5550,50,50,50,15.9649
5450,50,50,50,15.9441
5350,50,50,50,15.9235
5250,50,50,50,15.9029
5150,50,50,50,15.8824
5050,50,50,50,15.862
4950,50,50,50,15.8417
4850,50,50,50,15.8215
4750,50,50,50,15.8013
4650,50,50,50,15.7813
4550,50,50,50,15.7613
4450,50,50,50,15.7414
4350,50,50,50,15.7216
4250,50,50,50,15.7018
4150,50,50,50,15.6822
4050,50,50,50,15.6625
3950,50,50,50,15.643
3850,50,50,50,15.6235
3750,50,50,50,15.6041
3650,50,50,50,15.5847
3550,50,50,50,15.5654
3450,50,50,50,15.5461
3350,50,50,50,15.5268
3250,50,50,50,15.5076
3150,50,50,50,15.4884
3050,50,50,50,15.4692
2950,50,50,50,15.45
2850,50,50,50,15.4308
2750,50,50,50,15.4116
2650,50,50,50,15.3923
2550,50,50,50,15.3729
2450,50,50,50,15.3535
2350,50,50,50,15.3339
2250,50,50,50,15.3141
2150,50,50,50,15.2942
2050,50,50,50,15.274
1950,50,50,50,15.2535
1850,50,50,50,15.2326
1750,50,50,50,15.2112
1650,50,50,50,15.1893
1550,50,50,50,15.1668
1450,50,50,50,15.1434
1350,50,50,50,15.1192
1250,50,50,50,15.0939
1150,50,50,50,15.0674
1050,50,50,50,15.0395
950,50,50,50,15.01
850,50,50,50,14.9789
750,50,50,50,14.9461
650,50,50,50,14.9115
550,50,50,50,14.8754
450,50,50,50,14.8386
350,50,50,50,14.8027
250,50,50,50,14.7705
150,50,50,50,14.7458
50,50,50,50,14.7324
