12750,50,50,50,13.4057
12650,50,50,50,13.4074
12550,50,50,50,13.4102
12450,50,50,50,13.4134
12350,50,50,50,13.4161
12250,50,50,50,13.418
12150,50,50,50,13.4187
12050,50,50,50,13.418
11950,50,50,50,13.416
11850,50,50,50,13.4125
11750,50,50,50,13.4077
11650,50,50,50,13.4016
11550,50,50,50,13.3944
11450,50,50,50,13.3861
11350,50,50,50,13.3769
11250,50,50,50,13.3668
11150,50,50,50,13.3561
11050,50,50,50,13.3447
10950,50,50,50,13.3328
10850,50,50,50,13.3204
10750,50,50,50,13.3077
10650,50,50,50,13.2946
10550,50,50,50,13.2812
10450,50,50,50,13.2677
10350,50,50,50,13.2539
10250,50,50,50,13.24
10150,50,50,50,13.2259
10050,50,50,50,13.2118
9950,50,50,50,13.1976
9850,50,50,50,13.1833
9750,50,50,50,13.1689
9650,50,50,50,13.1545
9550,50,50,50,13.1401
9450,50,50,50,13.1257
9350,50,50,50,13.1112
9250,50,50,50,13.0967
9150,50,50,50,13.0823
9050,50,50,50,13.0678
8950,50,50,50,13.0533
8850,50,50,50,13.0388
8750,50,50,50,13.0243
8650,50,50,50,13.0098
8550,50,50,50,12.9953
8450,50,50,50,12.9809
8350,50,50,50,12.9664
8250,50,50,50,12.9519
8150,50,50,50,12.9375
8050,50,50,50,12.9231
7950,50,50,50,12.9086
7850,50,50,50,12.8942
7750,50,50,50,12.8798
7650,50,50,50,12.8654
7550,50,50,50,12.851
7450,50,50,50,12.8366
7350,50,50,50,12.8223
7250,50,50,50,12.8079
7150,50,50,50,12.7936
7050,50,50,50,12.7792
6950,50,50,50,12.7649
6850,50,50,50,12.7506
6750,50,50,50,12.7363
6650,50,50,50,12.722
6550,50,50,50,12.7077
6450,50,50,50,12.6934
6350,50,50,50,12.6791
6250,50,50,50,12.6649
6150,50,50,50,12.6506
6050,50,50,50,12.6364
5950,50,50,50,12.6221
5850,50,50,50,12.6079
5750,50,50,50,12.5937
5650,50,50,50,12.5794
5550,50,50,50,12.5652
5450,50,50,50,12.551
5350,50,50,50,12.5368
5250,50,50,50,12.5226
5150,50,50,50,12.5085
5050,50,50,50,12.4943
4950,50,50,50,12.4801
4850,50,50,50,12.466
4750,50,50,50,12.4518
4650,50,50,50,12.4376
4550,50,50,50,12.4235
4450,50,50,50,12.4093
4350,50,50,50,12.3952
4250,50,50,50,12.381
4150,50,50,50,12.3669
4050,50,50,50,12.3528
3950,50,50,50,12.3386
3850,50,50,50,12.3245
3750,50,50,50,12.3103
3650,50,50,50,12.2962
3550,50,50,50,12.282
3450,50,50,50,12.2679
3350,50,50,50,12.2537
3250,50,50,50,12.2395
3150,50,50,50,12.2253
3050,50,50,50,12.2111
2950,50,50,50,12.1968
2850,50,50,50,12.1825
2750,50,50,50,12.1682
2650,50,50,50,12.1538
2550,50,50,50,12.1394
2450,50,50,50,12.1249
2350,50,50,50,12.1103
2250,50,50,50,12.0956
2150,50,50,50,12.0809
2050,50,50,50,12.066
1950,50,50,50,12.051
1850,50,50,50,12.0358
1750,50,50,50,12.0204
1650,50,50,50,12.0048
1550,50,50,50,11.9889
1450,50,50,50,11.9728
1350,50,50,50,11.9564
1250,50,50,50,11.9396
1150,50,50,50,11.9224
1050,50,50,50,11.9048
950,50,50,50,11.8868
850,50,50,50,11.8683
750,50,50,50,11.8495
650,50,50,50,11.8304
550,50,50,50,11.8112
450,50,50,50,11.7923
350,50,50,50,11.7745
250,50,50,50,11.7589
150,50,50,50,11.7472
50,50,50,50,11.7409
