12750,50,50,50,-86.6431
12650,50,50,50,-86.6431
12550,50,50,50,-86.6431
12450,50,50,50,-86.6431
12350,50,50,50,-86.6431
12250,50,50,50,-86.6431
12150,50,50,50,-86.6431
12050,50,50,50,-86.6431
11950,50,50,50,-86.6431
11850,50,50,50,-86.6431
11750,50,50,50,-86.6431
11650,50,50,50,-86.6431
11550,50,50,50,-86.6431
11450,50,50,50,-86.6431
11350,50,50,50,-86.6431
11250,50,50,50,-86.6431
11150,50,50,50,-86.6431
11050,50,50,50,-86.6431
10950,50,50,50,-86.6431
10850,50,50,50,-86.6431
10750,50,50,50,-86.6431
10650,50,50,50,-86.6431
10550,50,50,50,-86.6431
10450,50,50,50,-86.6431
10350,50,50,50,-86.6431
10250,50,50,50,-86.6431
10150,50,50,50,-86.6431
10050,50,50,50,-86.6431
9950,50,50,50,-86.6431
9850,50,50,50,-86.6431
9750,50,50,50,-86.6431
9650,50,50,50,-86.6431
9550,50,50,50,-86.6431
9450,50,50,50,-86.6431
9350,50,50,50,-86.6431
9250,50,50,50,-86.6431
9150,50,50,50,-86.6431
9050,50,50,50,-86.6431
8950,50,50,50,-86.6431
8850,50,50,50,-86.6431
8750,50,50,50,-86.6431
8650,50,50,50,-86.6431
8550,50,50,50,-86.6431
8450,50,50,50,-86.6431
8350,50,50,50,-86.6431
8250,50,50,50,-86.6431
8150,50,50,50,-86.6431
8050,50,50,50,-86.6431
7950,50,50,50,-86.6431
7850,50,50,50,-86.6431
7750,50,50,50,-86.6431
7650,50,50,50,-86.6431
7550,50,50,50,-86.6431
7450,50,50,50,-86.6431
7350,50,50,50,-86.6431
7250,50,50,50,-86.6431
7150,50,50,50,-86.6431
7050,50,50,50,-86.6431
6950,50,50,50,-86.6431
6850,50,50,50,-86.6431
6750,50,50,50,-86.6431
6650,50,50,50,-86.6431
6550,50,50,50,-86.6431
6450,50,50,50,-86.6431
6350,50,50,50,-86.6431
6250,50,50,50,-86.6431
6150,50,50,50,-86.6431
6050,50,50,50,-86.6431
5950,50,50,50,-86.6431
5850,50,50,50,-86.6431
5750,50,50,50,-86.6431
5650,50,50,50,-86.6431
5550,50,50,50,-86.6431
5450,50,50,50,-86.6431
5350,50,50,50,-86.6431
5250,50,50,50,-86.6431
5150,50,50,50,-86.6431
5050,50,50,50,-86.6431
4950,50,50,50,-86.6431
4850,50,50,50,-86.6431
4750,50,50,50,-86.6431
4650,50,50,50,-86.6431
4550,50,50,50,-86.6431
4450,50,50,50,-86.6431
4350,50,50,50,-86.6431
4250,50,50,50,-86.6431
4150,50,50,50,-86.6431
4050,50,50,50,-86.6431
3950,50,50,50,-86.6431
3850,50,50,50,-86.6431
3750,50,50,50,-86.6431
3650,50,50,50,-86.6431
3550,50,50,50,-86.6431
3450,50,50,50,-86.6431
3350,50,50,50,-86.6431
3250,50,50,50,-86.6431
3150,50,50,50,-86.6431
3050,50,50,50,-86.6431
2950,50,50,50,-86.6431
2850,50,50,50,-86.6431
2750,50,50,50,-86.6431
2650,50,50,50,-86.6431
2550,50,50,50,-86.643
2450,50,50,50,-86.643
2350,50,50,50,-86.6429
2250,50,50,50,-86.6428
2150,50,50,50,-86.6424
2050,50,50,50,-86.6415
1950,50,50,50,-86.6395
1850,50,50,50,-86.6354
1750,50,50,50,-86.6268
1650,50,50,50,-86.6094
1550,50,50,50,-86.5754
1450,50,50,50,-86.5108
1350,50,50,50,-86.3919
1250,50,50,50,-86.1798
1150,50,50,50,-85.8138
1050,50,50,50,-85.2023
950,50,50,50,-84.2142
850,50,50,50,-82.6689
750,50,50,50,-80.329
650,50,50,50,-76.8946
550,50,50,50,-72.0038
450,50,50,50,-65.2413
350,50,50,50,-60.1706
250,50,50,50,-56.4667
150,50,50,50,-53.9868
50,50,50,50,-52.7297
