12750,50,50,50,-88.5649
12650,50,50,50,-88.5649
12550,50,50,50,-88.5649
12450,50,50,50,-88.5649
12350,50,50,50,-88.5648
12250,50,50,50,-88.5648
12150,50,50,50,-88.5647
12050,50,50,50,-88.5646
11950,50,50,50,-88.5644
11850,50,50,50,-88.564
11750,50,50,50,-88.5632
11650,50,50,50,-88.5618
11550,50,50,50,-88.5592
11450,50,50,50,-88.5544
11350,50,50,50,-88.5455
11250,50,50,50,-88.529
11150,50,50,50,-88.4986
11050,50,50,50,-88.4425
10950,50,50,50,-88.3389
10850,50,50,50,-88.1475
10750,50,50,50,-87.7946
10650,50,50,50,-87.1446
10550,50,50,50,-85.9503
10450,50,50,50,-83.7621
10350,50,50,50,-79.7635
10250,50,50,50,-72.4705
10150,50,50,50,-59.2081
10050,50,50,50,-35.3548
9950,50,50,50,1.94996
9850,50,50,50,17.3387
9750,50,50,50,22.2997
9650,50,50,50,24.2703
9550,50,50,50,25.3831
9450,50,50,50,26.2193
9350,50,50,50,26.9287
9250,50,50,50,27.5507
9150,50,50,50,28.0983
9050,50,50,50,28.5784
8950,50,50,50,28.9962
8850,50,50,50,29.3563
8750,50,50,50,29.6626
8650,50,50,50,29.9189
8550,50,50,50,30.1287
8450,50,50,50,30.2952
8350,50,50,50,30.4215
8250,50,50,50,30.5105
8150,50,50,50,30.5648
8050,50,50,50,30.5871
7950,50,50,50,30.5798
7850,50,50,50,30.5452
7750,50,50,50,30.4856
7650,50,50,50,30.403
7550,50,50,50,30.2995
7450,50,50,50,30.1771
7350,50,50,50,30.0374
7250,50,50,50,29.8823
7150,50,50,50,29.7134
7050,50,50,50,29.5322
6950,50,50,50,29.3402
6850,50,50,50,29.1388
6750,50,50,50,28.9292
6650,50,50,50,28.7127
6550,50,50,50,28.4903
6450,50,50,50,28.2633
6350,50,50,50,28.0324
6250,50,50,50,27.7987
6150,50,50,50,27.5629
6050,50,50,50,27.3259
5950,50,50,50,27.0883
5850,50,50,50,26.8508
5750,50,50,50,26.6139
5650,50,50,50,26.3782
5550,50,50,50,26.1441
5450,50,50,50,25.9121
5350,50,50,50,25.6825
5250,50,50,50,25.4556
5150,50,50,50,25.2318
5050,50,50,50,25.0113
4950,50,50,50,24.7942
4850,50,50,50,24.5809
4750,50,50,50,24.3713
4650,50,50,50,24.1658
4550,50,50,50,23.9642
4450,50,50,50,23.7668
4350,50,50,50,23.5735
4250,50,50,50,23.3845
4150,50,50,50,23.1997
4050,50,50,50,23.0191
3950,50,50,50,22.8428
3850,50,50,50,22.6707
3750,50,50,50,22.5027
3650,50,50,50,22.3388
3550,50,50,50,22.1791
3450,50,50,50,22.0233
3350,50,50,50,21.8715
3250,50,50,50,21.7236
3150,50,50,50,21.5794
3050,50,50,50,21.439
2950,50,50,50,21.3021
2850,50,50,50,21.1688
2750,50,50,50,21.0388
2650,50,50,50,20.9121
2550,50,50,50,20.7886
2450,50,50,50,20.668
2350,50,50,50,20.5503
2250,50,50,50,20.4354
2150,50,50,50,20.3229
2050,50,50,50,20.2129
1950,50,50,50,20.1049
1850,50,50,50,19.9989
1750,50,50,50,19.8947
1650,50,50,50,19.7918
1550,50,50,50,19.6901
1450,50,50,50,19.5892
1350,50,50,50,19.4888
1250,50,50,50,19.3885
1150,50,50,50,19.288
1050,50,50,50,19.187
950,50,50,50,19.085
850,50,50,50,18.9817
750,50,50,50,18.8772
650,50,50,50,18.7715
550,50,50,50,18.6653
450,50,50,50,18.5603
350,50,50,50,18.4606
250,50,50,50,18.3732
150,50,50,50,18.3073
50,50,50,50,18.2717
