12750,50,50,50,15.0795
12650,50,50,50,15.0832
12550,50,50,50,15.0896
12450,50,50,50,15.0972
12350,50,50,50,15.1047
12250,50,50,50,15.1112
12150,50,50,50,15.1162
12050,50,50,50,15.1193
11950,50,50,50,15.1204
11850,50,50,50,15.1194
11750,50,50,50,15.1164
11650,50,50,50,15.1115
11550,50,50,50,15.1049
11450,50,50,50,15.0967
11350,50,50,50,15.0871
11250,50,50,50,15.0762
11150,50,50,50,15.0644
11050,50,50,50,15.0516
10950,50,50,50,15.038
10850,50,50,50,15.0238
10750,50,50,50,15.0091
10650,50,50,50,14.9939
10550,50,50,50,14.9783
10450,50,50,50,14.9624
10350,50,50,50,14.9463
10250,50,50,50,14.9299
10150,50,50,50,14.9134
10050,50,50,50,14.8968
9950,50,50,50,14.8801
9850,50,50,50,14.8633
9750,50,50,50,14.8465
9650,50,50,50,14.8296
9550,50,50,50,14.8127
9450,50,50,50,14.7958
9350,50,50,50,14.7788
9250,50,50,50,14.7619
9150,50,50,50,14.745
9050,50,50,50,14.7282
8950,50,50,50,14.7113
8850,50,50,50,14.6945
8750,50,50,50,14.6776
8650,50,50,50,14.6609
8550,50,50,50,14.6441
8450,50,50,50,14.6274
8350,50,50,50,14.6107
8250,50,50,50,14.594
8150,50,50,50,14.5774
8050,50,50,50,14.5608
7950,50,50,50,14.5442
7850,50,50,50,14.5277
7750,50,50,50,14.5112
7650,50,50,50,14.4947
7550,50,50,50,14.4783
7450,50,50,50,14.4619
7350,50,50,50,14.4455
7250,50,50,50,14.4291
7150,50,50,50,14.4128
7050,50,50,50,14.3965
6950,50,50,50,14.3803
6850,50,50,50,14.3641
6750,50,50,50,14.3479
6650,50,50,50,14.3318
6550,50,50,50,14.3156
6450,50,50,50,14.2995
6350,50,50,50,14.2835
6250,50,50,50,14.2674
6150,50,50,50,14.2514
6050,50,50,50,14.2355
5950,50,50,50,14.2195
5850,50,50,50,14.2036
5750,50,50,50,14.1877
5650,50,50,50,14.1718
5550,50,50,50,14.156
5450,50,50,50,14.1402
5350,50,50,50,14.1244
5250,50,50,50,14.1086
5150,50,50,50,14.0929
5050,50,50,50,14.0772
4950,50,50,50,14.0615
4850,50,50,50,14.0458
4750,50,50,50,14.0302
4650,50,50,50,14.0145
4550,50,50,50,13.9989
4450,50,50,50,13.9834
4350,50,50,50,13.9678
4250,50,50,50,13.9523
4150,50,50,50,13.9367
4050,50,50,50,13.9212
3950,50,50,50,13.9057
3850,50,50,50,13.8902
3750,50,50,50,13.8748
3650,50,50,50,13.8593
3550,50,50,50,13.8439
3450,50,50,50,13.8284
3350,50,50,50,13.8129
3250,50,50,50,13.7975
3150,50,50,50,13.782
3050,50,50,50,13.7665
2950,50,50,50,13.751
2850,50,50,50,13.7355
2750,50,50,50,13.7199
2650,50,50,50,13.7043
2550,50,50,50,13.6886
2450,50,50,50,13.6728
2350,50,50,50,13.657
2250,50,50,50,13.641
2150,50,50,50,13.6249
2050,50,50,50,13.6085
1950,50,50,50,13.592
1850,50,50,50,13.5753
1750,50,50,50,13.5582
1650,50,50,50,13.5408
1550,50,50,50,13.523
1450,50,50,50,13.5047
1350,50,50,50,13.4859
1250,50,50,50,13.4664
1150,50,50,50,13.4462
1050,50,50,50,13.4253
950,50,50,50,13.4035
850,50,50,50,13.3808
750,50,50,50,13.3572
650,50,50,50,13.3327
550,50,50,50,13.3076
450,50,50,50,13.2823
350,50,50,50,13.258
250,50,50,50,13.2365
150,50,50,50,13.2201
50,50,50,50,13.2112
