12750,50,50,50,14.3931
12650,50,50,50,14.3959
12550,50,50,50,14.4006
12450,50,50,50,14.406
12350,50,50,50,14.4113
12250,50,50,50,14.4156
12150,50,50,50,14.4186
12050,50,50,50,14.4199
11950,50,50,50,14.4195
11850,50,50,50,14.4174
11750,50,50,50,14.4136
11650,50,50,50,14.4082
11550,50,50,50,14.4013
11450,50,50,50,14.3931
11350,50,50,50,14.3837
11250,50,50,50,14.3734
11150,50,50,50,14.3621
11050,50,50,50,14.3501
10950,50,50,50,14.3374
10850,50,50,50,14.3241
10750,50,50,50,14.3104
10650,50,50,50,14.2963
10550,50,50,50,14.2819
10450,50,50,50,14.2672
10350,50,50,50,14.2523
10250,50,50,50,14.2372
10150,50,50,50,14.222
10050,50,50,50,14.2067
9950,50,50,50,14.1912
9850,50,50,50,14.1757
9750,50,50,50,14.1602
9650,50,50,50,14.1446
9550,50,50,50,14.129
9450,50,50,50,14.1134
9350,50,50,50,14.0978
9250,50,50,50,14.0821
9150,50,50,50,14.0665
9050,50,50,50,14.0508
8950,50,50,50,14.0352
8850,50,50,50,14.0196
8750,50,50,50,14.004
8650,50,50,50,13.9884
8550,50,50,50,13.9729
8450,50,50,50,13.9573
8350,50,50,50,13.9418
8250,50,50,50,13.9263
8150,50,50,50,13.9108
8050,50,50,50,13.8953
7950,50,50,50,13.8799
7850,50,50,50,13.8644
7750,50,50,50,13.849
7650,50,50,50,13.8337
7550,50,50,50,13.8183
7450,50,50,50,13.8029
7350,50,50,50,13.7876
7250,50,50,50,13.7723
7150,50,50,50,13.757
7050,50,50,50,13.7418
6950,50,50,50,13.7265
6850,50,50,50,13.7113
6750,50,50,50,13.6961
6650,50,50,50,13.681
6550,50,50,50,13.6658
6450,50,50,50,13.6507
6350,50,50,50,13.6355
6250,50,50,50,13.6205
6150,50,50,50,13.6054
6050,50,50,50,13.5903
5950,50,50,50,13.5753
5850,50,50,50,13.5602
5750,50,50,50,13.5452
5650,50,50,50,13.5302
5550,50,50,50,13.5153
5450,50,50,50,13.5003
5350,50,50,50,13.4854
5250,50,50,50,13.4704
5150,50,50,50,13.4555
5050,50,50,50,13.4406
4950,50,50,50,13.4258
4850,50,50,50,13.4109
4750,50,50,50,13.396
4650,50,50,50,13.3812
4550,50,50,50,13.3664
4450,50,50,50,13.3516
4350,50,50,50,13.3368
4250,50,50,50,13.322
4150,50,50,50,13.3072
4050,50,50,50,13.2924
3950,50,50,50,13.2777
3850,50,50,50,13.2629
3750,50,50,50,13.2481
3650,50,50,50,13.2334
3550,50,50,50,13.2186
3450,50,50,50,13.2039
3350,50,50,50,13.1891
3250,50,50,50,13.1744
3150,50,50,50,13.1596
3050,50,50,50,13.1448
2950,50,50,50,13.1299
2850,50,50,50,13.1151
2750,50,50,50,13.1002
2650,50,50,50,13.0853
2550,50,50,50,13.0702
2450,50,50,50,13.0552
2350,50,50,50,13.04
2250,50,50,50,13.0247
2150,50,50,50,13.0093
2050,50,50,50,12.9938
1950,50,50,50,12.9781
1850,50,50,50,12.9621
1750,50,50,50,12.9459
1650,50,50,50,12.9294
1550,50,50,50,12.9126
1450,50,50,50,12.8954
1350,50,50,50,12.8778
1250,50,50,50,12.8596
1150,50,50,50,12.8409
1050,50,50,50,12.8216
950,50,50,50,12.8016
850,50,50,50,12.7809
750,50,50,50,12.7595
650,50,50,50,12.7376
550,50,50,50,12.7152
450,50,50,50,12.6929
350,50,50,50,12.6716
250,50,50,50,12.6528
150,50,50,50,12.6386
50,50,50,50,12.6309
