12750,50,50,50,23.4378
12650,50,50,50,23.4326
12550,50,50,50,23.4189
12450,50,50,50,23.3939
12350,50,50,50,23.3558
12250,50,50,50,23.3045
12150,50,50,50,23.2399
12050,50,50,50,23.1628
11950,50,50,50,23.074
11850,50,50,50,22.9746
11750,50,50,50,22.8659
11650,50,50,50,22.7492
11550,50,50,50,22.6257
11450,50,50,50,22.4969
11350,50,50,50,22.364
11250,50,50,50,22.2281
11150,50,50,50,22.0904
11050,50,50,50,21.9517
10950,50,50,50,21.8129
10850,50,50,50,21.6746
10750,50,50,50,21.5376
10650,50,50,50,21.4022
10550,50,50,50,21.2689
10450,50,50,50,21.138
10350,50,50,50,21.0097
10250,50,50,50,20.8842
10150,50,50,50,20.7616
10050,50,50,50,20.6421
9950,50,50,50,20.5255
9850,50,50,50,20.4121
9750,50,50,50,20.3017
9650,50,50,50,20.1943
9550,50,50,50,20.0898
9450,50,50,50,19.9883
9350,50,50,50,19.8896
9250,50,50,50,19.7937
9150,50,50,50,19.7004
9050,50,50,50,19.6098
8950,50,50,50,19.5217
8850,50,50,50,19.4361
8750,50,50,50,19.3529
8650,50,50,50,19.2719
8550,50,50,50,19.1932
8450,50,50,50,19.1166
8350,50,50,50,19.0421
8250,50,50,50,18.9697
8150,50,50,50,18.8991
8050,50,50,50,18.8305
7950,50,50,50,18.7636
7850,50,50,50,18.6985
7750,50,50,50,18.6351
7650,50,50,50,18.5733
7550,50,50,50,18.5131
7450,50,50,50,18.4544
7350,50,50,50,18.3972
7250,50,50,50,18.3414
7150,50,50,50,18.2869
7050,50,50,50,18.2338
6950,50,50,50,18.1819
6850,50,50,50,18.1313
6750,50,50,50,18.0818
6650,50,50,50,18.0334
6550,50,50,50,17.9862
6450,50,50,50,17.94
6350,50,50,50,17.8948
6250,50,50,50,17.8506
6150,50,50,50,17.8073
6050,50,50,50,17.7649
5950,50,50,50,17.7234
5850,50,50,50,17.6828
5750,50,50,50,17.6429
5650,50,50,50,17.6038
5550,50,50,50,17.5655
5450,50,50,50,17.5278
5350,50,50,50,17.4909
5250,50,50,50,17.4546
5150,50,50,50,17.4189
5050,50,50,50,17.3839
4950,50,50,50,17.3495
4850,50,50,50,17.3156
4750,50,50,50,17.2822
4650,50,50,50,17.2494
4550,50,50,50,17.2171
4450,50,50,50,17.1852
4350,50,50,50,17.1539
4250,50,50,50,17.1229
4150,50,50,50,17.0924
4050,50,50,50,17.0623
3950,50,50,50,17.0325
3850,50,50,50,17.0031
3750,50,50,50,16.9741
3650,50,50,50,16.9454
3550,50,50,50,16.917
3450,50,50,50,16.8889
3350,50,50,50,16.8611
3250,50,50,50,16.8336
3150,50,50,50,16.8062
3050,50,50,50,16.7791
2950,50,50,50,16.7522
2850,50,50,50,16.7254
2750,50,50,50,16.6987
2650,50,50,50,16.6722
2550,50,50,50,16.6457
2450,50,50,50,16.6192
2350,50,50,50,16.5927
2250,50,50,50,16.5661
2150,50,50,50,16.5393
2050,50,50,50,16.5123
1950,50,50,50,16.485
1850,50,50,50,16.4572
1750,50,50,50,16.4289
1650,50,50,50,16.3999
1550,50,50,50,16.3701
1450,50,50,50,16.3393
1350,50,50,50,16.3073
1250,50,50,50,16.2739
1150,50,50,50,16.2388
1050,50,50,50,16.2018
950,50,50,50,16.1627
850,50,50,50,16.1213
750,50,50,50,16.0774
650,50,50,50,16.0311
550,50,50,50,15.9827
450,50,50,50,15.933
350,50,50,50,15.8844
250,50,50,50,15.8408
150,50,50,50,15.8074
50,50,50,50,15.7892
