12750,50,50,50,12.5626
12650,50,50,50,12.5637
12550,50,50,50,12.5653
12450,50,50,50,12.567
12350,50,50,50,12.5681
12250,50,50,50,12.5684
12150,50,50,50,12.5676
12050,50,50,50,12.5657
11950,50,50,50,12.5625
11850,50,50,50,12.5582
11750,50,50,50,12.5526
11650,50,50,50,12.5461
11550,50,50,50,12.5385
11450,50,50,50,12.53
11350,50,50,50,12.5207
11250,50,50,50,12.5108
11150,50,50,50,12.5002
11050,50,50,50,12.489
10950,50,50,50,12.4775
10850,50,50,50,12.4655
10750,50,50,50,12.4531
10650,50,50,50,12.4405
10550,50,50,50,12.4276
10450,50,50,50,12.4146
10350,50,50,50,12.4013
10250,50,50,50,12.3879
10150,50,50,50,12.3744
10050,50,50,50,12.3608
9950,50,50,50,12.3472
9850,50,50,50,12.3334
9750,50,50,50,12.3196
9650,50,50,50,12.3057
9550,50,50,50,12.2918
9450,50,50,50,12.2779
9350,50,50,50,12.264
9250,50,50,50,12.25
9150,50,50,50,12.236
9050,50,50,50,12.222
8950,50,50,50,12.208
8850,50,50,50,12.194
8750,50,50,50,12.18
8650,50,50,50,12.166
8550,50,50,50,12.152
8450,50,50,50,12.138
8350,50,50,50,12.124
8250,50,50,50,12.1099
8150,50,50,50,12.0959
8050,50,50,50,12.0819
7950,50,50,50,12.0679
7850,50,50,50,12.0539
7750,50,50,50,12.0399
7650,50,50,50,12.0259
7550,50,50,50,12.0119
7450,50,50,50,11.9979
7350,50,50,50,11.9839
7250,50,50,50,11.97
7150,50,50,50,11.956
7050,50,50,50,11.942
6950,50,50,50,11.928
6850,50,50,50,11.914
6750,50,50,50,11.9001
6650,50,50,50,11.8861
6550,50,50,50,11.8721
6450,50,50,50,11.8582
6350,50,50,50,11.8442
6250,50,50,50,11.8303
6150,50,50,50,11.8163
6050,50,50,50,11.8024
5950,50,50,50,11.7884
5850,50,50,50,11.7745
5750,50,50,50,11.7605
5650,50,50,50,11.7466
5550,50,50,50,11.7327
5450,50,50,50,11.7187
5350,50,50,50,11.7048
5250,50,50,50,11.6908
5150,50,50,50,11.6769
5050,50,50,50,11.663
4950,50,50,50,11.649
4850,50,50,50,11.6351
4750,50,50,50,11.6212
4650,50,50,50,11.6072
4550,50,50,50,11.5933
4450,50,50,50,11.5793
4350,50,50,50,11.5654
4250,50,50,50,11.5515
4150,50,50,50,11.5375
4050,50,50,50,11.5236
3950,50,50,50,11.5096
3850,50,50,50,11.4956
3750,50,50,50,11.4817
3650,50,50,50,11.4677
3550,50,50,50,11.4537
3450,50,50,50,11.4397
3350,50,50,50,11.4257
3250,50,50,50,11.4116
3150,50,50,50,11.3976
3050,50,50,50,11.3835
2950,50,50,50,11.3694
2850,50,50,50,11.3552
2750,50,50,50,11.3411
2650,50,50,50,11.3268
2550,50,50,50,11.3126
2450,50,50,50,11.2982
2350,50,50,50,11.2839
2250,50,50,50,11.2694
2150,50,50,50,11.2548
2050,50,50,50,11.2402
1950,50,50,50,11.2254
1850,50,50,50,11.2105
1750,50,50,50,11.1954
1650,50,50,50,11.1802
1550,50,50,50,11.1648
1450,50,50,50,11.1492
1350,50,50,50,11.1334
1250,50,50,50,11.1173
1150,50,50,50,11.101
1050,50,50,50,11.0844
950,50,50,50,11.0676
850,50,50,50,11.0505
750,50,50,50,11.0333
650,50,50,50,11.016
550,50,50,50,10.9989
450,50,50,50,10.9822
350,50,50,50,10.9666
250,50,50,50,10.9532
150,50,50,50,10.9431
50,50,50,50,10.9377
