12750,50,50,50,12.7286
12650,50,50,50,12.7298
12550,50,50,50,12.7317
12450,50,50,50,12.7336
12350,50,50,50,12.735
12250,50,50,50,12.7356
12150,50,50,50,12.735
12050,50,50,50,12.7333
11950,50,50,50,12.7304
11850,50,50,50,12.7262
11750,50,50,50,12.7208
11650,50,50,50,12.7143
11550,50,50,50,12.7068
11450,50,50,50,12.6984
11350,50,50,50,12.6891
11250,50,50,50,12.6791
11150,50,50,50,12.6685
11050,50,50,50,12.6574
10950,50,50,50,12.6457
10850,50,50,50,12.6337
10750,50,50,50,12.6213
10650,50,50,50,12.6086
10550,50,50,50,12.5957
10450,50,50,50,12.5826
10350,50,50,50,12.5692
10250,50,50,50,12.5558
10150,50,50,50,12.5422
10050,50,50,50,12.5285
9950,50,50,50,12.5148
9850,50,50,50,12.5009
9750,50,50,50,12.487
9650,50,50,50,12.4731
9550,50,50,50,12.4591
9450,50,50,50,12.4451
9350,50,50,50,12.4311
9250,50,50,50,12.4171
9150,50,50,50,12.403
9050,50,50,50,12.389
8950,50,50,50,12.3749
8850,50,50,50,12.3608
8750,50,50,50,12.3468
8650,50,50,50,12.3327
8550,50,50,50,12.3186
8450,50,50,50,12.3045
8350,50,50,50,12.2905
8250,50,50,50,12.2764
8150,50,50,50,12.2623
8050,50,50,50,12.2483
7950,50,50,50,12.2342
7850,50,50,50,12.2201
7750,50,50,50,12.2061
7650,50,50,50,12.192
7550,50,50,50,12.178
7450,50,50,50,12.1639
7350,50,50,50,12.1499
7250,50,50,50,12.1359
7150,50,50,50,12.1218
7050,50,50,50,12.1078
6950,50,50,50,12.0938
6850,50,50,50,12.0798
6750,50,50,50,12.0658
6650,50,50,50,12.0518
6550,50,50,50,12.0378
6450,50,50,50,12.0238
6350,50,50,50,12.0098
6250,50,50,50,11.9958
6150,50,50,50,11.9818
6050,50,50,50,11.9678
5950,50,50,50,11.9538
5850,50,50,50,11.9399
5750,50,50,50,11.9259
5650,50,50,50,11.9119
5550,50,50,50,11.8979
5450,50,50,50,11.884
5350,50,50,50,11.87
5250,50,50,50,11.856
5150,50,50,50,11.8421
5050,50,50,50,11.8281
4950,50,50,50,11.8142
4850,50,50,50,11.8002
4750,50,50,50,11.7863
4650,50,50,50,11.7723
4550,50,50,50,11.7583
4450,50,50,50,11.7444
4350,50,50,50,11.7304
4250,50,50,50,11.7165
4150,50,50,50,11.7025
4050,50,50,50,11.6885
3950,50,50,50,11.6746
3850,50,50,50,11.6606
3750,50,50,50,11.6466
3650,50,50,50,11.6326
3550,50,50,50,11.6186
3450,50,50,50,11.6046
3350,50,50,50,11.5906
3250,50,50,50,11.5765
3150,50,50,50,11.5624
3050,50,50,50,11.5484
2950,50,50,50,11.5342
2850,50,50,50,11.5201
2750,50,50,50,11.5059
2650,50,50,50,11.4917
2550,50,50,50,11.4774
2450,50,50,50,11.4631
2350,50,50,50,11.4487
2250,50,50,50,11.4342
2150,50,50,50,11.4196
2050,50,50,50,11.4049
1950,50,50,50,11.3901
1850,50,50,50,11.3752
1750,50,50,50,11.3601
1650,50,50,50,11.3448
1550,50,50,50,11.3294
1450,50,50,50,11.3137
1350,50,50,50,11.2978
1250,50,50,50,11.2816
1150,50,50,50,11.2651
1050,50,50,50,11.2484
950,50,50,50,11.2313
850,50,50,50,11.214
750,50,50,50,11.1965
650,50,50,50,11.1789
550,50,50,50,11.1614
450,50,50,50,11.1444
350,50,50,50,11.1284
250,50,50,50,11.1146
150,50,50,50,11.1042
50,50,50,50,11.0987
