12750,50,50,50,-88.5688
12650,50,50,50,-88.566
12550,50,50,50,-88.5593
12450,50,50,50,-88.5461
12350,50,50,50,-88.5213
12250,50,50,50,-88.4751
12150,50,50,50,-88.3896
12050,50,50,50,-88.2315
11950,50,50,50,-87.9395
11850,50,50,50,-87.4009
11750,50,50,50,-86.4098
11650,50,50,50,-84.5908
11550,50,50,50,-81.2623
11450,50,50,50,-75.1868
11350,50,50,50,-64.1228
11250,50,50,50,-44.0699
11150,50,50,50,-9.28736
11050,50,50,50,14.28
10950,50,50,50,21.4756
10850,50,50,50,23.9568
10750,50,50,50,25.2004
10650,50,50,50,26.0849
10550,50,50,50,26.8214
10450,50,50,50,27.4635
10350,50,50,50,28.0286
10250,50,50,50,28.5247
10150,50,50,50,28.9574
10050,50,50,50,29.3311
9950,50,50,50,29.6502
9850,50,50,50,29.9182
9750,50,50,50,30.1388
9650,50,50,50,30.3153
9550,50,50,50,30.4508
9450,50,50,50,30.5481
9350,50,50,50,30.6101
9250,50,50,50,30.6394
9150,50,50,50,30.6385
9050,50,50,50,30.6097
8950,50,50,50,30.5552
8850,50,50,50,30.4773
8750,50,50,50,30.3779
8650,50,50,50,30.259
8550,50,50,50,30.1224
8450,50,50,50,29.97
8350,50,50,50,29.8033
8250,50,50,50,29.6239
8150,50,50,50,29.4334
8050,50,50,50,29.233
7950,50,50,50,29.0242
7850,50,50,50,28.8081
7750,50,50,50,28.5859
7650,50,50,50,28.3588
7550,50,50,50,28.1276
7450,50,50,50,27.8933
7350,50,50,50,27.6568
7250,50,50,50,27.4189
7150,50,50,50,27.1802
7050,50,50,50,26.9414
6950,50,50,50,26.7032
6850,50,50,50,26.466
6750,50,50,50,26.2303
6650,50,50,50,25.9966
6550,50,50,50,25.7653
6450,50,50,50,25.5367
6350,50,50,50,25.311
6250,50,50,50,25.0886
6150,50,50,50,24.8697
6050,50,50,50,24.6544
5950,50,50,50,24.443
5850,50,50,50,24.2354
5750,50,50,50,24.032
5650,50,50,50,23.8327
5550,50,50,50,23.6375
5450,50,50,50,23.4466
5350,50,50,50,23.26
5250,50,50,50,23.0776
5150,50,50,50,22.8995
5050,50,50,50,22.7257
4950,50,50,50,22.5561
4850,50,50,50,22.3907
4750,50,50,50,22.2294
4650,50,50,50,22.0722
4550,50,50,50,21.9191
4450,50,50,50,21.77
4350,50,50,50,21.6248
4250,50,50,50,21.4834
4150,50,50,50,21.3458
4050,50,50,50,21.2118
3950,50,50,50,21.0815
3850,50,50,50,20.9547
3750,50,50,50,20.8313
3650,50,50,50,20.7113
3550,50,50,50,20.5945
3450,50,50,50,20.4809
3350,50,50,50,20.3704
3250,50,50,50,20.2629
3150,50,50,50,20.1582
3050,50,50,50,20.0563
2950,50,50,50,19.9571
2850,50,50,50,19.8605
2750,50,50,50,19.7663
2650,50,50,50,19.6745
2550,50,50,50,19.5849
2450,50,50,50,19.4974
2350,50,50,50,19.4118
2250,50,50,50,19.3281
2150,50,50,50,19.2461
2050,50,50,50,19.1655
1950,50,50,50,19.0862
1850,50,50,50,19.0081
1750,50,50,50,18.9308
1650,50,50,50,18.8542
1550,50,50,50,18.778
1450,50,50,50,18.7018
1350,50,50,50,18.6254
1250,50,50,50,18.5484
1150,50,50,50,18.4705
1050,50,50,50,18.3912
950,50,50,50,18.3104
850,50,50,50,18.2276
750,50,50,50,18.1427
650,50,50,50,18.0559
550,50,50,50,17.9676
450,50,50,50,17.8794
350,50,50,50,17.7949
250,50,50,50,17.7203
150,50,50,50,17.6637
50,50,50,50,17.633
