12750,50,50,50,15.729
12650,50,50,50,15.7338
12550,50,50,50,15.7421
12450,50,50,50,15.752
12350,50,50,50,15.7621
12250,50,50,50,15.7711
12150,50,50,50,15.7783
12050,50,50,50,15.7834
11950,50,50,50,15.7861
11850,50,50,50,15.7863
11750,50,50,50,15.7841
11650,50,50,50,15.7797
11550,50,50,50,15.7732
11450,50,50,50,15.7648
11350,50,50,50,15.7547
11250,50,50,50,15.7432
11150,50,50,50,15.7305
11050,50,50,50,15.7166
10950,50,50,50,15.7019
10850,50,50,50,15.6863
10750,50,50,50,15.6702
10650,50,50,50,15.6535
10550,50,50,50,15.6363
10450,50,50,50,15.6188
10350,50,50,50,15.601
10250,50,50,50,15.583
10150,50,50,50,15.5648
10050,50,50,50,15.5464
9950,50,50,50,15.528
9850,50,50,50,15.5095
9750,50,50,50,15.4909
9650,50,50,50,15.4723
9550,50,50,50,15.4537
9450,50,50,50,15.4351
9350,50,50,50,15.4165
9250,50,50,50,15.398
9150,50,50,50,15.3794
9050,50,50,50,15.3609
8950,50,50,50,15.3424
8850,50,50,50,15.324
8750,50,50,50,15.3056
8650,50,50,50,15.2872
8550,50,50,50,15.2689
8450,50,50,50,15.2506
8350,50,50,50,15.2324
8250,50,50,50,15.2142
8150,50,50,50,15.1961
8050,50,50,50,15.178
7950,50,50,50,15.16
7850,50,50,50,15.1421
7750,50,50,50,15.1241
7650,50,50,50,15.1063
7550,50,50,50,15.0884
7450,50,50,50,15.0707
7350,50,50,50,15.0529
7250,50,50,50,15.0353
7150,50,50,50,15.0176
7050,50,50,50,15
6950,50,50,50,14.9825
6850,50,50,50,14.965
6750,50,50,50,14.9476
6650,50,50,50,14.9301
6550,50,50,50,14.9128
6450,50,50,50,14.8955
6350,50,50,50,14.8782
6250,50,50,50,14.861
6150,50,50,50,14.8438
6050,50,50,50,14.8266
5950,50,50,50,14.8095
5850,50,50,50,14.7925
5750,50,50,50,14.7754
5650,50,50,50,14.7585
5550,50,50,50,14.7415
5450,50,50,50,14.7246
5350,50,50,50,14.7077
5250,50,50,50,14.6909
5150,50,50,50,14.6741
5050,50,50,50,14.6573
4950,50,50,50,14.6406
4850,50,50,50,14.6239
4750,50,50,50,14.6072
4650,50,50,50,14.5906
4550,50,50,50,14.574
4450,50,50,50,14.5574
4350,50,50,50,14.5409
4250,50,50,50,14.5244
4150,50,50,50,14.5079
4050,50,50,50,14.4914
3950,50,50,50,14.475
3850,50,50,50,14.4586
3750,50,50,50,14.4422
3650,50,50,50,14.4258
3550,50,50,50,14.4095
3450,50,50,50,14.3931
3350,50,50,50,14.3768
3250,50,50,50,14.3604
3150,50,50,50,14.3441
3050,50,50,50,14.3277
2950,50,50,50,14.3113
2850,50,50,50,14.2949
2750,50,50,50,14.2785
2650,50,50,50,14.262
2550,50,50,50,14.2454
2450,50,50,50,14.2288
2350,50,50,50,14.212
2250,50,50,50,14.1951
2150,50,50,50,14.1781
2050,50,50,50,14.1608
1950,50,50,50,14.1433
1850,50,50,50,14.1256
1750,50,50,50,14.1074
1650,50,50,50,14.0889
1550,50,50,50,14.0699
1450,50,50,50,14.0503
1350,50,50,50,14.0301
1250,50,50,50,14.0091
1150,50,50,50,13.9873
1050,50,50,50,13.9645
950,50,50,50,13.9407
850,50,50,50,13.9157
750,50,50,50,13.8896
650,50,50,50,13.8624
550,50,50,50,13.8343
450,50,50,50,13.8058
350,50,50,50,13.7782
250,50,50,50,13.7537
150,50,50,50,13.735
50,50,50,50,13.7248
