12750,50,50,50,-88.3662
12650,50,50,50,-88.3662
12550,50,50,50,-88.3662
12450,50,50,50,-88.3662
12350,50,50,50,-88.3662
12250,50,50,50,-88.3662
12150,50,50,50,-88.3662
12050,50,50,50,-88.3662
11950,50,50,50,-88.3662
11850,50,50,50,-88.3662
11750,50,50,50,-88.3662
11650,50,50,50,-88.3662
11550,50,50,50,-88.3662
11450,50,50,50,-88.3662
11350,50,50,50,-88.3662
11250,50,50,50,-88.3662
11150,50,50,50,-88.3662
11050,50,50,50,-88.3662
10950,50,50,50,-88.3662
10850,50,50,50,-88.3662
10750,50,50,50,-88.3662
10650,50,50,50,-88.3662
10550,50,50,50,-88.3662
10450,50,50,50,-88.3662
10350,50,50,50,-88.3662
10250,50,50,50,-88.3662
10150,50,50,50,-88.3662
10050,50,50,50,-88.3662
9950,50,50,50,-88.3662
9850,50,50,50,-88.3662
9750,50,50,50,-88.3662
9650,50,50,50,-88.3662
9550,50,50,50,-88.3662
9450,50,50,50,-88.3662
9350,50,50,50,-88.3662
9250,50,50,50,-88.3662
9150,50,50,50,-88.3662
9050,50,50,50,-88.3662
8950,50,50,50,-88.3662
8850,50,50,50,-88.3662
8750,50,50,50,-88.3662
8650,50,50,50,-88.3662
8550,50,50,50,-88.3662
8450,50,50,50,-88.3662
8350,50,50,50,-88.3662
8250,50,50,50,-88.3662
8150,50,50,50,-88.3662
8050,50,50,50,-88.3662
7950,50,50,50,-88.3662
7850,50,50,50,-88.3662
7750,50,50,50,-88.3662
7650,50,50,50,-88.3662
7550,50,50,50,-88.3661
7450,50,50,50,-88.366
7350,50,50,50,-88.3658
7250,50,50,50,-88.3655
7150,50,50,50,-88.3649
7050,50,50,50,-88.3638
6950,50,50,50,-88.3618
6850,50,50,50,-88.3582
6750,50,50,50,-88.3515
6650,50,50,50,-88.3392
6550,50,50,50,-88.3166
6450,50,50,50,-88.2752
6350,50,50,50,-88.1993
6250,50,50,50,-88.06
6150,50,50,50,-87.8046
6050,50,50,50,-87.3369
5950,50,50,50,-86.4816
5850,50,50,50,-84.9207
5750,50,50,50,-82.079
5650,50,50,50,-76.9173
5550,50,50,50,-67.5676
5450,50,50,50,-50.7383
5350,50,50,50,-21.2008
5250,50,50,50,9.96631
5150,50,50,50,19.4567
5050,50,50,50,22.588
4950,50,50,50,24.0683
4850,50,50,50,25.0652
4750,50,50,50,25.8736
4650,50,50,50,26.5742
4550,50,50,50,27.1918
4450,50,50,50,27.7368
4350,50,50,50,28.2154
4250,50,50,50,28.6325
4150,50,50,50,28.9925
4050,50,50,50,29.2995
3950,50,50,50,29.5572
3850,50,50,50,29.7691
3750,50,50,50,29.9383
3650,50,50,50,30.068
3550,50,50,50,30.161
3450,50,50,50,30.2199
3350,50,50,50,30.2474
3250,50,50,50,30.2459
3150,50,50,50,30.2177
3050,50,50,50,30.1649
2950,50,50,50,30.0896
2850,50,50,50,29.9938
2750,50,50,50,29.8793
2650,50,50,50,29.7479
2550,50,50,50,29.6011
2450,50,50,50,29.4404
2350,50,50,50,29.2674
2250,50,50,50,29.0832
2150,50,50,50,28.8891
2050,50,50,50,28.686
1950,50,50,50,28.4751
1850,50,50,50,28.2572
1750,50,50,50,28.0329
1650,50,50,50,27.8031
1550,50,50,50,27.5683
1450,50,50,50,27.329
1350,50,50,50,27.0857
1250,50,50,50,26.8389
1150,50,50,50,26.5889
1050,50,50,50,26.3363
950,50,50,50,26.0816
850,50,50,50,25.8255
750,50,50,50,25.569
650,50,50,50,25.3138
550,50,50,50,25.0622
450,50,50,50,24.8184
350,50,50,50,24.5908
250,50,50,50,24.3938
150,50,50,50,24.2464
50,50,50,50,24.167
