12750,50,50,50,14.68
12650,50,50,50,14.6832
12550,50,50,50,14.6885
12450,50,50,50,14.6948
12350,50,50,50,14.701
12250,50,50,50,14.7062
12150,50,50,50,14.71
12050,50,50,50,14.712
11950,50,50,50,14.7122
11850,50,50,50,14.7105
11750,50,50,50,14.707
11650,50,50,50,14.7018
11550,50,50,50,14.695
11450,50,50,50,14.6868
11350,50,50,50,14.6774
11250,50,50,50,14.6669
11150,50,50,50,14.6554
11050,50,50,50,14.6431
10950,50,50,50,14.63
10850,50,50,50,14.6164
10750,50,50,50,14.6023
10650,50,50,50,14.5878
10550,50,50,50,14.573
10450,50,50,50,14.5578
10350,50,50,50,14.5424
10250,50,50,50,14.5269
10150,50,50,50,14.5112
10050,50,50,50,14.4954
9950,50,50,50,14.4795
9850,50,50,50,14.4635
9750,50,50,50,14.4474
9650,50,50,50,14.4314
9550,50,50,50,14.4153
9450,50,50,50,14.3992
9350,50,50,50,14.383
9250,50,50,50,14.3669
9150,50,50,50,14.3508
9050,50,50,50,14.3347
8950,50,50,50,14.3186
8850,50,50,50,14.3025
8750,50,50,50,14.2865
8650,50,50,50,14.2704
8550,50,50,50,14.2544
8450,50,50,50,14.2384
8350,50,50,50,14.2225
8250,50,50,50,14.2065
8150,50,50,50,14.1906
8050,50,50,50,14.1747
7950,50,50,50,14.1588
7850,50,50,50,14.143
7750,50,50,50,14.1272
7650,50,50,50,14.1114
7550,50,50,50,14.0956
7450,50,50,50,14.0799
7350,50,50,50,14.0642
7250,50,50,50,14.0485
7150,50,50,50,14.0328
7050,50,50,50,14.0172
6950,50,50,50,14.0015
6850,50,50,50,13.9859
6750,50,50,50,13.9704
6650,50,50,50,13.9548
6550,50,50,50,13.9393
6450,50,50,50,13.9238
6350,50,50,50,13.9083
6250,50,50,50,13.8929
6150,50,50,50,13.8775
6050,50,50,50,13.8621
5950,50,50,50,13.8467
5850,50,50,50,13.8313
5750,50,50,50,13.816
5650,50,50,50,13.8006
5550,50,50,50,13.7854
5450,50,50,50,13.7701
5350,50,50,50,13.7548
5250,50,50,50,13.7396
5150,50,50,50,13.7244
5050,50,50,50,13.7091
4950,50,50,50,13.694
4850,50,50,50,13.6788
4750,50,50,50,13.6636
4650,50,50,50,13.6485
4550,50,50,50,13.6334
4450,50,50,50,13.6183
4350,50,50,50,13.6032
4250,50,50,50,13.5881
4150,50,50,50,13.5731
4050,50,50,50,13.558
3950,50,50,50,13.543
3850,50,50,50,13.528
3750,50,50,50,13.5129
3650,50,50,50,13.4979
3550,50,50,50,13.4829
3450,50,50,50,13.4679
3350,50,50,50,13.4529
3250,50,50,50,13.4378
3150,50,50,50,13.4228
3050,50,50,50,13.4077
2950,50,50,50,13.3927
2850,50,50,50,13.3775
2750,50,50,50,13.3624
2650,50,50,50,13.3472
2550,50,50,50,13.3319
2450,50,50,50,13.3166
2350,50,50,50,13.3012
2250,50,50,50,13.2856
2150,50,50,50,13.2699
2050,50,50,50,13.2541
1950,50,50,50,13.2381
1850,50,50,50,13.2218
1750,50,50,50,13.2053
1650,50,50,50,13.1885
1550,50,50,50,13.1713
1450,50,50,50,13.1536
1350,50,50,50,13.1355
1250,50,50,50,13.1169
1150,50,50,50,13.0976
1050,50,50,50,13.0776
950,50,50,50,13.0569
850,50,50,50,13.0354
750,50,50,50,13.0132
650,50,50,50,12.9902
550,50,50,50,12.9668
450,50,50,50,12.9433
350,50,50,50,12.9208
250,50,50,50,12.9009
150,50,50,50,12.8858
50,50,50,50,12.8776
