12750,50,50,50,-88.4182
12650,50,50,50,-88.4182
12550,50,50,50,-88.4182
12450,50,50,50,-88.4182
12350,50,50,50,-88.4182
12250,50,50,50,-88.4182
12150,50,50,50,-88.4182
12050,50,50,50,-88.4182
11950,50,50,50,-88.4182
11850,50,50,50,-88.4182
11750,50,50,50,-88.4182
11650,50,50,50,-88.4182
11550,50,50,50,-88.4182
11450,50,50,50,-88.4182
11350,50,50,50,-88.4182
11250,50,50,50,-88.4182
11150,50,50,50,-88.4182
11050,50,50,50,-88.4182
10950,50,50,50,-88.4182
10850,50,50,50,-88.4182
10750,50,50,50,-88.4182
10650,50,50,50,-88.4182
10550,50,50,50,-88.4182
10450,50,50,50,-88.4182
10350,50,50,50,-88.4182
10250,50,50,50,-88.4182
10150,50,50,50,-88.4182
10050,50,50,50,-88.4182
9950,50,50,50,-88.4182
9850,50,50,50,-88.4182
9750,50,50,50,-88.4182
9650,50,50,50,-88.4182
9550,50,50,50,-88.4182
9450,50,50,50,-88.4182
9350,50,50,50,-88.4182
9250,50,50,50,-88.4182
9150,50,50,50,-88.4182
9050,50,50,50,-88.4182
8950,50,50,50,-88.4182
8850,50,50,50,-88.4182
8750,50,50,50,-88.4182
8650,50,50,50,-88.4182
8550,50,50,50,-88.4182
8450,50,50,50,-88.4182
8350,50,50,50,-88.4182
8250,50,50,50,-88.4181
8150,50,50,50,-88.4181
8050,50,50,50,-88.418
7950,50,50,50,-88.4178
7850,50,50,50,-88.4176
7750,50,50,50,-88.417
7650,50,50,50,-88.4161
7550,50,50,50,-88.4143
7450,50,50,50,-88.4111
7350,50,50,50,-88.4053
7250,50,50,50,-88.3945
7150,50,50,50,-88.3747
7050,50,50,50,-88.3384
6950,50,50,50,-88.2716
6850,50,50,50,-88.149
6750,50,50,50,-87.9239
6650,50,50,50,-87.5111
6550,50,50,50,-86.7552
6450,50,50,50,-85.3736
6350,50,50,50,-82.8548
6250,50,50,50,-78.2732
6150,50,50,50,-69.9579
6050,50,50,50,-54.948
5950,50,50,50,-28.3871
5850,50,50,50,6.81237
5750,50,50,50,18.4461
5650,50,50,50,22.2572
5550,50,50,50,23.9443
5450,50,50,50,25.0021
5350,50,50,50,25.8325
5250,50,50,50,26.5458
5150,50,50,50,27.1738
5050,50,50,50,27.728
4950,50,50,50,28.2149
4850,50,50,50,28.6395
4750,50,50,50,29.0064
4650,50,50,50,29.3197
4550,50,50,50,29.5829
4450,50,50,50,29.7998
4350,50,50,50,29.9734
4250,50,50,50,30.107
4150,50,50,50,30.2033
4050,50,50,50,30.2651
3950,50,50,50,30.295
3850,50,50,50,30.2955
3750,50,50,50,30.2688
3650,50,50,50,30.2172
3550,50,50,50,30.1428
3450,50,50,50,30.0475
3350,50,50,50,29.9333
3250,50,50,50,29.8019
3150,50,50,50,29.6551
3050,50,50,50,29.4943
2950,50,50,50,29.3212
2850,50,50,50,29.1372
2750,50,50,50,28.9435
2650,50,50,50,28.7413
2550,50,50,50,28.5319
2450,50,50,50,28.3161
2350,50,50,50,28.095
2250,50,50,50,27.8695
2150,50,50,50,27.6401
2050,50,50,50,27.4078
1950,50,50,50,27.1729
1850,50,50,50,26.9362
1750,50,50,50,26.6979
1650,50,50,50,26.4584
1550,50,50,50,26.2181
1450,50,50,50,25.9772
1350,50,50,50,25.7359
1250,50,50,50,25.4943
1150,50,50,50,25.2527
1050,50,50,50,25.0112
950,50,50,50,24.7702
850,50,50,50,24.5299
750,50,50,50,24.2912
650,50,50,50,24.0552
550,50,50,50,23.8239
450,50,50,50,23.6009
350,50,50,50,23.3935
250,50,50,50,23.2145
150,50,50,50,23.081
50,50,50,50,23.0092
