12750,50,50,50,12.48
12650,50,50,50,12.481
12550,50,50,50,12.4825
12450,50,50,50,12.4841
12350,50,50,50,12.4851
12250,50,50,50,12.4852
12150,50,50,50,12.4843
12050,50,50,50,12.4823
11950,50,50,50,12.479
11850,50,50,50,12.4745
11750,50,50,50,12.469
11650,50,50,50,12.4623
11550,50,50,50,12.4547
11450,50,50,50,12.4462
11350,50,50,50,12.437
11250,50,50,50,12.427
11150,50,50,50,12.4164
11050,50,50,50,12.4053
10950,50,50,50,12.3937
10850,50,50,50,12.3817
10750,50,50,50,12.3694
10650,50,50,50,12.3568
10550,50,50,50,12.344
10450,50,50,50,12.3309
10350,50,50,50,12.3177
10250,50,50,50,12.3044
10150,50,50,50,12.2909
10050,50,50,50,12.2773
9950,50,50,50,12.2637
9850,50,50,50,12.25
9750,50,50,50,12.2362
9650,50,50,50,12.2224
9550,50,50,50,12.2085
9450,50,50,50,12.1946
9350,50,50,50,12.1807
9250,50,50,50,12.1668
9150,50,50,50,12.1528
9050,50,50,50,12.1388
8950,50,50,50,12.1249
8850,50,50,50,12.1109
8750,50,50,50,12.0969
8650,50,50,50,12.0829
8550,50,50,50,12.0689
8450,50,50,50,12.0549
8350,50,50,50,12.041
8250,50,50,50,12.027
8150,50,50,50,12.013
8050,50,50,50,11.999
7950,50,50,50,11.985
7850,50,50,50,11.971
7750,50,50,50,11.9571
7650,50,50,50,11.9431
7550,50,50,50,11.9291
7450,50,50,50,11.9151
7350,50,50,50,11.9012
7250,50,50,50,11.8872
7150,50,50,50,11.8732
7050,50,50,50,11.8593
6950,50,50,50,11.8453
6850,50,50,50,11.8314
6750,50,50,50,11.8174
6650,50,50,50,11.8035
6550,50,50,50,11.7895
6450,50,50,50,11.7756
6350,50,50,50,11.7616
6250,50,50,50,11.7477
6150,50,50,50,11.7337
6050,50,50,50,11.7198
5950,50,50,50,11.7059
5850,50,50,50,11.6919
5750,50,50,50,11.678
5650,50,50,50,11.6641
5550,50,50,50,11.6501
5450,50,50,50,11.6362
5350,50,50,50,11.6223
5250,50,50,50,11.6084
5150,50,50,50,11.5944
5050,50,50,50,11.5805
4950,50,50,50,11.5666
4850,50,50,50,11.5526
4750,50,50,50,11.5387
4650,50,50,50,11.5248
4550,50,50,50,11.5109
4450,50,50,50,11.4969
4350,50,50,50,11.483
4250,50,50,50,11.469
4150,50,50,50,11.4551
4050,50,50,50,11.4411
3950,50,50,50,11.4272
3850,50,50,50,11.4132
3750,50,50,50,11.3993
3650,50,50,50,11.3853
3550,50,50,50,11.3713
3450,50,50,50,11.3573
3350,50,50,50,11.3433
3250,50,50,50,11.3292
3150,50,50,50,11.3152
3050,50,50,50,11.3011
2950,50,50,50,11.287
2850,50,50,50,11.2728
2750,50,50,50,11.2587
2650,50,50,50,11.2444
2550,50,50,50,11.2302
2450,50,50,50,11.2158
2350,50,50,50,11.2014
2250,50,50,50,11.187
2150,50,50,50,11.1724
2050,50,50,50,11.1578
1950,50,50,50,11.143
1850,50,50,50,11.1281
1750,50,50,50,11.1131
1650,50,50,50,11.0979
1550,50,50,50,11.0825
1450,50,50,50,11.0669
1350,50,50,50,11.0512
1250,50,50,50,11.0351
1150,50,50,50,11.0189
1050,50,50,50,11.0024
950,50,50,50,10.9856
850,50,50,50,10.9687
750,50,50,50,10.9516
650,50,50,50,10.9345
550,50,50,50,10.9175
450,50,50,50,10.901
350,50,50,50,10.8856
250,50,50,50,10.8723
150,50,50,50,10.8624
50,50,50,50,10.8571
