12750,50,50,50,19.7321
12650,50,50,50,19.7359
12550,50,50,50,19.7408
12450,50,50,50,19.7438
12350,50,50,50,19.7426
12250,50,50,50,19.7356
12150,50,50,50,19.7222
12050,50,50,50,19.702
11950,50,50,50,19.675
11850,50,50,50,19.6417
11750,50,50,50,19.6025
11650,50,50,50,19.558
11550,50,50,50,19.5089
11450,50,50,50,19.4558
11350,50,50,50,19.3995
11250,50,50,50,19.3406
11150,50,50,50,19.2796
11050,50,50,50,19.2171
10950,50,50,50,19.1535
10850,50,50,50,19.0893
10750,50,50,50,19.0249
10650,50,50,50,18.9605
10550,50,50,50,18.8963
10450,50,50,50,18.8327
10350,50,50,50,18.7697
10250,50,50,50,18.7076
10150,50,50,50,18.6464
10050,50,50,50,18.5862
9950,50,50,50,18.5271
9850,50,50,50,18.469
9750,50,50,50,18.4122
9650,50,50,50,18.3564
9550,50,50,50,18.3019
9450,50,50,50,18.2485
9350,50,50,50,18.1962
9250,50,50,50,18.1451
9150,50,50,50,18.0951
9050,50,50,50,18.0462
8950,50,50,50,17.9983
8850,50,50,50,17.9515
8750,50,50,50,17.9057
8650,50,50,50,17.8609
8550,50,50,50,17.817
8450,50,50,50,17.774
8350,50,50,50,17.7319
8250,50,50,50,17.6906
8150,50,50,50,17.6502
8050,50,50,50,17.6105
7950,50,50,50,17.5717
7850,50,50,50,17.5335
7750,50,50,50,17.4961
7650,50,50,50,17.4593
7550,50,50,50,17.4232
7450,50,50,50,17.3877
7350,50,50,50,17.3529
7250,50,50,50,17.3186
7150,50,50,50,17.2849
7050,50,50,50,17.2517
6950,50,50,50,17.219
6850,50,50,50,17.1869
6750,50,50,50,17.1552
6650,50,50,50,17.124
6550,50,50,50,17.0932
6450,50,50,50,17.0629
6350,50,50,50,17.033
6250,50,50,50,17.0034
6150,50,50,50,16.9743
6050,50,50,50,16.9455
5950,50,50,50,16.9171
5850,50,50,50,16.889
5750,50,50,50,16.8613
5650,50,50,50,16.8339
5550,50,50,50,16.8068
5450,50,50,50,16.7799
5350,50,50,50,16.7534
5250,50,50,50,16.7271
5150,50,50,50,16.7011
5050,50,50,50,16.6754
4950,50,50,50,16.6499
4850,50,50,50,16.6246
4750,50,50,50,16.5995
4650,50,50,50,16.5747
4550,50,50,50,16.5501
4450,50,50,50,16.5257
4350,50,50,50,16.5015
4250,50,50,50,16.4775
4150,50,50,50,16.4536
4050,50,50,50,16.4299
3950,50,50,50,16.4064
3850,50,50,50,16.383
3750,50,50,50,16.3598
3650,50,50,50,16.3367
3550,50,50,50,16.3138
3450,50,50,50,16.291
3350,50,50,50,16.2682
3250,50,50,50,16.2456
3150,50,50,50,16.2231
3050,50,50,50,16.2006
2950,50,50,50,16.1782
2850,50,50,50,16.1558
2750,50,50,50,16.1334
2650,50,50,50,16.111
2550,50,50,50,16.0886
2450,50,50,50,16.0661
2350,50,50,50,16.0435
2250,50,50,50,16.0207
2150,50,50,50,15.9977
2050,50,50,50,15.9745
1950,50,50,50,15.9509
1850,50,50,50,15.9269
1750,50,50,50,15.9023
1650,50,50,50,15.8771
1550,50,50,50,15.8511
1450,50,50,50,15.8242
1350,50,50,50,15.7962
1250,50,50,50,15.7669
1150,50,50,50,15.7362
1050,50,50,50,15.7037
950,50,50,50,15.6694
850,50,50,50,15.6331
750,50,50,50,15.5945
650,50,50,50,15.5539
550,50,50,50,15.5113
450,50,50,50,15.4678
350,50,50,50,15.4251
250,50,50,50,15.3868
150,50,50,50,15.3575
50,50,50,50,15.3415
