12750,50,50,50,17.6453
12650,50,50,50,17.6521
12550,50,50,50,17.6638
12450,50,50,50,17.6774
12350,50,50,50,17.6906
12250,50,50,50,17.7016
12150,50,50,50,17.7093
12050,50,50,50,17.7132
11950,50,50,50,17.7129
11850,50,50,50,17.7085
11750,50,50,50,17.7
11650,50,50,50,17.6878
11550,50,50,50,17.6722
11450,50,50,50,17.6536
11350,50,50,50,17.6324
11250,50,50,50,17.6089
11150,50,50,50,17.5835
11050,50,50,50,17.5565
10950,50,50,50,17.5283
10850,50,50,50,17.499
10750,50,50,50,17.4689
10650,50,50,50,17.4383
10550,50,50,50,17.4072
10450,50,50,50,17.3758
10350,50,50,50,17.3443
10250,50,50,50,17.3128
10150,50,50,50,17.2812
10050,50,50,50,17.2498
9950,50,50,50,17.2185
9850,50,50,50,17.1874
9750,50,50,50,17.1566
9650,50,50,50,17.126
9550,50,50,50,17.0956
9450,50,50,50,17.0656
9350,50,50,50,17.0359
9250,50,50,50,17.0064
9150,50,50,50,16.9773
9050,50,50,50,16.9485
8950,50,50,50,16.92
8850,50,50,50,16.8918
8750,50,50,50,16.8639
8650,50,50,50,16.8363
8550,50,50,50,16.809
8450,50,50,50,16.782
8350,50,50,50,16.7552
8250,50,50,50,16.7287
8150,50,50,50,16.7025
8050,50,50,50,16.6766
7950,50,50,50,16.6509
7850,50,50,50,16.6254
7750,50,50,50,16.6001
7650,50,50,50,16.5751
7550,50,50,50,16.5503
7450,50,50,50,16.5258
7350,50,50,50,16.5014
7250,50,50,50,16.4772
7150,50,50,50,16.4532
7050,50,50,50,16.4295
6950,50,50,50,16.4059
6850,50,50,50,16.3824
6750,50,50,50,16.3592
6650,50,50,50,16.3361
6550,50,50,50,16.3132
6450,50,50,50,16.2904
6350,50,50,50,16.2678
6250,50,50,50,16.2453
6150,50,50,50,16.223
6050,50,50,50,16.2008
5950,50,50,50,16.1788
5850,50,50,50,16.1569
5750,50,50,50,16.1351
5650,50,50,50,16.1134
5550,50,50,50,16.0919
5450,50,50,50,16.0705
5350,50,50,50,16.0492
5250,50,50,50,16.028
5150,50,50,50,16.0069
5050,50,50,50,15.986
4950,50,50,50,15.9651
4850,50,50,50,15.9443
4750,50,50,50,15.9236
4650,50,50,50,15.903
4550,50,50,50,15.8826
4450,50,50,50,15.8622
4350,50,50,50,15.8418
4250,50,50,50,15.8216
4150,50,50,50,15.8015
4050,50,50,50,15.7814
3950,50,50,50,15.7614
3850,50,50,50,15.7414
3750,50,50,50,15.7216
3650,50,50,50,15.7017
3550,50,50,50,15.682
3450,50,50,50,15.6623
3350,50,50,50,15.6426
3250,50,50,50,15.6229
3150,50,50,50,15.6033
3050,50,50,50,15.5837
2950,50,50,50,15.5641
2850,50,50,50,15.5445
2750,50,50,50,15.5249
2650,50,50,50,15.5052
2550,50,50,50,15.4855
2450,50,50,50,15.4657
2350,50,50,50,15.4457
2250,50,50,50,15.4256
2150,50,50,50,15.4052
2050,50,50,50,15.3846
1950,50,50,50,15.3637
1850,50,50,50,15.3424
1750,50,50,50,15.3206
1650,50,50,50,15.2983
1550,50,50,50,15.2753
1450,50,50,50,15.2514
1350,50,50,50,15.2267
1250,50,50,50,15.2008
1150,50,50,50,15.1737
1050,50,50,50,15.1452
950,50,50,50,15.115
850,50,50,50,15.0832
750,50,50,50,15.0495
650,50,50,50,15.0141
550,50,50,50,14.9771
450,50,50,50,14.9393
350,50,50,50,14.9024
250,50,50,50,14.8693
150,50,50,50,14.8439
50,50,50,50,14.8301
