12750,50,50,50,15.504
12650,50,50,50,15.5084
12550,50,50,50,15.516
12450,50,50,50,15.5251
12350,50,50,50,15.5343
12250,50,50,50,15.5424
12150,50,50,50,15.5488
12050,50,50,50,15.5532
11950,50,50,50,15.5553
11850,50,50,50,15.5551
11750,50,50,50,15.5526
11650,50,50,50,15.5481
11550,50,50,50,15.5415
11450,50,50,50,15.5333
11350,50,50,50,15.5234
11250,50,50,50,15.5122
11150,50,50,50,15.4998
11050,50,50,50,15.4864
10950,50,50,50,15.4721
10850,50,50,50,15.4571
10750,50,50,50,15.4415
10650,50,50,50,15.4254
10550,50,50,50,15.4088
10450,50,50,50,15.392
10350,50,50,50,15.3748
10250,50,50,50,15.3574
10150,50,50,50,15.3399
10050,50,50,50,15.3222
9950,50,50,50,15.3044
9850,50,50,50,15.2866
9750,50,50,50,15.2687
9650,50,50,50,15.2508
9550,50,50,50,15.2328
9450,50,50,50,15.2149
9350,50,50,50,15.1969
9250,50,50,50,15.179
9150,50,50,50,15.1611
9050,50,50,50,15.1432
8950,50,50,50,15.1253
8850,50,50,50,15.1075
8750,50,50,50,15.0897
8650,50,50,50,15.072
8550,50,50,50,15.0542
8450,50,50,50,15.0366
8350,50,50,50,15.0189
8250,50,50,50,15.0013
8150,50,50,50,14.9838
8050,50,50,50,14.9663
7950,50,50,50,14.9488
7850,50,50,50,14.9314
7750,50,50,50,14.914
7650,50,50,50,14.8967
7550,50,50,50,14.8794
7450,50,50,50,14.8621
7350,50,50,50,14.8449
7250,50,50,50,14.8277
7150,50,50,50,14.8106
7050,50,50,50,14.7935
6950,50,50,50,14.7764
6850,50,50,50,14.7594
6750,50,50,50,14.7424
6650,50,50,50,14.7255
6550,50,50,50,14.7086
6450,50,50,50,14.6918
6350,50,50,50,14.6749
6250,50,50,50,14.6582
6150,50,50,50,14.6414
6050,50,50,50,14.6247
5950,50,50,50,14.608
5850,50,50,50,14.5914
5750,50,50,50,14.5748
5650,50,50,50,14.5582
5550,50,50,50,14.5417
5450,50,50,50,14.5252
5350,50,50,50,14.5088
5250,50,50,50,14.4923
5150,50,50,50,14.4759
5050,50,50,50,14.4596
4950,50,50,50,14.4432
4850,50,50,50,14.4269
4750,50,50,50,14.4106
4650,50,50,50,14.3944
4550,50,50,50,14.3781
4450,50,50,50,14.3619
4350,50,50,50,14.3458
4250,50,50,50,14.3296
4150,50,50,50,14.3135
4050,50,50,50,14.2974
3950,50,50,50,14.2813
3850,50,50,50,14.2653
3750,50,50,50,14.2492
3650,50,50,50,14.2332
3550,50,50,50,14.2172
3450,50,50,50,14.2011
3350,50,50,50,14.1851
3250,50,50,50,14.1691
3150,50,50,50,14.1531
3050,50,50,50,14.1371
2950,50,50,50,14.121
2850,50,50,50,14.1049
2750,50,50,50,14.0888
2650,50,50,50,14.0727
2550,50,50,50,14.0564
2450,50,50,50,14.0401
2350,50,50,50,14.0237
2250,50,50,50,14.0071
2150,50,50,50,13.9904
2050,50,50,50,13.9735
1950,50,50,50,13.9564
1850,50,50,50,13.939
1750,50,50,50,13.9213
1650,50,50,50,13.9031
1550,50,50,50,13.8846
1450,50,50,50,13.8655
1350,50,50,50,13.8458
1250,50,50,50,13.8253
1150,50,50,50,13.8041
1050,50,50,50,13.782
950,50,50,50,13.7589
850,50,50,50,13.7348
750,50,50,50,13.7096
650,50,50,50,13.6833
550,50,50,50,13.6563
450,50,50,50,13.629
350,50,50,50,13.6026
250,50,50,50,13.5791
150,50,50,50,13.5612
50,50,50,50,13.5515
