12750,50,50,50,14.1149
12650,50,50,50,14.1173
12550,50,50,50,14.1215
12450,50,50,50,14.1262
12350,50,50,50,14.1307
12250,50,50,50,14.1342
12150,50,50,50,14.1365
12050,50,50,50,14.1372
11950,50,50,50,14.1363
11850,50,50,50,14.1338
11750,50,50,50,14.1296
11650,50,50,50,14.124
11550,50,50,50,14.1171
11450,50,50,50,14.1089
11350,50,50,50,14.0996
11250,50,50,50,14.0893
11150,50,50,50,14.0782
11050,50,50,50,14.0664
10950,50,50,50,14.054
10850,50,50,50,14.041
10750,50,50,50,14.0277
10650,50,50,50,14.0139
10550,50,50,50,13.9999
10450,50,50,50,13.9856
10350,50,50,50,13.971
10250,50,50,50,13.9564
10150,50,50,50,13.9415
10050,50,50,50,13.9266
9950,50,50,50,13.9116
9850,50,50,50,13.8965
9750,50,50,50,13.8814
9650,50,50,50,13.8662
9550,50,50,50,13.851
9450,50,50,50,13.8358
9350,50,50,50,13.8205
9250,50,50,50,13.8053
9150,50,50,50,13.7901
9050,50,50,50,13.7748
8950,50,50,50,13.7596
8850,50,50,50,13.7444
8750,50,50,50,13.7291
8650,50,50,50,13.7139
8550,50,50,50,13.6987
8450,50,50,50,13.6836
8350,50,50,50,13.6684
8250,50,50,50,13.6533
8150,50,50,50,13.6381
8050,50,50,50,13.623
7950,50,50,50,13.6079
7850,50,50,50,13.5928
7750,50,50,50,13.5778
7650,50,50,50,13.5627
7550,50,50,50,13.5477
7450,50,50,50,13.5327
7350,50,50,50,13.5177
7250,50,50,50,13.5027
7150,50,50,50,13.4878
7050,50,50,50,13.4728
6950,50,50,50,13.4579
6850,50,50,50,13.443
6750,50,50,50,13.4281
6650,50,50,50,13.4132
6550,50,50,50,13.3984
6450,50,50,50,13.3835
6350,50,50,50,13.3687
6250,50,50,50,13.3539
6150,50,50,50,13.3391
6050,50,50,50,13.3243
5950,50,50,50,13.3096
5850,50,50,50,13.2948
5750,50,50,50,13.2801
5650,50,50,50,13.2654
5550,50,50,50,13.2507
5450,50,50,50,13.236
5350,50,50,50,13.2213
5250,50,50,50,13.2067
5150,50,50,50,13.192
5050,50,50,50,13.1774
4950,50,50,50,13.1627
4850,50,50,50,13.1481
4750,50,50,50,13.1335
4650,50,50,50,13.1189
4550,50,50,50,13.1043
4450,50,50,50,13.0898
4350,50,50,50,13.0752
4250,50,50,50,13.0606
4150,50,50,50,13.0461
4050,50,50,50,13.0316
3950,50,50,50,13.017
3850,50,50,50,13.0025
3750,50,50,50,12.9879
3650,50,50,50,12.9734
3550,50,50,50,12.9589
3450,50,50,50,12.9443
3350,50,50,50,12.9298
3250,50,50,50,12.9152
3150,50,50,50,12.9007
3050,50,50,50,12.8861
2950,50,50,50,12.8714
2850,50,50,50,12.8568
2750,50,50,50,12.8421
2650,50,50,50,12.8274
2550,50,50,50,12.8126
2450,50,50,50,12.7977
2350,50,50,50,12.7828
2250,50,50,50,12.7677
2150,50,50,50,12.7526
2050,50,50,50,12.7372
1950,50,50,50,12.7218
1850,50,50,50,12.7061
1750,50,50,50,12.6902
1650,50,50,50,12.674
1550,50,50,50,12.6575
1450,50,50,50,12.6406
1350,50,50,50,12.6234
1250,50,50,50,12.6057
1150,50,50,50,12.5875
1050,50,50,50,12.5687
950,50,50,50,12.5493
850,50,50,50,12.5293
750,50,50,50,12.5088
650,50,50,50,12.4877
550,50,50,50,12.4664
450,50,50,50,12.4451
350,50,50,50,12.4248
250,50,50,50,12.407
150,50,50,50,12.3936
50,50,50,50,12.3863
