12750,50,50,50,16.9814
12650,50,50,50,16.9881
12550,50,50,50,16.9997
12450,50,50,50,17.0136
12350,50,50,50,17.0276
12250,50,50,50,17.0402
12150,50,50,50,17.0502
12050,50,50,50,17.057
11950,50,50,50,17.0605
11850,50,50,50,17.0605
11750,50,50,50,17.0571
11650,50,50,50,17.0505
11550,50,50,50,17.041
11450,50,50,50,17.0289
11350,50,50,50,17.0145
11250,50,50,50,16.998
11150,50,50,50,16.9799
11050,50,50,50,16.9602
10950,50,50,50,16.9393
10850,50,50,50,16.9175
10750,50,50,50,16.8948
10650,50,50,50,16.8714
10550,50,50,50,16.8475
10450,50,50,50,16.8233
10350,50,50,50,16.7988
10250,50,50,50,16.774
10150,50,50,50,16.7492
10050,50,50,50,16.7242
9950,50,50,50,16.6993
9850,50,50,50,16.6743
9750,50,50,50,16.6494
9650,50,50,50,16.6246
9550,50,50,50,16.5999
9450,50,50,50,16.5753
9350,50,50,50,16.5509
9250,50,50,50,16.5265
9150,50,50,50,16.5024
9050,50,50,50,16.4783
8950,50,50,50,16.4544
8850,50,50,50,16.4307
8750,50,50,50,16.4071
8650,50,50,50,16.3837
8550,50,50,50,16.3604
8450,50,50,50,16.3373
8350,50,50,50,16.3143
8250,50,50,50,16.2915
8150,50,50,50,16.2688
8050,50,50,50,16.2463
7950,50,50,50,16.2239
7850,50,50,50,16.2017
7750,50,50,50,16.1795
7650,50,50,50,16.1576
7550,50,50,50,16.1357
7450,50,50,50,16.114
7350,50,50,50,16.0923
7250,50,50,50,16.0708
7150,50,50,50,16.0495
7050,50,50,50,16.0282
6950,50,50,50,16.0071
6850,50,50,50,15.986
6750,50,50,50,15.9651
6650,50,50,50,15.9443
6550,50,50,50,15.9235
6450,50,50,50,15.9029
6350,50,50,50,15.8824
6250,50,50,50,15.8619
6150,50,50,50,15.8416
6050,50,50,50,15.8214
5950,50,50,50,15.8012
5850,50,50,50,15.7811
5750,50,50,50,15.7611
5650,50,50,50,15.7412
5550,50,50,50,15.7214
5450,50,50,50,15.7017
5350,50,50,50,15.682
5250,50,50,50,15.6624
5150,50,50,50,15.6429
5050,50,50,50,15.6235
4950,50,50,50,15.6041
4850,50,50,50,15.5848
4750,50,50,50,15.5656
4650,50,50,50,15.5464
4550,50,50,50,15.5273
4450,50,50,50,15.5083
4350,50,50,50,15.4893
4250,50,50,50,15.4704
4150,50,50,50,15.4515
4050,50,50,50,15.4327
3950,50,50,50,15.414
3850,50,50,50,15.3952
3750,50,50,50,15.3766
3650,50,50,50,15.358
3550,50,50,50,15.3394
3450,50,50,50,15.3208
3350,50,50,50,15.3023
3250,50,50,50,15.2838
3150,50,50,50,15.2653
3050,50,50,50,15.2468
2950,50,50,50,15.2283
2850,50,50,50,15.2098
2750,50,50,50,15.1912
2650,50,50,50,15.1726
2550,50,50,50,15.1539
2450,50,50,50,15.1352
2350,50,50,50,15.1163
2250,50,50,50,15.0972
2150,50,50,50,15.078
2050,50,50,50,15.0585
1950,50,50,50,15.0387
1850,50,50,50,15.0185
1750,50,50,50,14.9979
1650,50,50,50,14.9768
1550,50,50,50,14.9551
1450,50,50,50,14.9326
1350,50,50,50,14.9093
1250,50,50,50,14.885
1150,50,50,50,14.8596
1050,50,50,50,14.8328
950,50,50,50,14.8047
850,50,50,50,14.7749
750,50,50,50,14.7436
650,50,50,50,14.7106
550,50,50,50,14.6763
450,50,50,50,14.6414
350,50,50,50,14.6073
250,50,50,50,14.5767
150,50,50,50,14.5534
50,50,50,50,14.5406
