12750,50,50,50,16.8052
12650,50,50,50,16.8118
12550,50,50,50,16.8231
12450,50,50,50,16.8367
12350,50,50,50,16.8505
12250,50,50,50,16.8629
12150,50,50,50,16.873
12050,50,50,50,16.8801
11950,50,50,50,16.8839
11850,50,50,50,16.8845
11750,50,50,50,16.8818
11650,50,50,50,16.8762
11550,50,50,50,16.8677
11450,50,50,50,16.8567
11350,50,50,50,16.8434
11250,50,50,50,16.8283
11150,50,50,50,16.8114
11050,50,50,50,16.7932
10950,50,50,50,16.7737
10850,50,50,50,16.7533
10750,50,50,50,16.7321
10650,50,50,50,16.7102
10550,50,50,50,16.6878
10450,50,50,50,16.665
10350,50,50,50,16.6419
10250,50,50,50,16.6185
10150,50,50,50,16.595
10050,50,50,50,16.5715
9950,50,50,50,16.5478
9850,50,50,50,16.5242
9750,50,50,50,16.5006
9650,50,50,50,16.477
9550,50,50,50,16.4535
9450,50,50,50,16.4301
9350,50,50,50,16.4068
9250,50,50,50,16.3835
9150,50,50,50,16.3604
9050,50,50,50,16.3374
8950,50,50,50,16.3146
8850,50,50,50,16.2918
8750,50,50,50,16.2692
8650,50,50,50,16.2467
8550,50,50,50,16.2244
8450,50,50,50,16.2021
8350,50,50,50,16.18
8250,50,50,50,16.158
8150,50,50,50,16.1362
8050,50,50,50,16.1144
7950,50,50,50,16.0928
7850,50,50,50,16.0713
7750,50,50,50,16.0499
7650,50,50,50,16.0286
7550,50,50,50,16.0074
7450,50,50,50,15.9864
7350,50,50,50,15.9654
7250,50,50,50,15.9446
7150,50,50,50,15.9238
7050,50,50,50,15.9032
6950,50,50,50,15.8826
6850,50,50,50,15.8622
6750,50,50,50,15.8418
6650,50,50,50,15.8215
6550,50,50,50,15.8013
6450,50,50,50,15.7813
6350,50,50,50,15.7612
6250,50,50,50,15.7413
6150,50,50,50,15.7215
6050,50,50,50,15.7017
5950,50,50,50,15.682
5850,50,50,50,15.6624
5750,50,50,50,15.6429
5650,50,50,50,15.6235
5550,50,50,50,15.6041
5450,50,50,50,15.5848
5350,50,50,50,15.5656
5250,50,50,50,15.5464
5150,50,50,50,15.5273
5050,50,50,50,15.5083
4950,50,50,50,15.4893
4850,50,50,50,15.4704
4750,50,50,50,15.4516
4650,50,50,50,15.4328
4550,50,50,50,15.414
4450,50,50,50,15.3954
4350,50,50,50,15.3768
4250,50,50,50,15.3582
4150,50,50,50,15.3397
4050,50,50,50,15.3212
3950,50,50,50,15.3028
3850,50,50,50,15.2845
3750,50,50,50,15.2661
3650,50,50,50,15.2478
3550,50,50,50,15.2296
3450,50,50,50,15.2113
3350,50,50,50,15.1931
3250,50,50,50,15.1749
3150,50,50,50,15.1567
3050,50,50,50,15.1386
2950,50,50,50,15.1204
2850,50,50,50,15.1021
2750,50,50,50,15.0839
2650,50,50,50,15.0656
2550,50,50,50,15.0472
2450,50,50,50,15.0288
2350,50,50,50,15.0102
2250,50,50,50,14.9914
2150,50,50,50,14.9725
2050,50,50,50,14.9533
1950,50,50,50,14.9338
1850,50,50,50,14.914
1750,50,50,50,14.8938
1650,50,50,50,14.873
1550,50,50,50,14.8517
1450,50,50,50,14.8296
1350,50,50,50,14.8067
1250,50,50,50,14.7829
1150,50,50,50,14.7579
1050,50,50,50,14.7317
950,50,50,50,14.7041
850,50,50,50,14.675
750,50,50,50,14.6444
650,50,50,50,14.6122
550,50,50,50,14.5787
450,50,50,50,14.5446
350,50,50,50,14.5113
250,50,50,50,14.4816
150,50,50,50,14.4588
50,50,50,50,14.4464
