12750,50,50,50,-87.9694
12650,50,50,50,-87.9694
12550,50,50,50,-87.9694
12450,50,50,50,-87.9694
12350,50,50,50,-87.9694
12250,50,50,50,-87.9694
12150,50,50,50,-87.9694
12050,50,50,50,-87.9694
11950,50,50,50,-87.9694
11850,50,50,50,-87.9694
11750,50,50,50,-87.9694
11650,50,50,50,-87.9694
11550,50,50,50,-87.9694
11450,50,50,50,-87.9694
11350,50,50,50,-87.9694
11250,50,50,50,-87.9694
11150,50,50,50,-87.9694
11050,50,50,50,-87.9694
10950,50,50,50,-87.9694
10850,50,50,50,-87.9694
10750,50,50,50,-87.9694
10650,50,50,50,-87.9694
10550,50,50,50,-87.9694
10450,50,50,50,-87.9694
10350,50,50,50,-87.9694
10250,50,50,50,-87.9694
10150,50,50,50,-87.9694
10050,50,50,50,-87.9694
9950,50,50,50,-87.9694
9850,50,50,50,-87.9694
9750,50,50,50,-87.9694
9650,50,50,50,-87.9694
9550,50,50,50,-87.9694
9450,50,50,50,-87.9694
9350,50,50,50,-87.9694
9250,50,50,50,-87.9694
9150,50,50,50,-87.9694
9050,50,50,50,-87.9694
8950,50,50,50,-87.9694
8850,50,50,50,-87.9694
8750,50,50,50,-87.9694
8650,50,50,50,-87.9694
8550,50,50,50,-87.9694
8450,50,50,50,-87.9694
8350,50,50,50,-87.9694
8250,50,50,50,-87.9694
8150,50,50,50,-87.9694
8050,50,50,50,-87.9694
7950,50,50,50,-87.9694
7850,50,50,50,-87.9694
7750,50,50,50,-87.9694
7650,50,50,50,-87.9694
7550,50,50,50,-87.9694
7450,50,50,50,-87.9694
7350,50,50,50,-87.9694
7250,50,50,50,-87.9694
7150,50,50,50,-87.9694
7050,50,50,50,-87.9694
6950,50,50,50,-87.9694
6850,50,50,50,-87.9694
6750,50,50,50,-87.9694
6650,50,50,50,-87.9694
6550,50,50,50,-87.9694
6450,50,50,50,-87.9694
6350,50,50,50,-87.9694
6250,50,50,50,-87.9694
6150,50,50,50,-87.9694
6050,50,50,50,-87.9694
5950,50,50,50,-87.9694
5850,50,50,50,-87.9694
5750,50,50,50,-87.9694
5650,50,50,50,-87.9694
5550,50,50,50,-87.9694
5450,50,50,50,-87.9694
5350,50,50,50,-87.9693
5250,50,50,50,-87.9693
5150,50,50,50,-87.9692
5050,50,50,50,-87.969
4950,50,50,50,-87.9686
4850,50,50,50,-87.968
4750,50,50,50,-87.9669
4650,50,50,50,-87.9649
4550,50,50,50,-87.9613
4450,50,50,50,-87.9547
4350,50,50,50,-87.9428
4250,50,50,50,-87.921
4150,50,50,50,-87.8814
4050,50,50,50,-87.8093
3950,50,50,50,-87.6778
3850,50,50,50,-87.438
3750,50,50,50,-87.0012
3650,50,50,50,-86.2059
3550,50,50,50,-84.76
3450,50,50,50,-82.1353
3350,50,50,50,-77.3779
3250,50,50,50,-68.7739
3150,50,50,50,-53.3057
3050,50,50,50,-26.1156
2950,50,50,50,7.33193
2850,50,50,50,18.1135
2750,50,50,50,21.7078
2650,50,50,50,23.3644
2550,50,50,50,24.443
2450,50,50,50,25.3064
2350,50,50,50,26.0558
2250,50,50,50,26.7218
2150,50,50,50,27.3166
2050,50,50,50,27.8475
1950,50,50,50,28.3203
1850,50,50,50,28.74
1750,50,50,50,29.1111
1650,50,50,50,29.4374
1550,50,50,50,29.722
1450,50,50,50,29.9673
1350,50,50,50,30.1751
1250,50,50,50,30.3462
1150,50,50,50,30.4807
1050,50,50,50,30.5782
950,50,50,50,30.6378
850,50,50,50,30.6582
750,50,50,50,30.6385
650,50,50,50,30.5785
550,50,50,50,30.4794
450,50,50,50,30.3454
350,50,50,50,30.1877
250,50,50,50,30.0276
150,50,50,50,29.895
50,50,50,50,29.8195
