12750,50,50,50,24.8497
12650,50,50,50,24.8411
12550,50,50,50,24.8203
12450,50,50,50,24.7842
12350,50,50,50,24.7317
12250,50,50,50,24.6626
12150,50,50,50,24.5775
12050,50,50,50,24.4773
11950,50,50,50,24.3633
11850,50,50,50,24.2369
11750,50,50,50,24.0997
11650,50,50,50,23.9533
11550,50,50,50,23.7994
11450,50,50,50,23.6397
11350,50,50,50,23.4757
11250,50,50,50,23.3088
11150,50,50,50,23.1402
11050,50,50,50,22.9712
10950,50,50,50,22.8026
10850,50,50,50,22.6353
10750,50,50,50,22.4699
10650,50,50,50,22.307
10550,50,50,50,22.1471
10450,50,50,50,21.9904
10350,50,50,50,21.8372
10250,50,50,50,21.6876
10150,50,50,50,21.5418
10050,50,50,50,21.3998
9950,50,50,50,21.2616
9850,50,50,50,21.1272
9750,50,50,50,20.9965
9650,50,50,50,20.8695
9550,50,50,50,20.746
9450,50,50,50,20.6261
9350,50,50,50,20.5096
9250,50,50,50,20.3964
9150,50,50,50,20.2865
9050,50,50,50,20.1797
8950,50,50,50,20.0759
8850,50,50,50,19.975
8750,50,50,50,19.877
8650,50,50,50,19.7818
8550,50,50,50,19.6892
8450,50,50,50,19.5992
8350,50,50,50,19.5117
8250,50,50,50,19.4266
8150,50,50,50,19.3439
8050,50,50,50,19.2634
7950,50,50,50,19.1851
7850,50,50,50,19.109
7750,50,50,50,19.0349
7650,50,50,50,18.9628
7550,50,50,50,18.8926
7450,50,50,50,18.8243
7350,50,50,50,18.7578
7250,50,50,50,18.693
7150,50,50,50,18.6299
7050,50,50,50,18.5684
6950,50,50,50,18.5085
6850,50,50,50,18.45
6750,50,50,50,18.393
6650,50,50,50,18.3375
6550,50,50,50,18.2833
6450,50,50,50,18.2303
6350,50,50,50,18.1787
6250,50,50,50,18.1282
6150,50,50,50,18.079
6050,50,50,50,18.0308
5950,50,50,50,17.9838
5850,50,50,50,17.9377
5750,50,50,50,17.8927
5650,50,50,50,17.8487
5550,50,50,50,17.8056
5450,50,50,50,17.7633
5350,50,50,50,17.722
5250,50,50,50,17.6815
5150,50,50,50,17.6417
5050,50,50,50,17.6028
4950,50,50,50,17.5645
4850,50,50,50,17.527
4750,50,50,50,17.4902
4650,50,50,50,17.454
4550,50,50,50,17.4184
4450,50,50,50,17.3834
4350,50,50,50,17.3491
4250,50,50,50,17.3152
4150,50,50,50,17.2819
4050,50,50,50,17.2491
3950,50,50,50,17.2168
3850,50,50,50,17.1849
3750,50,50,50,17.1535
3650,50,50,50,17.1225
3550,50,50,50,17.0919
3450,50,50,50,17.0617
3350,50,50,50,17.0318
3250,50,50,50,17.0023
3150,50,50,50,16.973
3050,50,50,50,16.944
2950,50,50,50,16.9153
2850,50,50,50,16.8868
2750,50,50,50,16.8585
2650,50,50,50,16.8303
2550,50,50,50,16.8022
2450,50,50,50,16.7742
2350,50,50,50,16.7462
2250,50,50,50,16.7181
2150,50,50,50,16.6899
2050,50,50,50,16.6615
1950,50,50,50,16.6328
1850,50,50,50,16.6036
1750,50,50,50,16.574
1650,50,50,50,16.5437
1550,50,50,50,16.5125
1450,50,50,50,16.4803
1350,50,50,50,16.447
1250,50,50,50,16.4121
1150,50,50,50,16.3756
1050,50,50,50,16.3372
950,50,50,50,16.2965
850,50,50,50,16.2535
750,50,50,50,16.208
650,50,50,50,16.1599
550,50,50,50,16.1097
450,50,50,50,16.0582
350,50,50,50,16.0079
250,50,50,50,15.9627
150,50,50,50,15.9281
50,50,50,50,15.9092
