12750,50,50,50,15.9655
12650,50,50,50,15.9707
12550,50,50,50,15.9797
12450,50,50,50,15.9906
12350,50,50,50,16.0016
12250,50,50,50,16.0116
12150,50,50,50,16.0197
12050,50,50,50,16.0255
11950,50,50,50,16.0287
11850,50,50,50,16.0293
11750,50,50,50,16.0273
11650,50,50,50,16.023
11550,50,50,50,16.0164
11450,50,50,50,16.0079
11350,50,50,50,15.9976
11250,50,50,50,15.9857
11150,50,50,50,15.9724
11050,50,50,50,15.958
10950,50,50,50,15.9426
10850,50,50,50,15.9264
10750,50,50,50,15.9096
10650,50,50,50,15.8921
10550,50,50,50,15.8742
10450,50,50,50,15.8559
10350,50,50,50,15.8373
10250,50,50,50,15.8185
10150,50,50,50,15.7995
10050,50,50,50,15.7803
9950,50,50,50,15.7611
9850,50,50,50,15.7418
9750,50,50,50,15.7224
9650,50,50,50,15.703
9550,50,50,50,15.6836
9450,50,50,50,15.6642
9350,50,50,50,15.6449
9250,50,50,50,15.6255
9150,50,50,50,15.6062
9050,50,50,50,15.5869
8950,50,50,50,15.5677
8850,50,50,50,15.5485
8750,50,50,50,15.5294
8650,50,50,50,15.5103
8550,50,50,50,15.4913
8450,50,50,50,15.4724
8350,50,50,50,15.4535
8250,50,50,50,15.4346
8150,50,50,50,15.4159
8050,50,50,50,15.3971
7950,50,50,50,15.3785
7850,50,50,50,15.3599
7750,50,50,50,15.3413
7650,50,50,50,15.3228
7550,50,50,50,15.3044
7450,50,50,50,15.286
7350,50,50,50,15.2677
7250,50,50,50,15.2494
7150,50,50,50,15.2312
7050,50,50,50,15.213
6950,50,50,50,15.1949
6850,50,50,50,15.1769
6750,50,50,50,15.1589
6650,50,50,50,15.1409
6550,50,50,50,15.123
6450,50,50,50,15.1052
6350,50,50,50,15.0874
6250,50,50,50,15.0697
6150,50,50,50,15.052
6050,50,50,50,15.0343
5950,50,50,50,15.0167
5850,50,50,50,14.9991
5750,50,50,50,14.9816
5650,50,50,50,14.9642
5550,50,50,50,14.9467
5450,50,50,50,14.9294
5350,50,50,50,14.912
5250,50,50,50,14.8947
5150,50,50,50,14.8775
5050,50,50,50,14.8603
4950,50,50,50,14.8431
4850,50,50,50,14.826
4750,50,50,50,14.8089
4650,50,50,50,14.7918
4550,50,50,50,14.7748
4450,50,50,50,14.7578
4350,50,50,50,14.7408
4250,50,50,50,14.7239
4150,50,50,50,14.707
4050,50,50,50,14.6902
3950,50,50,50,14.6733
3850,50,50,50,14.6565
3750,50,50,50,14.6397
3650,50,50,50,14.623
3550,50,50,50,14.6062
3450,50,50,50,14.5895
3350,50,50,50,14.5728
3250,50,50,50,14.5561
3150,50,50,50,14.5393
3050,50,50,50,14.5226
2950,50,50,50,14.5059
2850,50,50,50,14.4891
2750,50,50,50,14.4723
2650,50,50,50,14.4554
2550,50,50,50,14.4385
2450,50,50,50,14.4214
2350,50,50,50,14.4043
2250,50,50,50,14.387
2150,50,50,50,14.3696
2050,50,50,50,14.352
1950,50,50,50,14.3341
1850,50,50,50,14.3158
1750,50,50,50,14.2973
1650,50,50,50,14.2783
1550,50,50,50,14.2588
1450,50,50,50,14.2387
1350,50,50,50,14.2179
1250,50,50,50,14.1963
1150,50,50,50,14.1738
1050,50,50,50,14.1503
950,50,50,50,14.1257
850,50,50,50,14.0998
750,50,50,50,14.0727
650,50,50,50,14.0444
550,50,50,50,14.0151
450,50,50,50,13.9854
350,50,50,50,13.9566
250,50,50,50,13.9309
150,50,50,50,13.9113
50,50,50,50,13.9006
