12750,50,50,50,17.1763
12650,50,50,50,17.1832
12550,50,50,50,17.1949
12450,50,50,50,17.209
12350,50,50,50,17.223
12250,50,50,50,17.2354
12150,50,50,50,17.2451
12050,50,50,50,17.2514
11950,50,50,50,17.2542
11850,50,50,50,17.2532
11750,50,50,50,17.2487
11650,50,50,50,17.2409
11550,50,50,50,17.23
11450,50,50,50,17.2163
11350,50,50,50,17.2002
11250,50,50,50,17.1821
11150,50,50,50,17.1621
11050,50,50,50,17.1406
10950,50,50,50,17.1179
10850,50,50,50,17.0942
10750,50,50,50,17.0696
10650,50,50,50,17.0444
10550,50,50,50,17.0187
10450,50,50,50,16.9926
10350,50,50,50,16.9663
10250,50,50,50,16.9398
10150,50,50,50,16.9132
10050,50,50,50,16.8866
9950,50,50,50,16.86
9850,50,50,50,16.8334
9750,50,50,50,16.807
9650,50,50,50,16.7806
9550,50,50,50,16.7545
9450,50,50,50,16.7284
9350,50,50,50,16.7026
9250,50,50,50,16.6769
9150,50,50,50,16.6514
9050,50,50,50,16.6261
8950,50,50,50,16.601
8850,50,50,50,16.576
8750,50,50,50,16.5513
8650,50,50,50,16.5267
8550,50,50,50,16.5024
8450,50,50,50,16.4782
8350,50,50,50,16.4542
8250,50,50,50,16.4304
8150,50,50,50,16.4068
8050,50,50,50,16.3833
7950,50,50,50,16.36
7850,50,50,50,16.3368
7750,50,50,50,16.3139
7650,50,50,50,16.291
7550,50,50,50,16.2684
7450,50,50,50,16.2458
7350,50,50,50,16.2235
7250,50,50,50,16.2012
7150,50,50,50,16.1791
7050,50,50,50,16.1572
6950,50,50,50,16.1353
6850,50,50,50,16.1136
6750,50,50,50,16.092
6650,50,50,50,16.0706
6550,50,50,50,16.0492
6450,50,50,50,16.028
6350,50,50,50,16.0068
6250,50,50,50,15.9858
6150,50,50,50,15.9649
6050,50,50,50,15.9441
5950,50,50,50,15.9234
5850,50,50,50,15.9028
5750,50,50,50,15.8823
5650,50,50,50,15.8619
5550,50,50,50,15.8416
5450,50,50,50,15.8213
5350,50,50,50,15.8012
5250,50,50,50,15.7811
5150,50,50,50,15.7612
5050,50,50,50,15.7413
4950,50,50,50,15.7215
4850,50,50,50,15.7017
4750,50,50,50,15.6821
4650,50,50,50,15.6625
4550,50,50,50,15.643
4450,50,50,50,15.6235
4350,50,50,50,15.6042
4250,50,50,50,15.5849
4150,50,50,50,15.5656
4050,50,50,50,15.5464
3950,50,50,50,15.5273
3850,50,50,50,15.5082
3750,50,50,50,15.4892
3650,50,50,50,15.4702
3550,50,50,50,15.4512
3450,50,50,50,15.4323
3350,50,50,50,15.4135
3250,50,50,50,15.3946
3150,50,50,50,15.3758
3050,50,50,50,15.3569
2950,50,50,50,15.3381
2850,50,50,50,15.3193
2750,50,50,50,15.3004
2650,50,50,50,15.2814
2550,50,50,50,15.2624
2450,50,50,50,15.2433
2350,50,50,50,15.2241
2250,50,50,50,15.2047
2150,50,50,50,15.1852
2050,50,50,50,15.1653
1950,50,50,50,15.1452
1850,50,50,50,15.1247
1750,50,50,50,15.1037
1650,50,50,50,15.0822
1550,50,50,50,15.0601
1450,50,50,50,15.0372
1350,50,50,50,15.0134
1250,50,50,50,14.9887
1150,50,50,50,14.9627
1050,50,50,50,14.9354
950,50,50,50,14.9066
850,50,50,50,14.8762
750,50,50,50,14.8441
650,50,50,50,14.8104
550,50,50,50,14.7752
450,50,50,50,14.7393
350,50,50,50,14.7043
250,50,50,50,14.673
150,50,50,50,14.649
50,50,50,50,14.6359
