12750,50,50,50,14.7779
12650,50,50,50,14.7812
12550,50,50,50,14.7868
12450,50,50,50,14.7934
12350,50,50,50,14.7999
12250,50,50,50,14.8054
12150,50,50,50,14.8094
12050,50,50,50,14.8117
11950,50,50,50,14.8121
11850,50,50,50,14.8106
11750,50,50,50,14.8072
11650,50,50,50,14.8021
11550,50,50,50,14.7954
11450,50,50,50,14.7872
11350,50,50,50,14.7777
11250,50,50,50,14.7671
11150,50,50,50,14.7555
11050,50,50,50,14.7431
10950,50,50,50,14.73
10850,50,50,50,14.7162
10750,50,50,50,14.702
10650,50,50,50,14.6873
10550,50,50,50,14.6723
10450,50,50,50,14.657
10350,50,50,50,14.6414
10250,50,50,50,14.6257
10150,50,50,50,14.6098
10050,50,50,50,14.5938
9950,50,50,50,14.5777
9850,50,50,50,14.5615
9750,50,50,50,14.5453
9650,50,50,50,14.5291
9550,50,50,50,14.5128
9450,50,50,50,14.4965
9350,50,50,50,14.4802
9250,50,50,50,14.4639
9150,50,50,50,14.4476
9050,50,50,50,14.4313
8950,50,50,50,14.4151
8850,50,50,50,14.3988
8750,50,50,50,14.3826
8650,50,50,50,14.3664
8550,50,50,50,14.3502
8450,50,50,50,14.334
8350,50,50,50,14.3179
8250,50,50,50,14.3018
8150,50,50,50,14.2857
8050,50,50,50,14.2697
7950,50,50,50,14.2536
7850,50,50,50,14.2376
7750,50,50,50,14.2217
7650,50,50,50,14.2057
7550,50,50,50,14.1898
7450,50,50,50,14.1739
7350,50,50,50,14.158
7250,50,50,50,14.1422
7150,50,50,50,14.1264
7050,50,50,50,14.1106
6950,50,50,50,14.0948
6850,50,50,50,14.0791
6750,50,50,50,14.0634
6650,50,50,50,14.0477
6550,50,50,50,14.032
6450,50,50,50,14.0164
6350,50,50,50,14.0008
6250,50,50,50,13.9852
6150,50,50,50,13.9697
6050,50,50,50,13.9541
5950,50,50,50,13.9386
5850,50,50,50,13.9231
5750,50,50,50,13.9077
5650,50,50,50,13.8922
5550,50,50,50,13.8768
5450,50,50,50,13.8614
5350,50,50,50,13.846
5250,50,50,50,13.8307
5150,50,50,50,13.8153
5050,50,50,50,13.8
4950,50,50,50,13.7847
4850,50,50,50,13.7694
4750,50,50,50,13.7542
4650,50,50,50,13.7389
4550,50,50,50,13.7237
4450,50,50,50,13.7085
4350,50,50,50,13.6933
4250,50,50,50,13.6781
4150,50,50,50,13.6629
4050,50,50,50,13.6478
3950,50,50,50,13.6326
3850,50,50,50,13.6175
3750,50,50,50,13.6024
3650,50,50,50,13.5873
3550,50,50,50,13.5721
3450,50,50,50,13.557
3350,50,50,50,13.5419
3250,50,50,50,13.5268
3150,50,50,50,13.5116
3050,50,50,50,13.4965
2950,50,50,50,13.4813
2850,50,50,50,13.4661
2750,50,50,50,13.4509
2650,50,50,50,13.4356
2550,50,50,50,13.4202
2450,50,50,50,13.4048
2350,50,50,50,13.3892
2250,50,50,50,13.3736
2150,50,50,50,13.3578
2050,50,50,50,13.3419
1950,50,50,50,13.3257
1850,50,50,50,13.3094
1750,50,50,50,13.2927
1650,50,50,50,13.2757
1550,50,50,50,13.2584
1450,50,50,50,13.2406
1350,50,50,50,13.2223
1250,50,50,50,13.2035
1150,50,50,50,13.184
1050,50,50,50,13.1638
950,50,50,50,13.1429
850,50,50,50,13.1211
750,50,50,50,13.0985
650,50,50,50,13.0752
550,50,50,50,13.0514
450,50,50,50,13.0275
350,50,50,50,13.0045
250,50,50,50,12.9842
150,50,50,50,12.9688
50,50,50,50,12.9605
