12750,50,50,50,14.0239
12650,50,50,50,14.0262
12550,50,50,50,14.0301
12450,50,50,50,14.0347
12350,50,50,50,14.0389
12250,50,50,50,14.0422
12150,50,50,50,14.0442
12050,50,50,50,14.0448
11950,50,50,50,14.0437
11850,50,50,50,14.041
11750,50,50,50,14.0368
11650,50,50,50,14.0311
11550,50,50,50,14.0241
11450,50,50,50,14.0159
11350,50,50,50,14.0067
11250,50,50,50,13.9964
11150,50,50,50,13.9854
11050,50,50,50,13.9737
10950,50,50,50,13.9613
10850,50,50,50,13.9485
10750,50,50,50,13.9352
10650,50,50,50,13.9215
10550,50,50,50,13.9076
10450,50,50,50,13.8934
10350,50,50,50,13.879
10250,50,50,50,13.8644
10150,50,50,50,13.8497
10050,50,50,50,13.8349
9950,50,50,50,13.82
9850,50,50,50,13.8051
9750,50,50,50,13.7901
9650,50,50,50,13.775
9550,50,50,50,13.7599
9450,50,50,50,13.7448
9350,50,50,50,13.7297
9250,50,50,50,13.7146
9150,50,50,50,13.6994
9050,50,50,50,13.6843
8950,50,50,50,13.6692
8850,50,50,50,13.6541
8750,50,50,50,13.639
8650,50,50,50,13.6239
8550,50,50,50,13.6088
8450,50,50,50,13.5937
8350,50,50,50,13.5787
8250,50,50,50,13.5636
8150,50,50,50,13.5486
8050,50,50,50,13.5336
7950,50,50,50,13.5186
7850,50,50,50,13.5036
7750,50,50,50,13.4887
7650,50,50,50,13.4737
7550,50,50,50,13.4588
7450,50,50,50,13.4439
7350,50,50,50,13.429
7250,50,50,50,13.4141
7150,50,50,50,13.3993
7050,50,50,50,13.3844
6950,50,50,50,13.3696
6850,50,50,50,13.3548
6750,50,50,50,13.34
6650,50,50,50,13.3252
6550,50,50,50,13.3104
6450,50,50,50,13.2957
6350,50,50,50,13.2809
6250,50,50,50,13.2662
6150,50,50,50,13.2515
6050,50,50,50,13.2368
5950,50,50,50,13.2221
5850,50,50,50,13.2075
5750,50,50,50,13.1928
5650,50,50,50,13.1782
5550,50,50,50,13.1636
5450,50,50,50,13.1489
5350,50,50,50,13.1343
5250,50,50,50,13.1198
5150,50,50,50,13.1052
5050,50,50,50,13.0906
4950,50,50,50,13.0761
4850,50,50,50,13.0615
4750,50,50,50,13.047
4650,50,50,50,13.0325
4550,50,50,50,13.0179
4450,50,50,50,13.0034
4350,50,50,50,12.9889
4250,50,50,50,12.9745
4150,50,50,50,12.96
4050,50,50,50,12.9455
3950,50,50,50,12.931
3850,50,50,50,12.9165
3750,50,50,50,12.9021
3650,50,50,50,12.8876
3550,50,50,50,12.8731
3450,50,50,50,12.8587
3350,50,50,50,12.8442
3250,50,50,50,12.8297
3150,50,50,50,12.8152
3050,50,50,50,12.8006
2950,50,50,50,12.7861
2850,50,50,50,12.7715
2750,50,50,50,12.7569
2650,50,50,50,12.7422
2550,50,50,50,12.7275
2450,50,50,50,12.7126
2350,50,50,50,12.6978
2250,50,50,50,12.6828
2150,50,50,50,12.6677
2050,50,50,50,12.6524
1950,50,50,50,12.637
1850,50,50,50,12.6214
1750,50,50,50,12.6056
1650,50,50,50,12.5895
1550,50,50,50,12.5731
1450,50,50,50,12.5564
1350,50,50,50,12.5392
1250,50,50,50,12.5216
1150,50,50,50,12.5036
1050,50,50,50,12.485
950,50,50,50,12.4658
850,50,50,50,12.446
750,50,50,50,12.4257
650,50,50,50,12.4049
550,50,50,50,12.3839
450,50,50,50,12.3629
350,50,50,50,12.343
250,50,50,50,12.3255
150,50,50,50,12.3123
50,50,50,50,12.3052
