12750,50,50,50,14.4877
12650,50,50,50,14.4906
12550,50,50,50,14.4955
12450,50,50,50,14.5012
12350,50,50,50,14.5068
12250,50,50,50,14.5114
12150,50,50,50,14.5146
12050,50,50,50,14.5162
11950,50,50,50,14.516
11850,50,50,50,14.514
11750,50,50,50,14.5102
11650,50,50,50,14.5049
11550,50,50,50,14.4981
11450,50,50,50,14.4899
11350,50,50,50,14.4805
11250,50,50,50,14.4701
11150,50,50,50,14.4587
11050,50,50,50,14.4466
10950,50,50,50,14.4338
10850,50,50,50,14.4205
10750,50,50,50,14.4066
10650,50,50,50,14.3924
10550,50,50,50,14.3778
10450,50,50,50,14.363
10350,50,50,50,14.3479
10250,50,50,50,14.3327
10150,50,50,50,14.3173
10050,50,50,50,14.3019
9950,50,50,50,14.2863
9850,50,50,50,14.2706
9750,50,50,50,14.2549
9650,50,50,50,14.2392
9550,50,50,50,14.2234
9450,50,50,50,14.2077
9350,50,50,50,14.1919
9250,50,50,50,14.1761
9150,50,50,50,14.1603
9050,50,50,50,14.1445
8950,50,50,50,14.1288
8850,50,50,50,14.113
8750,50,50,50,14.0973
8650,50,50,50,14.0815
8550,50,50,50,14.0658
8450,50,50,50,14.0501
8350,50,50,50,14.0345
8250,50,50,50,14.0188
8150,50,50,50,14.0032
8050,50,50,50,13.9876
7950,50,50,50,13.972
7850,50,50,50,13.9565
7750,50,50,50,13.9409
7650,50,50,50,13.9254
7550,50,50,50,13.9099
7450,50,50,50,13.8945
7350,50,50,50,13.879
7250,50,50,50,13.8636
7150,50,50,50,13.8482
7050,50,50,50,13.8328
6950,50,50,50,13.8175
6850,50,50,50,13.8021
6750,50,50,50,13.7868
6650,50,50,50,13.7715
6550,50,50,50,13.7562
6450,50,50,50,13.741
6350,50,50,50,13.7258
6250,50,50,50,13.7106
6150,50,50,50,13.6954
6050,50,50,50,13.6802
5950,50,50,50,13.665
5850,50,50,50,13.6499
5750,50,50,50,13.6348
5650,50,50,50,13.6197
5550,50,50,50,13.6046
5450,50,50,50,13.5896
5350,50,50,50,13.5745
5250,50,50,50,13.5595
5150,50,50,50,13.5445
5050,50,50,50,13.5295
4950,50,50,50,13.5145
4850,50,50,50,13.4996
4750,50,50,50,13.4846
4650,50,50,50,13.4697
4550,50,50,50,13.4548
4450,50,50,50,13.4399
4350,50,50,50,13.425
4250,50,50,50,13.4101
4150,50,50,50,13.3952
4050,50,50,50,13.3804
3950,50,50,50,13.3655
3850,50,50,50,13.3507
3750,50,50,50,13.3359
3650,50,50,50,13.321
3550,50,50,50,13.3062
3450,50,50,50,13.2913
3350,50,50,50,13.2765
3250,50,50,50,13.2617
3150,50,50,50,13.2468
3050,50,50,50,13.2319
2950,50,50,50,13.217
2850,50,50,50,13.2021
2750,50,50,50,13.1871
2650,50,50,50,13.1721
2550,50,50,50,13.157
2450,50,50,50,13.1418
2350,50,50,50,13.1266
2250,50,50,50,13.1112
2150,50,50,50,13.0957
2050,50,50,50,13.0801
1950,50,50,50,13.0643
1850,50,50,50,13.0482
1750,50,50,50,13.0319
1650,50,50,50,13.0154
1550,50,50,50,12.9984
1450,50,50,50,12.9811
1350,50,50,50,12.9633
1250,50,50,50,12.945
1150,50,50,50,12.9261
1050,50,50,50,12.9065
950,50,50,50,12.8863
850,50,50,50,12.8654
750,50,50,50,12.8437
650,50,50,50,12.8215
550,50,50,50,12.7988
450,50,50,50,12.7761
350,50,50,50,12.7544
250,50,50,50,12.7352
150,50,50,50,12.7207
50,50,50,50,12.7128
