12750,50,50,50,21.2536
12650,50,50,50,21.2537
12550,50,50,50,21.2513
12450,50,50,50,21.2431
12350,50,50,50,21.2271
12250,50,50,50,21.2025
12150,50,50,50,21.1687
12050,50,50,50,21.1259
11950,50,50,50,21.0744
11850,50,50,50,21.0149
11750,50,50,50,20.9482
11650,50,50,50,20.8751
11550,50,50,50,20.7966
11450,50,50,50,20.7135
11350,50,50,50,20.6268
11250,50,50,50,20.5374
11150,50,50,50,20.4458
11050,50,50,50,20.353
10950,50,50,50,20.2594
10850,50,50,50,20.1657
10750,50,50,50,20.0721
10650,50,50,50,19.9793
10550,50,50,50,19.8873
10450,50,50,50,19.7966
10350,50,50,50,19.7073
10250,50,50,50,19.6196
10150,50,50,50,19.5336
10050,50,50,50,19.4494
9950,50,50,50,19.367
9850,50,50,50,19.2866
9750,50,50,50,19.208
9650,50,50,50,19.1314
9550,50,50,50,19.0567
9450,50,50,50,18.9839
9350,50,50,50,18.9129
9250,50,50,50,18.8437
9150,50,50,50,18.7763
9050,50,50,50,18.7107
8950,50,50,50,18.6467
8850,50,50,50,18.5843
8750,50,50,50,18.5236
8650,50,50,50,18.4643
8550,50,50,50,18.4066
8450,50,50,50,18.3502
8350,50,50,50,18.2953
8250,50,50,50,18.2417
8150,50,50,50,18.1893
8050,50,50,50,18.1382
7950,50,50,50,18.0883
7850,50,50,50,18.0396
7750,50,50,50,17.9919
7650,50,50,50,17.9453
7550,50,50,50,17.8998
7450,50,50,50,17.8552
7350,50,50,50,17.8116
7250,50,50,50,17.7689
7150,50,50,50,17.7271
7050,50,50,50,17.6861
6950,50,50,50,17.646
6850,50,50,50,17.6066
6750,50,50,50,17.568
6650,50,50,50,17.5301
6550,50,50,50,17.4929
6450,50,50,50,17.4564
6350,50,50,50,17.4205
6250,50,50,50,17.3853
6150,50,50,50,17.3507
6050,50,50,50,17.3166
5950,50,50,50,17.2831
5850,50,50,50,17.2501
5750,50,50,50,17.2176
5650,50,50,50,17.1856
5550,50,50,50,17.1541
5450,50,50,50,17.1231
5350,50,50,50,17.0925
5250,50,50,50,17.0623
5150,50,50,50,17.0325
5050,50,50,50,17.0031
4950,50,50,50,16.9741
4850,50,50,50,16.9455
4750,50,50,50,16.9171
4650,50,50,50,16.8892
4550,50,50,50,16.8615
4450,50,50,50,16.8342
4350,50,50,50,16.8071
4250,50,50,50,16.7803
4150,50,50,50,16.7538
4050,50,50,50,16.7276
3950,50,50,50,16.7016
3850,50,50,50,16.6758
3750,50,50,50,16.6502
3650,50,50,50,16.6249
3550,50,50,50,16.5998
3450,50,50,50,16.5748
3350,50,50,50,16.55
3250,50,50,50,16.5254
3150,50,50,50,16.5009
3050,50,50,50,16.4765
2950,50,50,50,16.4523
2850,50,50,50,16.4281
2750,50,50,50,16.4039
2650,50,50,50,16.3798
2550,50,50,50,16.3557
2450,50,50,50,16.3315
2350,50,50,50,16.3073
2250,50,50,50,16.2829
2150,50,50,50,16.2583
2050,50,50,50,16.2335
1950,50,50,50,16.2083
1850,50,50,50,16.1827
1750,50,50,50,16.1565
1650,50,50,50,16.1297
1550,50,50,50,16.102
1450,50,50,50,16.0734
1350,50,50,50,16.0436
1250,50,50,50,16.0125
1150,50,50,50,15.9798
1050,50,50,50,15.9454
950,50,50,50,15.9089
850,50,50,50,15.8702
750,50,50,50,15.8292
650,50,50,50,15.786
550,50,50,50,15.7407
450,50,50,50,15.6943
350,50,50,50,15.6489
250,50,50,50,15.6081
150,50,50,50,15.5768
50,50,50,50,15.5598
