12750,50,50,50,-88.4584
12650,50,50,50,-88.4584
12550,50,50,50,-88.4584
12450,50,50,50,-88.4584
12350,50,50,50,-88.4584
12250,50,50,50,-88.4584
12150,50,50,50,-88.4584
12050,50,50,50,-88.4584
11950,50,50,50,-88.4584
11850,50,50,50,-88.4584
11750,50,50,50,-88.4584
11650,50,50,50,-88.4584
11550,50,50,50,-88.4584
11450,50,50,50,-88.4584
11350,50,50,50,-88.4584
11250,50,50,50,-88.4584
11150,50,50,50,-88.4584
11050,50,50,50,-88.4584
10950,50,50,50,-88.4584
10850,50,50,50,-88.4584
10750,50,50,50,-88.4584
10650,50,50,50,-88.4584
10550,50,50,50,-88.4584
10450,50,50,50,-88.4584
10350,50,50,50,-88.4584
10250,50,50,50,-88.4584
10150,50,50,50,-88.4584
10050,50,50,50,-88.4584
9950,50,50,50,-88.4584
9850,50,50,50,-88.4584
9750,50,50,50,-88.4584
9650,50,50,50,-88.4584
9550,50,50,50,-88.4584
9450,50,50,50,-88.4584
9350,50,50,50,-88.4584
9250,50,50,50,-88.4584
9150,50,50,50,-88.4584
9050,50,50,50,-88.4584
8950,50,50,50,-88.4584
8850,50,50,50,-88.4584
8750,50,50,50,-88.4583
8650,50,50,50,-88.4583
8550,50,50,50,-88.4581
8450,50,50,50,-88.4579
8350,50,50,50,-88.4574
8250,50,50,50,-88.4566
8150,50,50,50,-88.4551
8050,50,50,50,-88.4523
7950,50,50,50,-88.4471
7850,50,50,50,-88.4376
7750,50,50,50,-88.4202
7650,50,50,50,-88.3881
7550,50,50,50,-88.3292
7450,50,50,50,-88.2208
7350,50,50,50,-88.0216
7250,50,50,50,-87.6559
7150,50,50,50,-86.9852
7050,50,50,50,-85.7577
6950,50,50,50,-83.5172
6850,50,50,50,-79.4369
6750,50,50,50,-72.019
6650,50,50,50,-58.577
6550,50,50,50,-34.515
6450,50,50,50,2.33627
6350,50,50,50,17.0575
6250,50,50,50,21.8558
6150,50,50,50,23.8074
6050,50,50,50,24.9332
5950,50,50,50,25.787
5850,50,50,50,26.514
5750,50,50,50,27.1528
5650,50,50,50,27.7163
5550,50,50,50,28.2117
5450,50,50,50,28.644
5350,50,50,50,29.0178
5250,50,50,50,29.3374
5150,50,50,50,29.6064
5050,50,50,50,29.8285
4950,50,50,50,30.007
4850,50,50,50,30.1448
4750,50,50,50,30.245
4650,50,50,50,30.3102
4550,50,50,50,30.3431
4450,50,50,50,30.3462
4350,50,50,50,30.3217
4250,50,50,50,30.272
4150,50,50,50,30.1991
4050,50,50,50,30.105
3950,50,50,50,29.9917
3850,50,50,50,29.8609
3750,50,50,50,29.7145
3650,50,50,50,29.554
3550,50,50,50,29.381
3450,50,50,50,29.1969
3350,50,50,50,29.0031
3250,50,50,50,28.8008
3150,50,50,50,28.5913
3050,50,50,50,28.3757
2950,50,50,50,28.1549
2850,50,50,50,27.93
2750,50,50,50,27.7017
2650,50,50,50,27.4708
2550,50,50,50,27.2382
2450,50,50,50,27.0043
2350,50,50,50,26.7698
2250,50,50,50,26.5351
2150,50,50,50,26.3007
2050,50,50,50,26.0668
1950,50,50,50,25.8339
1850,50,50,50,25.602
1750,50,50,50,25.3714
1650,50,50,50,25.1422
1550,50,50,50,24.9144
1450,50,50,50,24.6881
1350,50,50,50,24.4632
1250,50,50,50,24.2397
1150,50,50,50,24.0176
1050,50,50,50,23.7968
950,50,50,50,23.5774
850,50,50,50,23.3596
750,50,50,50,23.1438
650,50,50,50,22.9309
550,50,50,50,22.7225
450,50,50,50,22.5217
350,50,50,50,22.3352
250,50,50,50,22.1743
150,50,50,50,22.0543
50,50,50,50,21.9898
