12750,50,50,50,15.395
12650,50,50,50,15.3993
12550,50,50,50,15.4065
12450,50,50,50,15.4152
12350,50,50,50,15.424
12250,50,50,50,15.4317
12150,50,50,50,15.4377
12050,50,50,50,15.4417
11950,50,50,50,15.4436
11850,50,50,50,15.4432
11750,50,50,50,15.4406
11650,50,50,50,15.4359
11550,50,50,50,15.4294
11450,50,50,50,15.4211
11350,50,50,50,15.4114
11250,50,50,50,15.4003
11150,50,50,50,15.388
11050,50,50,50,15.3748
10950,50,50,50,15.3607
10850,50,50,50,15.3459
10750,50,50,50,15.3305
10650,50,50,50,15.3147
10550,50,50,50,15.2984
10450,50,50,50,15.2818
10350,50,50,50,15.2649
10250,50,50,50,15.2478
10150,50,50,50,15.2306
10050,50,50,50,15.2132
9950,50,50,50,15.1957
9850,50,50,50,15.1782
9750,50,50,50,15.1606
9650,50,50,50,15.143
9550,50,50,50,15.1253
9450,50,50,50,15.1076
9350,50,50,50,15.09
9250,50,50,50,15.0723
9150,50,50,50,15.0547
9050,50,50,50,15.0371
8950,50,50,50,15.0195
8850,50,50,50,15.0019
8750,50,50,50,14.9844
8650,50,50,50,14.9669
8550,50,50,50,14.9495
8450,50,50,50,14.9321
8350,50,50,50,14.9147
8250,50,50,50,14.8973
8150,50,50,50,14.88
8050,50,50,50,14.8628
7950,50,50,50,14.8456
7850,50,50,50,14.8284
7750,50,50,50,14.8112
7650,50,50,50,14.7941
7550,50,50,50,14.7771
7450,50,50,50,14.7601
7350,50,50,50,14.7431
7250,50,50,50,14.7261
7150,50,50,50,14.7092
7050,50,50,50,14.6924
6950,50,50,50,14.6755
6850,50,50,50,14.6587
6750,50,50,50,14.642
6650,50,50,50,14.6253
6550,50,50,50,14.6086
6450,50,50,50,14.5919
6350,50,50,50,14.5753
6250,50,50,50,14.5587
6150,50,50,50,14.5422
6050,50,50,50,14.5257
5950,50,50,50,14.5092
5850,50,50,50,14.4928
5750,50,50,50,14.4764
5650,50,50,50,14.46
5550,50,50,50,14.4437
5450,50,50,50,14.4273
5350,50,50,50,14.4111
5250,50,50,50,14.3948
5150,50,50,50,14.3786
5050,50,50,50,14.3624
4950,50,50,50,14.3462
4850,50,50,50,14.3301
4750,50,50,50,14.314
4650,50,50,50,14.2979
4550,50,50,50,14.2819
4450,50,50,50,14.2658
4350,50,50,50,14.2498
4250,50,50,50,14.2339
4150,50,50,50,14.2179
4050,50,50,50,14.202
3950,50,50,50,14.186
3850,50,50,50,14.1701
3750,50,50,50,14.1542
3650,50,50,50,14.1384
3550,50,50,50,14.1225
3450,50,50,50,14.1066
3350,50,50,50,14.0908
3250,50,50,50,14.0749
3150,50,50,50,14.0591
3050,50,50,50,14.0432
2950,50,50,50,14.0273
2850,50,50,50,14.0113
2750,50,50,50,13.9954
2650,50,50,50,13.9794
2550,50,50,50,13.9633
2450,50,50,50,13.9471
2350,50,50,50,13.9308
2250,50,50,50,13.9144
2150,50,50,50,13.8979
2050,50,50,50,13.8811
1950,50,50,50,13.8642
1850,50,50,50,13.8469
1750,50,50,50,13.8294
1650,50,50,50,13.8115
1550,50,50,50,13.7931
1450,50,50,50,13.7742
1350,50,50,50,13.7548
1250,50,50,50,13.7346
1150,50,50,50,13.7137
1050,50,50,50,13.6919
950,50,50,50,13.6691
850,50,50,50,13.6453
750,50,50,50,13.6206
650,50,50,50,13.5948
550,50,50,50,13.5683
450,50,50,50,13.5415
350,50,50,50,13.5156
250,50,50,50,13.4927
150,50,50,50,13.4752
50,50,50,50,13.4657
