12750,50,50,50,13.667
12650,50,50,50,13.6689
12550,50,50,50,13.6722
12450,50,50,50,13.6759
12350,50,50,50,13.6792
12250,50,50,50,13.6817
12150,50,50,50,13.6829
12050,50,50,50,13.6827
11950,50,50,50,13.6811
11850,50,50,50,13.6779
11750,50,50,50,13.6733
11650,50,50,50,13.6674
11550,50,50,50,13.6603
11450,50,50,50,13.6521
11350,50,50,50,13.6428
11250,50,50,50,13.6327
11150,50,50,50,13.6219
11050,50,50,50,13.6103
10950,50,50,50,13.5983
10850,50,50,50,13.5857
10750,50,50,50,13.5728
10650,50,50,50,13.5595
10550,50,50,50,13.5459
10450,50,50,50,13.5321
10350,50,50,50,13.5181
10250,50,50,50,13.5039
10150,50,50,50,13.4896
10050,50,50,50,13.4752
9950,50,50,50,13.4608
9850,50,50,50,13.4462
9750,50,50,50,13.4316
9650,50,50,50,13.417
9550,50,50,50,13.4023
9450,50,50,50,13.3876
9350,50,50,50,13.3729
9250,50,50,50,13.3582
9150,50,50,50,13.3435
9050,50,50,50,13.3287
8950,50,50,50,13.314
8850,50,50,50,13.2993
8750,50,50,50,13.2846
8650,50,50,50,13.2699
8550,50,50,50,13.2551
8450,50,50,50,13.2405
8350,50,50,50,13.2258
8250,50,50,50,13.2111
8150,50,50,50,13.1964
8050,50,50,50,13.1818
7950,50,50,50,13.1671
7850,50,50,50,13.1525
7750,50,50,50,13.1379
7650,50,50,50,13.1233
7550,50,50,50,13.1087
7450,50,50,50,13.0941
7350,50,50,50,13.0796
7250,50,50,50,13.065
7150,50,50,50,13.0505
7050,50,50,50,13.036
6950,50,50,50,13.0214
6850,50,50,50,13.0069
6750,50,50,50,12.9925
6650,50,50,50,12.978
6550,50,50,50,12.9635
6450,50,50,50,12.9491
6350,50,50,50,12.9346
6250,50,50,50,12.9202
6150,50,50,50,12.9058
6050,50,50,50,12.8913
5950,50,50,50,12.8769
5850,50,50,50,12.8626
5750,50,50,50,12.8482
5650,50,50,50,12.8338
5550,50,50,50,12.8195
5450,50,50,50,12.8051
5350,50,50,50,12.7908
5250,50,50,50,12.7764
5150,50,50,50,12.7621
5050,50,50,50,12.7478
4950,50,50,50,12.7335
4850,50,50,50,12.7192
4750,50,50,50,12.7049
4650,50,50,50,12.6906
4550,50,50,50,12.6763
4450,50,50,50,12.662
4350,50,50,50,12.6478
4250,50,50,50,12.6335
4150,50,50,50,12.6193
4050,50,50,50,12.605
3950,50,50,50,12.5907
3850,50,50,50,12.5765
3750,50,50,50,12.5622
3650,50,50,50,12.548
3550,50,50,50,12.5337
3450,50,50,50,12.5194
3350,50,50,50,12.5051
3250,50,50,50,12.4908
3150,50,50,50,12.4765
3050,50,50,50,12.4622
2950,50,50,50,12.4478
2850,50,50,50,12.4334
2750,50,50,50,12.419
2650,50,50,50,12.4045
2550,50,50,50,12.39
2450,50,50,50,12.3754
2350,50,50,50,12.3607
2250,50,50,50,12.3459
2150,50,50,50,12.331
2050,50,50,50,12.316
1950,50,50,50,12.3008
1850,50,50,50,12.2855
1750,50,50,50,12.2699
1650,50,50,50,12.2541
1550,50,50,50,12.2381
1450,50,50,50,12.2217
1350,50,50,50,12.205
1250,50,50,50,12.1879
1150,50,50,50,12.1704
1050,50,50,50,12.1524
950,50,50,50,12.1339
850,50,50,50,12.1149
750,50,50,50,12.0955
650,50,50,50,12.0758
550,50,50,50,12.0558
450,50,50,50,12.0361
350,50,50,50,12.0174
250,50,50,50,12.0011
150,50,50,50,11.9888
50,50,50,50,11.9821
