12750,50,50,50,-79.0658
12650,50,50,50,-75.4759
12550,50,50,50,-66.9759
12450,50,50,50,-50.513
12350,50,50,50,-20.8423
12250,50,50,50,10.9589
12150,50,50,50,20.5103
12050,50,50,50,23.5862
11950,50,50,50,25.0046
11850,50,50,50,25.9477
11750,50,50,50,26.7099
11650,50,50,50,27.3697
11550,50,50,50,27.9505
11450,50,50,50,28.4616
11350,50,50,50,28.9083
11250,50,50,50,29.2954
11150,50,50,50,29.6268
11050,50,50,50,29.9064
10950,50,50,50,30.1378
10850,50,50,50,30.3242
10750,50,50,50,30.4689
10650,50,50,50,30.5747
10550,50,50,50,30.6444
10450,50,50,50,30.6808
10350,50,50,50,30.6864
10250,50,50,50,30.6634
10150,50,50,50,30.6143
10050,50,50,50,30.5411
9950,50,50,50,30.446
9850,50,50,50,30.3309
9750,50,50,50,30.1976
9650,50,50,50,30.048
9550,50,50,50,29.8838
9450,50,50,50,29.7065
9350,50,50,50,29.5176
9250,50,50,50,29.3186
9150,50,50,50,29.1108
9050,50,50,50,28.8955
8950,50,50,50,28.6737
8850,50,50,50,28.4468
8750,50,50,50,28.2155
8650,50,50,50,27.981
8550,50,50,50,27.744
8450,50,50,50,27.5054
8350,50,50,50,27.2659
8250,50,50,50,27.0261
8150,50,50,50,26.7868
8050,50,50,50,26.5484
7950,50,50,50,26.3114
7850,50,50,50,26.0763
7750,50,50,50,25.8435
7650,50,50,50,25.6133
7550,50,50,50,25.386
7450,50,50,50,25.1619
7350,50,50,50,24.9413
7250,50,50,50,24.7243
7150,50,50,50,24.5111
7050,50,50,50,24.3018
6950,50,50,50,24.0965
6850,50,50,50,23.8954
6750,50,50,50,23.6985
6650,50,50,50,23.5058
6550,50,50,50,23.3174
6450,50,50,50,23.1333
6350,50,50,50,22.9535
6250,50,50,50,22.7779
6150,50,50,50,22.6066
6050,50,50,50,22.4395
5950,50,50,50,22.2767
5850,50,50,50,22.1179
5750,50,50,50,21.9632
5650,50,50,50,21.8125
5550,50,50,50,21.6658
5450,50,50,50,21.523
5350,50,50,50,21.384
5250,50,50,50,21.2487
5150,50,50,50,21.1171
5050,50,50,50,20.989
4950,50,50,50,20.8645
4850,50,50,50,20.7434
4750,50,50,50,20.6256
4650,50,50,50,20.5111
4550,50,50,50,20.3997
4450,50,50,50,20.2914
4350,50,50,50,20.1861
4250,50,50,50,20.0837
4150,50,50,50,19.9842
4050,50,50,50,19.8874
3950,50,50,50,19.7933
3850,50,50,50,19.7017
3750,50,50,50,19.6127
3650,50,50,50,19.526
3550,50,50,50,19.4417
3450,50,50,50,19.3597
3350,50,50,50,19.2798
3250,50,50,50,19.202
3150,50,50,50,19.1262
3050,50,50,50,19.0523
2950,50,50,50,18.9803
2850,50,50,50,18.91
2750,50,50,50,18.8413
2650,50,50,50,18.7742
2550,50,50,50,18.7085
2450,50,50,50,18.6442
2350,50,50,50,18.5812
2250,50,50,50,18.5192
2150,50,50,50,18.4582
2050,50,50,50,18.398
1950,50,50,50,18.3385
1850,50,50,50,18.2794
1750,50,50,50,18.2207
1650,50,50,50,18.162
1550,50,50,50,18.1031
1450,50,50,50,18.0438
1350,50,50,50,17.9838
1250,50,50,50,17.9226
1150,50,50,50,17.8602
1050,50,50,50,17.7959
950,50,50,50,17.7296
850,50,50,50,17.661
750,50,50,50,17.5899
650,50,50,50,17.5163
550,50,50,50,17.4408
450,50,50,50,17.3646
350,50,50,50,17.2911
250,50,50,50,17.2258
150,50,50,50,17.1761
50,50,50,50,17.1491
