12750,50,50,50,11.4992
12650,50,50,50,11.4996
12550,50,50,50,11.5001
12450,50,50,50,11.5004
12350,50,50,50,11.5
12250,50,50,50,11.4988
12150,50,50,50,11.4966
12050,50,50,50,11.4934
11950,50,50,50,11.4891
11850,50,50,50,11.4838
11750,50,50,50,11.4775
11650,50,50,50,11.4703
11550,50,50,50,11.4623
11450,50,50,50,11.4534
11350,50,50,50,11.4439
11250,50,50,50,11.4338
11150,50,50,50,11.4232
11050,50,50,50,11.412
10950,50,50,50,11.4005
10850,50,50,50,11.3886
10750,50,50,50,11.3764
10650,50,50,50,11.364
10550,50,50,50,11.3513
10450,50,50,50,11.3384
10350,50,50,50,11.3254
10250,50,50,50,11.3122
10150,50,50,50,11.2989
10050,50,50,50,11.2855
9950,50,50,50,11.272
9850,50,50,50,11.2585
9750,50,50,50,11.2449
9650,50,50,50,11.2312
9550,50,50,50,11.2175
9450,50,50,50,11.2038
9350,50,50,50,11.19
9250,50,50,50,11.1762
9150,50,50,50,11.1624
9050,50,50,50,11.1485
8950,50,50,50,11.1347
8850,50,50,50,11.1208
8750,50,50,50,11.1069
8650,50,50,50,11.0931
8550,50,50,50,11.0792
8450,50,50,50,11.0652
8350,50,50,50,11.0513
8250,50,50,50,11.0374
8150,50,50,50,11.0235
8050,50,50,50,11.0096
7950,50,50,50,10.9957
7850,50,50,50,10.9817
7750,50,50,50,10.9678
7650,50,50,50,10.9538
7550,50,50,50,10.9399
7450,50,50,50,10.926
7350,50,50,50,10.912
7250,50,50,50,10.898
7150,50,50,50,10.8841
7050,50,50,50,10.8701
6950,50,50,50,10.8562
6850,50,50,50,10.8422
6750,50,50,50,10.8282
6650,50,50,50,10.8142
6550,50,50,50,10.8003
6450,50,50,50,10.7863
6350,50,50,50,10.7723
6250,50,50,50,10.7583
6150,50,50,50,10.7443
6050,50,50,50,10.7303
5950,50,50,50,10.7163
5850,50,50,50,10.7023
5750,50,50,50,10.6883
5650,50,50,50,10.6743
5550,50,50,50,10.6603
5450,50,50,50,10.6463
5350,50,50,50,10.6323
5250,50,50,50,10.6183
5150,50,50,50,10.6042
5050,50,50,50,10.5902
4950,50,50,50,10.5761
4850,50,50,50,10.5621
4750,50,50,50,10.548
4650,50,50,50,10.534
4550,50,50,50,10.5199
4450,50,50,50,10.5058
4350,50,50,50,10.4917
4250,50,50,50,10.4777
4150,50,50,50,10.4636
4050,50,50,50,10.4495
3950,50,50,50,10.4353
3850,50,50,50,10.4212
3750,50,50,50,10.4071
3650,50,50,50,10.3929
3550,50,50,50,10.3787
3450,50,50,50,10.3645
3350,50,50,50,10.3503
3250,50,50,50,10.3361
3150,50,50,50,10.3219
3050,50,50,50,10.3076
2950,50,50,50,10.2933
2850,50,50,50,10.2789
2750,50,50,50,10.2646
2650,50,50,50,10.2502
2550,50,50,50,10.2357
2450,50,50,50,10.2212
2350,50,50,50,10.2067
2250,50,50,50,10.192
2150,50,50,50,10.1774
2050,50,50,50,10.1626
1950,50,50,50,10.1478
1850,50,50,50,10.1328
1750,50,50,50,10.1178
1650,50,50,50,10.1027
1550,50,50,50,10.0874
1450,50,50,50,10.0721
1350,50,50,50,10.0566
1250,50,50,50,10.041
1150,50,50,50,10.0252
1050,50,50,50,10.0094
950,50,50,50,9.99351
850,50,50,50,9.97759
750,50,50,50,9.96173
650,50,50,50,9.94605
550,50,50,50,9.93072
450,50,50,50,9.91605
350,50,50,50,9.90257
250,50,50,50,9.8911
150,50,50,50,9.88262
50,50,50,50,9.8781
