12750,50,50,50,13.8441
12650,50,50,50,13.8462
12550,50,50,50,13.8498
12450,50,50,50,13.8539
12350,50,50,50,13.8577
12250,50,50,50,13.8605
12150,50,50,50,13.8621
12050,50,50,50,13.8623
11950,50,50,50,13.8609
11850,50,50,50,13.858
11750,50,50,50,13.8536
11650,50,50,50,13.8478
11550,50,50,50,13.8408
11450,50,50,50,13.8325
11350,50,50,50,13.8233
11250,50,50,50,13.8131
11150,50,50,50,13.8022
11050,50,50,50,13.7906
10950,50,50,50,13.7784
10850,50,50,50,13.7657
10750,50,50,50,13.7526
10650,50,50,50,13.7391
10550,50,50,50,13.7254
10450,50,50,50,13.7114
10350,50,50,50,13.6972
10250,50,50,50,13.6828
10150,50,50,50,13.6683
10050,50,50,50,13.6538
9950,50,50,50,13.6391
9850,50,50,50,13.6243
9750,50,50,50,13.6096
9650,50,50,50,13.5947
9550,50,50,50,13.5799
9450,50,50,50,13.565
9350,50,50,50,13.5501
9250,50,50,50,13.5352
9150,50,50,50,13.5202
9050,50,50,50,13.5053
8950,50,50,50,13.4904
8850,50,50,50,13.4755
8750,50,50,50,13.4606
8650,50,50,50,13.4457
8550,50,50,50,13.4308
8450,50,50,50,13.416
8350,50,50,50,13.4011
8250,50,50,50,13.3863
8150,50,50,50,13.3714
8050,50,50,50,13.3566
7950,50,50,50,13.3418
7850,50,50,50,13.327
7750,50,50,50,13.3122
7650,50,50,50,13.2975
7550,50,50,50,13.2827
7450,50,50,50,13.268
7350,50,50,50,13.2533
7250,50,50,50,13.2386
7150,50,50,50,13.2239
7050,50,50,50,13.2092
6950,50,50,50,13.1945
6850,50,50,50,13.1799
6750,50,50,50,13.1653
6650,50,50,50,13.1506
6550,50,50,50,13.136
6450,50,50,50,13.1214
6350,50,50,50,13.1069
6250,50,50,50,13.0923
6150,50,50,50,13.0777
6050,50,50,50,13.0632
5950,50,50,50,13.0487
5850,50,50,50,13.0342
5750,50,50,50,13.0197
5650,50,50,50,13.0052
5550,50,50,50,12.9907
5450,50,50,50,12.9762
5350,50,50,50,12.9617
5250,50,50,50,12.9473
5150,50,50,50,12.9328
5050,50,50,50,12.9184
4950,50,50,50,12.904
4850,50,50,50,12.8896
4750,50,50,50,12.8752
4650,50,50,50,12.8608
4550,50,50,50,12.8464
4450,50,50,50,12.832
4350,50,50,50,12.8176
4250,50,50,50,12.8033
4150,50,50,50,12.7889
4050,50,50,50,12.7746
3950,50,50,50,12.7602
3850,50,50,50,12.7458
3750,50,50,50,12.7315
3650,50,50,50,12.7171
3550,50,50,50,12.7028
3450,50,50,50,12.6884
3350,50,50,50,12.674
3250,50,50,50,12.6596
3150,50,50,50,12.6452
3050,50,50,50,12.6308
2950,50,50,50,12.6164
2850,50,50,50,12.6019
2750,50,50,50,12.5874
2650,50,50,50,12.5728
2550,50,50,50,12.5582
2450,50,50,50,12.5435
2350,50,50,50,12.5287
2250,50,50,50,12.5138
2150,50,50,50,12.4988
2050,50,50,50,12.4837
1950,50,50,50,12.4684
1850,50,50,50,12.4529
1750,50,50,50,12.4373
1650,50,50,50,12.4213
1550,50,50,50,12.4051
1450,50,50,50,12.3886
1350,50,50,50,12.3717
1250,50,50,50,12.3543
1150,50,50,50,12.3365
1050,50,50,50,12.3182
950,50,50,50,12.2994
850,50,50,50,12.2801
750,50,50,50,12.2603
650,50,50,50,12.24
550,50,50,50,12.2195
450,50,50,50,12.1992
350,50,50,50,12.1799
250,50,50,50,12.163
150,50,50,50,12.1503
50,50,50,50,12.1434
