12750,50,50,50,11.8247
12650,50,50,50,11.8253
12550,50,50,50,11.8262
12450,50,50,50,11.8268
12350,50,50,50,11.8268
12250,50,50,50,11.826
12150,50,50,50,11.8242
12050,50,50,50,11.8214
11950,50,50,50,11.8174
11850,50,50,50,11.8124
11750,50,50,50,11.8063
11650,50,50,50,11.7993
11550,50,50,50,11.7914
11450,50,50,50,11.7827
11350,50,50,50,11.7733
11250,50,50,50,11.7632
11150,50,50,50,11.7526
11050,50,50,50,11.7415
10950,50,50,50,11.73
10850,50,50,50,11.7181
10750,50,50,50,11.7059
10650,50,50,50,11.6934
10550,50,50,50,11.6808
10450,50,50,50,11.6679
10350,50,50,50,11.6548
10250,50,50,50,11.6416
10150,50,50,50,11.6283
10050,50,50,50,11.6149
9950,50,50,50,11.6014
9850,50,50,50,11.5878
9750,50,50,50,11.5742
9650,50,50,50,11.5605
9550,50,50,50,11.5468
9450,50,50,50,11.5331
9350,50,50,50,11.5193
9250,50,50,50,11.5055
9150,50,50,50,11.4917
9050,50,50,50,11.4778
8950,50,50,50,11.464
8850,50,50,50,11.4501
8750,50,50,50,11.4363
8650,50,50,50,11.4224
8550,50,50,50,11.4085
8450,50,50,50,11.3946
8350,50,50,50,11.3807
8250,50,50,50,11.3668
8150,50,50,50,11.3529
8050,50,50,50,11.339
7950,50,50,50,11.3251
7850,50,50,50,11.3112
7750,50,50,50,11.2973
7650,50,50,50,11.2834
7550,50,50,50,11.2695
7450,50,50,50,11.2556
7350,50,50,50,11.2417
7250,50,50,50,11.2277
7150,50,50,50,11.2138
7050,50,50,50,11.1999
6950,50,50,50,11.186
6850,50,50,50,11.172
6750,50,50,50,11.1581
6650,50,50,50,11.1442
6550,50,50,50,11.1303
6450,50,50,50,11.1164
6350,50,50,50,11.1024
6250,50,50,50,11.0885
6150,50,50,50,11.0746
6050,50,50,50,11.0606
5950,50,50,50,11.0467
5850,50,50,50,11.0328
5750,50,50,50,11.0188
5650,50,50,50,11.0049
5550,50,50,50,10.991
5450,50,50,50,10.977
5350,50,50,50,10.9631
5250,50,50,50,10.9491
5150,50,50,50,10.9351
5050,50,50,50,10.9212
4950,50,50,50,10.9072
4850,50,50,50,10.8932
4750,50,50,50,10.8793
4650,50,50,50,10.8653
4550,50,50,50,10.8513
4450,50,50,50,10.8373
4350,50,50,50,10.8233
4250,50,50,50,10.8093
4150,50,50,50,10.7953
4050,50,50,50,10.7813
3950,50,50,50,10.7672
3850,50,50,50,10.7532
3750,50,50,50,10.7391
3650,50,50,50,10.7251
3550,50,50,50,10.711
3450,50,50,50,10.6969
3350,50,50,50,10.6828
3250,50,50,50,10.6687
3150,50,50,50,10.6545
3050,50,50,50,10.6404
2950,50,50,50,10.6262
2850,50,50,50,10.6119
2750,50,50,50,10.5976
2650,50,50,50,10.5833
2550,50,50,50,10.569
2450,50,50,50,10.5546
2350,50,50,50,10.5401
2250,50,50,50,10.5256
2150,50,50,50,10.511
2050,50,50,50,10.4963
1950,50,50,50,10.4815
1850,50,50,50,10.4666
1750,50,50,50,10.4516
1650,50,50,50,10.4365
1550,50,50,50,10.4213
1450,50,50,50,10.4059
1350,50,50,50,10.3903
1250,50,50,50,10.3746
1150,50,50,50,10.3588
1050,50,50,50,10.3428
950,50,50,50,10.3266
850,50,50,50,10.3104
750,50,50,50,10.2942
650,50,50,50,10.2781
550,50,50,50,10.2623
450,50,50,50,10.2471
350,50,50,50,10.2331
250,50,50,50,10.2211
150,50,50,50,10.2122
50,50,50,50,10.2074
