12750,50,50,50,11.5805
12650,50,50,50,11.581
12550,50,50,50,11.5816
12450,50,50,50,11.5819
12350,50,50,50,11.5817
12250,50,50,50,11.5806
12150,50,50,50,11.5785
12050,50,50,50,11.5753
11950,50,50,50,11.5711
11850,50,50,50,11.5659
11750,50,50,50,11.5596
11650,50,50,50,11.5525
11550,50,50,50,11.5445
11450,50,50,50,11.5357
11350,50,50,50,11.5262
11250,50,50,50,11.5161
11150,50,50,50,11.5055
11050,50,50,50,11.4944
10950,50,50,50,11.4828
10850,50,50,50,11.471
10750,50,50,50,11.4588
10650,50,50,50,11.4463
10550,50,50,50,11.4336
10450,50,50,50,11.4207
10350,50,50,50,11.4077
10250,50,50,50,11.3945
10150,50,50,50,11.3812
10050,50,50,50,11.3678
9950,50,50,50,11.3544
9850,50,50,50,11.3408
9750,50,50,50,11.3272
9650,50,50,50,11.3135
9550,50,50,50,11.2998
9450,50,50,50,11.2861
9350,50,50,50,11.2723
9250,50,50,50,11.2585
9150,50,50,50,11.2447
9050,50,50,50,11.2309
8950,50,50,50,11.217
8850,50,50,50,11.2032
8750,50,50,50,11.1893
8650,50,50,50,11.1754
8550,50,50,50,11.1615
8450,50,50,50,11.1476
8350,50,50,50,11.1337
8250,50,50,50,11.1198
8150,50,50,50,11.1059
8050,50,50,50,11.092
7950,50,50,50,11.0781
7850,50,50,50,11.0642
7750,50,50,50,11.0502
7650,50,50,50,11.0363
7550,50,50,50,11.0224
7450,50,50,50,11.0084
7350,50,50,50,10.9945
7250,50,50,50,10.9806
7150,50,50,50,10.9666
7050,50,50,50,10.9527
6950,50,50,50,10.9387
6850,50,50,50,10.9248
6750,50,50,50,10.9108
6650,50,50,50,10.8968
6550,50,50,50,10.8829
6450,50,50,50,10.8689
6350,50,50,50,10.855
6250,50,50,50,10.841
6150,50,50,50,10.827
6050,50,50,50,10.813
5950,50,50,50,10.7991
5850,50,50,50,10.7851
5750,50,50,50,10.7711
5650,50,50,50,10.7571
5550,50,50,50,10.7431
5450,50,50,50,10.7291
5350,50,50,50,10.7151
5250,50,50,50,10.7011
5150,50,50,50,10.6871
5050,50,50,50,10.6731
4950,50,50,50,10.6591
4850,50,50,50,10.645
4750,50,50,50,10.631
4650,50,50,50,10.617
4550,50,50,50,10.6029
4450,50,50,50,10.5889
4350,50,50,50,10.5748
4250,50,50,50,10.5608
4150,50,50,50,10.5467
4050,50,50,50,10.5326
3950,50,50,50,10.5185
3850,50,50,50,10.5044
3750,50,50,50,10.4903
3650,50,50,50,10.4762
3550,50,50,50,10.462
3450,50,50,50,10.4478
3350,50,50,50,10.4337
3250,50,50,50,10.4195
3150,50,50,50,10.4052
3050,50,50,50,10.391
2950,50,50,50,10.3767
2850,50,50,50,10.3624
2750,50,50,50,10.3481
2650,50,50,50,10.3337
2550,50,50,50,10.3193
2450,50,50,50,10.3048
2350,50,50,50,10.2903
2250,50,50,50,10.2757
2150,50,50,50,10.261
2050,50,50,50,10.2463
1950,50,50,50,10.2315
1850,50,50,50,10.2166
1750,50,50,50,10.2015
1650,50,50,50,10.1864
1550,50,50,50,10.1712
1450,50,50,50,10.1558
1350,50,50,50,10.1403
1250,50,50,50,10.1247
1150,50,50,50,10.1089
1050,50,50,50,10.093
950,50,50,50,10.0771
850,50,50,50,10.0611
750,50,50,50,10.0452
650,50,50,50,10.0294
550,50,50,50,10.0139
450,50,50,50,9.99915
350,50,50,50,9.98554
250,50,50,50,9.97393
150,50,50,50,9.96536
50,50,50,50,9.96078
