12750,50,50,50,36.3934
12650,50,50,50,36.2165
12550,50,50,50,35.8743
12450,50,50,50,35.3963
12350,50,50,50,34.827
12250,50,50,50,34.2161
12150,50,50,50,33.61
12050,50,50,50,33.0449
11950,50,50,50,32.5444
11850,50,50,50,32.1187
11750,50,50,50,31.7674
11650,50,50,50,31.4823
11550,50,50,50,31.2508
11450,50,50,50,31.0589
11350,50,50,50,30.8933
11250,50,50,50,30.7423
11150,50,50,50,30.597
11050,50,50,50,30.4505
10950,50,50,50,30.2985
10850,50,50,50,30.1382
10750,50,50,50,29.9682
10650,50,50,50,29.7882
10550,50,50,50,29.5983
10450,50,50,50,29.3992
10350,50,50,50,29.1916
10250,50,50,50,28.9767
10150,50,50,50,28.7553
10050,50,50,50,28.5285
9950,50,50,50,28.2974
9850,50,50,50,28.0627
9750,50,50,50,27.8254
9650,50,50,50,27.5863
9550,50,50,50,27.3462
9450,50,50,50,27.1057
9350,50,50,50,26.8655
9250,50,50,50,26.626
9150,50,50,50,26.3879
9050,50,50,50,26.1516
8950,50,50,50,25.9175
8850,50,50,50,25.6859
8750,50,50,50,25.4572
8650,50,50,50,25.2317
8550,50,50,50,25.0095
8450,50,50,50,24.7909
8350,50,50,50,24.5761
8250,50,50,50,24.3652
8150,50,50,50,24.1584
8050,50,50,50,23.9556
7950,50,50,50,23.7571
7850,50,50,50,23.5627
7750,50,50,50,23.3727
7650,50,50,50,23.187
7550,50,50,50,23.0055
7450,50,50,50,22.8284
7350,50,50,50,22.6555
7250,50,50,50,22.4868
7150,50,50,50,22.3224
7050,50,50,50,22.1621
6950,50,50,50,22.0059
6850,50,50,50,21.8537
6750,50,50,50,21.7056
6650,50,50,50,21.5613
6550,50,50,50,21.4209
6450,50,50,50,21.2842
6350,50,50,50,21.1513
6250,50,50,50,21.0219
6150,50,50,50,20.8961
6050,50,50,50,20.7737
5950,50,50,50,20.6547
5850,50,50,50,20.539
5750,50,50,50,20.4265
5650,50,50,50,20.3171
5550,50,50,50,20.2108
5450,50,50,50,20.1074
5350,50,50,50,20.0069
5250,50,50,50,19.9092
5150,50,50,50,19.8141
5050,50,50,50,19.7218
4950,50,50,50,19.632
4850,50,50,50,19.5446
4750,50,50,50,19.4597
4650,50,50,50,19.3771
4550,50,50,50,19.2967
4450,50,50,50,19.2185
4350,50,50,50,19.1425
4250,50,50,50,19.0685
4150,50,50,50,18.9964
4050,50,50,50,18.9262
3950,50,50,50,18.8579
3850,50,50,50,18.7914
3750,50,50,50,18.7265
3650,50,50,50,18.6633
3550,50,50,50,18.6016
3450,50,50,50,18.5415
3350,50,50,50,18.4828
3250,50,50,50,18.4255
3150,50,50,50,18.3695
3050,50,50,50,18.3147
2950,50,50,50,18.2612
2850,50,50,50,18.2087
2750,50,50,50,18.1573
2650,50,50,50,18.1068
2550,50,50,50,18.0572
2450,50,50,50,18.0084
2350,50,50,50,17.9603
2250,50,50,50,17.9128
2150,50,50,50,17.8658
2050,50,50,50,17.8191
1950,50,50,50,17.7727
1850,50,50,50,17.7263
1750,50,50,50,17.6798
1650,50,50,50,17.633
1550,50,50,50,17.5857
1450,50,50,50,17.5376
1350,50,50,50,17.4885
1250,50,50,50,17.438
1150,50,50,50,17.386
1050,50,50,50,17.3319
950,50,50,50,17.2756
850,50,50,50,17.2168
750,50,50,50,17.1553
650,50,50,50,17.0912
550,50,50,50,17.0248
450,50,50,50,16.9575
350,50,50,50,16.892
250,50,50,50,16.8337
150,50,50,50,16.7891
50,50,50,50,16.7648
