12750,50,50,50,14.8771
12650,50,50,50,14.8805
12550,50,50,50,14.8863
12450,50,50,50,14.8933
12350,50,50,50,14.9001
12250,50,50,50,14.9059
12150,50,50,50,14.9103
12050,50,50,50,14.9128
11950,50,50,50,14.9134
11850,50,50,50,14.9121
11750,50,50,50,14.9088
11650,50,50,50,14.9037
11550,50,50,50,14.897
11450,50,50,50,14.8889
11350,50,50,50,14.8794
11250,50,50,50,14.8687
11150,50,50,50,14.857
11050,50,50,50,14.8445
10950,50,50,50,14.8312
10850,50,50,50,14.8173
10750,50,50,50,14.8029
10650,50,50,50,14.7881
10550,50,50,50,14.7729
10450,50,50,50,14.7574
10350,50,50,50,14.7417
10250,50,50,50,14.7257
10150,50,50,50,14.7097
10050,50,50,50,14.6935
9950,50,50,50,14.6772
9850,50,50,50,14.6608
9750,50,50,50,14.6444
9650,50,50,50,14.628
9550,50,50,50,14.6115
9450,50,50,50,14.595
9350,50,50,50,14.5785
9250,50,50,50,14.562
9150,50,50,50,14.5455
9050,50,50,50,14.5291
8950,50,50,50,14.5126
8850,50,50,50,14.4962
8750,50,50,50,14.4798
8650,50,50,50,14.4634
8550,50,50,50,14.447
8450,50,50,50,14.4307
8350,50,50,50,14.4144
8250,50,50,50,14.3981
8150,50,50,50,14.3818
8050,50,50,50,14.3656
7950,50,50,50,14.3494
7850,50,50,50,14.3332
7750,50,50,50,14.3171
7650,50,50,50,14.301
7550,50,50,50,14.2849
7450,50,50,50,14.2689
7350,50,50,50,14.2528
7250,50,50,50,14.2368
7150,50,50,50,14.2209
7050,50,50,50,14.2049
6950,50,50,50,14.189
6850,50,50,50,14.1731
6750,50,50,50,14.1573
6650,50,50,50,14.1414
6550,50,50,50,14.1256
6450,50,50,50,14.1099
6350,50,50,50,14.0941
6250,50,50,50,14.0784
6150,50,50,50,14.0627
6050,50,50,50,14.047
5950,50,50,50,14.0314
5850,50,50,50,14.0157
5750,50,50,50,14.0001
5650,50,50,50,13.9846
5550,50,50,50,13.969
5450,50,50,50,13.9535
5350,50,50,50,13.938
5250,50,50,50,13.9225
5150,50,50,50,13.907
5050,50,50,50,13.8916
4950,50,50,50,13.8762
4850,50,50,50,13.8608
4750,50,50,50,13.8454
4650,50,50,50,13.83
4550,50,50,50,13.8147
4450,50,50,50,13.7993
4350,50,50,50,13.784
4250,50,50,50,13.7687
4150,50,50,50,13.7535
4050,50,50,50,13.7382
3950,50,50,50,13.7229
3850,50,50,50,13.7077
3750,50,50,50,13.6925
3650,50,50,50,13.6772
3550,50,50,50,13.662
3450,50,50,50,13.6468
3350,50,50,50,13.6316
3250,50,50,50,13.6163
3150,50,50,50,13.6011
3050,50,50,50,13.5858
2950,50,50,50,13.5706
2850,50,50,50,13.5553
2750,50,50,50,13.5399
2650,50,50,50,13.5245
2550,50,50,50,13.509
2450,50,50,50,13.4935
2350,50,50,50,13.4779
2250,50,50,50,13.4621
2150,50,50,50,13.4462
2050,50,50,50,13.4302
1950,50,50,50,13.4139
1850,50,50,50,13.3974
1750,50,50,50,13.3806
1650,50,50,50,13.3635
1550,50,50,50,13.346
1450,50,50,50,13.3281
1350,50,50,50,13.3096
1250,50,50,50,13.2906
1150,50,50,50,13.2709
1050,50,50,50,13.2505
950,50,50,50,13.2292
850,50,50,50,13.2072
750,50,50,50,13.1843
650,50,50,50,13.1606
550,50,50,50,13.1363
450,50,50,50,13.112
350,50,50,50,13.0886
250,50,50,50,13.0679
150,50,50,50,13.0522
50,50,50,50,13.0437
