12750,50,50,50,11.4178
12650,50,50,50,11.4182
12550,50,50,50,11.4187
12450,50,50,50,11.4189
12350,50,50,50,11.4184
12250,50,50,50,11.4171
12150,50,50,50,11.4148
12050,50,50,50,11.4115
11950,50,50,50,11.4071
11850,50,50,50,11.4018
11750,50,50,50,11.3954
11650,50,50,50,11.3882
11550,50,50,50,11.3801
11450,50,50,50,11.3712
11350,50,50,50,11.3617
11250,50,50,50,11.3515
11150,50,50,50,11.3409
11050,50,50,50,11.3297
10950,50,50,50,11.3182
10850,50,50,50,11.3063
10750,50,50,50,11.2941
10650,50,50,50,11.2816
10550,50,50,50,11.269
10450,50,50,50,11.2561
10350,50,50,50,11.243
10250,50,50,50,11.2299
10150,50,50,50,11.2166
10050,50,50,50,11.2032
9950,50,50,50,11.1897
9850,50,50,50,11.1761
9750,50,50,50,11.1625
9650,50,50,50,11.1489
9550,50,50,50,11.1351
9450,50,50,50,11.1214
9350,50,50,50,11.1076
9250,50,50,50,11.0938
9150,50,50,50,11.08
9050,50,50,50,11.0662
8950,50,50,50,11.0523
8850,50,50,50,11.0384
8750,50,50,50,11.0245
8650,50,50,50,11.0106
8550,50,50,50,10.9967
8450,50,50,50,10.9828
8350,50,50,50,10.9689
8250,50,50,50,10.955
8150,50,50,50,10.941
8050,50,50,50,10.9271
7950,50,50,50,10.9132
7850,50,50,50,10.8992
7750,50,50,50,10.8853
7650,50,50,50,10.8713
7550,50,50,50,10.8574
7450,50,50,50,10.8434
7350,50,50,50,10.8294
7250,50,50,50,10.8154
7150,50,50,50,10.8015
7050,50,50,50,10.7875
6950,50,50,50,10.7735
6850,50,50,50,10.7595
6750,50,50,50,10.7455
6650,50,50,50,10.7315
6550,50,50,50,10.7176
6450,50,50,50,10.7036
6350,50,50,50,10.6896
6250,50,50,50,10.6756
6150,50,50,50,10.6615
6050,50,50,50,10.6475
5950,50,50,50,10.6335
5850,50,50,50,10.6195
5750,50,50,50,10.6055
5650,50,50,50,10.5914
5550,50,50,50,10.5774
5450,50,50,50,10.5634
5350,50,50,50,10.5493
5250,50,50,50,10.5353
5150,50,50,50,10.5212
5050,50,50,50,10.5072
4950,50,50,50,10.4931
4850,50,50,50,10.479
4750,50,50,50,10.4649
4650,50,50,50,10.4508
4550,50,50,50,10.4368
4450,50,50,50,10.4226
4350,50,50,50,10.4085
4250,50,50,50,10.3944
4150,50,50,50,10.3803
4050,50,50,50,10.3662
3950,50,50,50,10.352
3850,50,50,50,10.3379
3750,50,50,50,10.3237
3650,50,50,50,10.3095
3550,50,50,50,10.2953
3450,50,50,50,10.2811
3350,50,50,50,10.2668
3250,50,50,50,10.2526
3150,50,50,50,10.2383
3050,50,50,50,10.224
2950,50,50,50,10.2097
2850,50,50,50,10.1953
2750,50,50,50,10.1809
2650,50,50,50,10.1664
2550,50,50,50,10.152
2450,50,50,50,10.1374
2350,50,50,50,10.1229
2250,50,50,50,10.1082
2150,50,50,50,10.0935
2050,50,50,50,10.0787
1950,50,50,50,10.0639
1850,50,50,50,10.0489
1750,50,50,50,10.0339
1650,50,50,50,10.0187
1550,50,50,50,10.0035
1450,50,50,50,9.98812
1350,50,50,50,9.97263
1250,50,50,50,9.95704
1150,50,50,50,9.94133
1050,50,50,50,9.92555
950,50,50,50,9.9097
850,50,50,50,9.89385
750,50,50,50,9.87807
650,50,50,50,9.86248
550,50,50,50,9.84727
450,50,50,50,9.83272
350,50,50,50,9.81937
250,50,50,50,9.80802
150,50,50,50,9.79964
50,50,50,50,9.79517
