12750,50,50,50,15.1829
12650,50,50,50,15.1868
12550,50,50,50,15.1935
12450,50,50,50,15.2014
12350,50,50,50,15.2093
12250,50,50,50,15.2162
12150,50,50,50,15.2216
12050,50,50,50,15.225
11950,50,50,50,15.2263
11850,50,50,50,15.2255
11750,50,50,50,15.2226
11650,50,50,50,15.2178
11550,50,50,50,15.2112
11450,50,50,50,15.203
11350,50,50,50,15.1933
11250,50,50,50,15.1824
11150,50,50,50,15.1704
11050,50,50,50,15.1575
10950,50,50,50,15.1438
10850,50,50,50,15.1294
10750,50,50,50,15.1145
10650,50,50,50,15.0991
10550,50,50,50,15.0833
10450,50,50,50,15.0672
10350,50,50,50,15.0508
10250,50,50,50,15.0342
10150,50,50,50,15.0175
10050,50,50,50,15.0006
9950,50,50,50,14.9837
9850,50,50,50,14.9667
9750,50,50,50,14.9496
9650,50,50,50,14.9325
9550,50,50,50,14.9153
9450,50,50,50,14.8982
9350,50,50,50,14.881
9250,50,50,50,14.8639
9150,50,50,50,14.8468
9050,50,50,50,14.8297
8950,50,50,50,14.8126
8850,50,50,50,14.7955
8750,50,50,50,14.7785
8650,50,50,50,14.7615
8550,50,50,50,14.7445
8450,50,50,50,14.7276
8350,50,50,50,14.7107
8250,50,50,50,14.6938
8150,50,50,50,14.6769
8050,50,50,50,14.6601
7950,50,50,50,14.6434
7850,50,50,50,14.6266
7750,50,50,50,14.6099
7650,50,50,50,14.5933
7550,50,50,50,14.5766
7450,50,50,50,14.56
7350,50,50,50,14.5435
7250,50,50,50,14.5269
7150,50,50,50,14.5104
7050,50,50,50,14.494
6950,50,50,50,14.4775
6850,50,50,50,14.4611
6750,50,50,50,14.4448
6650,50,50,50,14.4285
6550,50,50,50,14.4122
6450,50,50,50,14.3959
6350,50,50,50,14.3797
6250,50,50,50,14.3634
6150,50,50,50,14.3473
6050,50,50,50,14.3311
5950,50,50,50,14.315
5850,50,50,50,14.2989
5750,50,50,50,14.2829
5650,50,50,50,14.2669
5550,50,50,50,14.2509
5450,50,50,50,14.2349
5350,50,50,50,14.219
5250,50,50,50,14.203
5150,50,50,50,14.1871
5050,50,50,50,14.1713
4950,50,50,50,14.1555
4850,50,50,50,14.1396
4750,50,50,50,14.1238
4650,50,50,50,14.1081
4550,50,50,50,14.0923
4450,50,50,50,14.0766
4350,50,50,50,14.0609
4250,50,50,50,14.0452
4150,50,50,50,14.0296
4050,50,50,50,14.0139
3950,50,50,50,13.9983
3850,50,50,50,13.9827
3750,50,50,50,13.9671
3650,50,50,50,13.9515
3550,50,50,50,13.9359
3450,50,50,50,13.9203
3350,50,50,50,13.9047
3250,50,50,50,13.8892
3150,50,50,50,13.8736
3050,50,50,50,13.858
2950,50,50,50,13.8423
2850,50,50,50,13.8267
2750,50,50,50,13.811
2650,50,50,50,13.7952
2550,50,50,50,13.7794
2450,50,50,50,13.7635
2350,50,50,50,13.7475
2250,50,50,50,13.7314
2150,50,50,50,13.7151
2050,50,50,50,13.6987
1950,50,50,50,13.682
1850,50,50,50,13.6651
1750,50,50,50,13.6479
1650,50,50,50,13.6303
1550,50,50,50,13.6124
1450,50,50,50,13.5939
1350,50,50,50,13.5748
1250,50,50,50,13.5552
1150,50,50,50,13.5348
1050,50,50,50,13.5135
950,50,50,50,13.4914
850,50,50,50,13.4684
750,50,50,50,13.4444
650,50,50,50,13.4195
550,50,50,50,13.394
450,50,50,50,13.3682
350,50,50,50,13.3434
250,50,50,50,13.3214
150,50,50,50,13.3046
50,50,50,50,13.2955
