12750,50,50,50,12.9797
12650,50,50,50,12.9811
12550,50,50,50,12.9833
12450,50,50,50,12.9856
12350,50,50,50,12.9875
12250,50,50,50,12.9885
12150,50,50,50,12.9884
12050,50,50,50,12.9871
11950,50,50,50,12.9844
11850,50,50,50,12.9805
11750,50,50,50,12.9753
11650,50,50,50,12.969
11550,50,50,50,12.9616
11450,50,50,50,12.9532
11350,50,50,50,12.944
11250,50,50,50,12.934
11150,50,50,50,12.9234
11050,50,50,50,12.9121
10950,50,50,50,12.9004
10850,50,50,50,12.8883
10750,50,50,50,12.8758
10650,50,50,50,12.863
10550,50,50,50,12.8499
10450,50,50,50,12.8366
10350,50,50,50,12.8232
10250,50,50,50,12.8096
10150,50,50,50,12.7959
10050,50,50,50,12.7821
9950,50,50,50,12.7681
9850,50,50,50,12.7542
9750,50,50,50,12.7401
9650,50,50,50,12.7261
9550,50,50,50,12.712
9450,50,50,50,12.6978
9350,50,50,50,12.6837
9250,50,50,50,12.6695
9150,50,50,50,12.6553
9050,50,50,50,12.6412
8950,50,50,50,12.627
8850,50,50,50,12.6128
8750,50,50,50,12.5986
8650,50,50,50,12.5844
8550,50,50,50,12.5702
8450,50,50,50,12.556
8350,50,50,50,12.5418
8250,50,50,50,12.5276
8150,50,50,50,12.5134
8050,50,50,50,12.4993
7950,50,50,50,12.4851
7850,50,50,50,12.4709
7750,50,50,50,12.4568
7650,50,50,50,12.4426
7550,50,50,50,12.4285
7450,50,50,50,12.4143
7350,50,50,50,12.4002
7250,50,50,50,12.3861
7150,50,50,50,12.3719
7050,50,50,50,12.3578
6950,50,50,50,12.3437
6850,50,50,50,12.3296
6750,50,50,50,12.3155
6650,50,50,50,12.3014
6550,50,50,50,12.2873
6450,50,50,50,12.2732
6350,50,50,50,12.2592
6250,50,50,50,12.2451
6150,50,50,50,12.2311
6050,50,50,50,12.217
5950,50,50,50,12.2029
5850,50,50,50,12.1889
5750,50,50,50,12.1749
5650,50,50,50,12.1608
5550,50,50,50,12.1468
5450,50,50,50,12.1328
5350,50,50,50,12.1187
5250,50,50,50,12.1047
5150,50,50,50,12.0907
5050,50,50,50,12.0767
4950,50,50,50,12.0627
4850,50,50,50,12.0486
4750,50,50,50,12.0346
4650,50,50,50,12.0206
4550,50,50,50,12.0066
4450,50,50,50,11.9926
4350,50,50,50,11.9786
4250,50,50,50,11.9646
4150,50,50,50,11.9506
4050,50,50,50,11.9366
3950,50,50,50,11.9226
3850,50,50,50,11.9086
3750,50,50,50,11.8945
3650,50,50,50,11.8805
3550,50,50,50,11.8665
3450,50,50,50,11.8524
3350,50,50,50,11.8384
3250,50,50,50,11.8243
3150,50,50,50,11.8102
3050,50,50,50,11.7961
2950,50,50,50,11.7819
2850,50,50,50,11.7677
2750,50,50,50,11.7535
2650,50,50,50,11.7392
2550,50,50,50,11.7249
2450,50,50,50,11.7106
2350,50,50,50,11.6961
2250,50,50,50,11.6816
2150,50,50,50,11.667
2050,50,50,50,11.6522
1950,50,50,50,11.6374
1850,50,50,50,11.6224
1750,50,50,50,11.6072
1650,50,50,50,11.5918
1550,50,50,50,11.5762
1450,50,50,50,11.5604
1350,50,50,50,11.5443
1250,50,50,50,11.5279
1150,50,50,50,11.5112
1050,50,50,50,11.4942
950,50,50,50,11.4768
850,50,50,50,11.4592
750,50,50,50,11.4412
650,50,50,50,11.4231
550,50,50,50,11.405
450,50,50,50,11.3873
350,50,50,50,11.3707
250,50,50,50,11.3562
150,50,50,50,11.3454
50,50,50,50,11.3396
