12750,50,50,50,13.234
12650,50,50,50,13.2356
12550,50,50,50,13.2382
12450,50,50,50,13.241
12350,50,50,50,13.2433
12250,50,50,50,13.2449
12150,50,50,50,13.2452
12050,50,50,50,13.2443
11950,50,50,50,13.242
11850,50,50,50,13.2383
11750,50,50,50,13.2334
11650,50,50,50,13.2272
11550,50,50,50,13.2199
11450,50,50,50,13.2116
11350,50,50,50,13.2023
11250,50,50,50,13.1923
11150,50,50,50,13.1816
11050,50,50,50,13.1703
10950,50,50,50,13.1585
10850,50,50,50,13.1462
10750,50,50,50,13.1336
10650,50,50,50,13.1206
10550,50,50,50,13.1074
10450,50,50,50,13.094
10350,50,50,50,13.0803
10250,50,50,50,13.0666
10150,50,50,50,13.0527
10050,50,50,50,13.0387
9950,50,50,50,13.0246
9850,50,50,50,13.0104
9750,50,50,50,12.9962
9650,50,50,50,12.982
9550,50,50,50,12.9677
9450,50,50,50,12.9534
9350,50,50,50,12.9391
9250,50,50,50,12.9247
9150,50,50,50,12.9104
9050,50,50,50,12.896
8950,50,50,50,12.8817
8850,50,50,50,12.8673
8750,50,50,50,12.8529
8650,50,50,50,12.8386
8550,50,50,50,12.8242
8450,50,50,50,12.8099
8350,50,50,50,12.7955
8250,50,50,50,12.7812
8150,50,50,50,12.7669
8050,50,50,50,12.7526
7950,50,50,50,12.7383
7850,50,50,50,12.724
7750,50,50,50,12.7097
7650,50,50,50,12.6954
7550,50,50,50,12.6811
7450,50,50,50,12.6668
7350,50,50,50,12.6526
7250,50,50,50,12.6383
7150,50,50,50,12.6241
7050,50,50,50,12.6098
6950,50,50,50,12.5956
6850,50,50,50,12.5814
6750,50,50,50,12.5672
6650,50,50,50,12.553
6550,50,50,50,12.5388
6450,50,50,50,12.5246
6350,50,50,50,12.5104
6250,50,50,50,12.4962
6150,50,50,50,12.482
6050,50,50,50,12.4679
5950,50,50,50,12.4537
5850,50,50,50,12.4396
5750,50,50,50,12.4254
5650,50,50,50,12.4113
5550,50,50,50,12.3972
5450,50,50,50,12.3831
5350,50,50,50,12.3689
5250,50,50,50,12.3548
5150,50,50,50,12.3407
5050,50,50,50,12.3266
4950,50,50,50,12.3125
4850,50,50,50,12.2984
4750,50,50,50,12.2843
4650,50,50,50,12.2702
4550,50,50,50,12.2562
4450,50,50,50,12.2421
4350,50,50,50,12.228
4250,50,50,50,12.2139
4150,50,50,50,12.1998
4050,50,50,50,12.1858
3950,50,50,50,12.1717
3850,50,50,50,12.1576
3750,50,50,50,12.1435
3650,50,50,50,12.1294
3550,50,50,50,12.1153
3450,50,50,50,12.1012
3350,50,50,50,12.0871
3250,50,50,50,12.073
3150,50,50,50,12.0588
3050,50,50,50,12.0446
2950,50,50,50,12.0304
2850,50,50,50,12.0162
2750,50,50,50,12.0019
2650,50,50,50,11.9876
2550,50,50,50,11.9732
2450,50,50,50,11.9588
2350,50,50,50,11.9443
2250,50,50,50,11.9297
2150,50,50,50,11.915
2050,50,50,50,11.9002
1950,50,50,50,11.8852
1850,50,50,50,11.8701
1750,50,50,50,11.8548
1650,50,50,50,11.8393
1550,50,50,50,11.8236
1450,50,50,50,11.8076
1350,50,50,50,11.7913
1250,50,50,50,11.7746
1150,50,50,50,11.7577
1050,50,50,50,11.7403
950,50,50,50,11.7226
850,50,50,50,11.7045
750,50,50,50,11.686
650,50,50,50,11.6673
550,50,50,50,11.6486
450,50,50,50,11.6302
350,50,50,50,11.6129
250,50,50,50,11.5978
150,50,50,50,11.5865
50,50,50,50,11.5804
