12750,50,50,50,13.5793
12650,50,50,50,13.5812
12550,50,50,50,13.5843
12450,50,50,50,13.5878
12350,50,50,50,13.5909
12250,50,50,50,13.5932
12150,50,50,50,13.5942
12050,50,50,50,13.5939
11950,50,50,50,13.5921
11850,50,50,50,13.5889
11750,50,50,50,13.5842
11650,50,50,50,13.5782
11550,50,50,50,13.5711
11450,50,50,50,13.5628
11350,50,50,50,13.5536
11250,50,50,50,13.5435
11150,50,50,50,13.5327
11050,50,50,50,13.5212
10950,50,50,50,13.5092
10850,50,50,50,13.4967
10750,50,50,50,13.4838
10650,50,50,50,13.4706
10550,50,50,50,13.4571
10450,50,50,50,13.4434
10350,50,50,50,13.4295
10250,50,50,50,13.4154
10150,50,50,50,13.4012
10050,50,50,50,13.3869
9950,50,50,50,13.3725
9850,50,50,50,13.358
9750,50,50,50,13.3435
9650,50,50,50,13.329
9550,50,50,50,13.3144
9450,50,50,50,13.2998
9350,50,50,50,13.2852
9250,50,50,50,13.2705
9150,50,50,50,13.2559
9050,50,50,50,13.2413
8950,50,50,50,13.2266
8850,50,50,50,13.212
8750,50,50,50,13.1973
8650,50,50,50,13.1827
8550,50,50,50,13.1681
8450,50,50,50,13.1535
8350,50,50,50,13.1389
8250,50,50,50,13.1243
8150,50,50,50,13.1097
8050,50,50,50,13.0951
7950,50,50,50,13.0805
7850,50,50,50,13.066
7750,50,50,50,13.0514
7650,50,50,50,13.0369
7550,50,50,50,13.0224
7450,50,50,50,13.0079
7350,50,50,50,12.9934
7250,50,50,50,12.9789
7150,50,50,50,12.9644
7050,50,50,50,12.95
6950,50,50,50,12.9355
6850,50,50,50,12.9211
6750,50,50,50,12.9067
6650,50,50,50,12.8923
6550,50,50,50,12.8779
6450,50,50,50,12.8635
6350,50,50,50,12.8491
6250,50,50,50,12.8347
6150,50,50,50,12.8204
6050,50,50,50,12.806
5950,50,50,50,12.7917
5850,50,50,50,12.7773
5750,50,50,50,12.763
5650,50,50,50,12.7487
5550,50,50,50,12.7344
5450,50,50,50,12.7201
5350,50,50,50,12.7058
5250,50,50,50,12.6915
5150,50,50,50,12.6773
5050,50,50,50,12.663
4950,50,50,50,12.6487
4850,50,50,50,12.6345
4750,50,50,50,12.6202
4650,50,50,50,12.606
4550,50,50,50,12.5918
4450,50,50,50,12.5775
4350,50,50,50,12.5633
4250,50,50,50,12.5491
4150,50,50,50,12.5349
4050,50,50,50,12.5207
3950,50,50,50,12.5064
3850,50,50,50,12.4922
3750,50,50,50,12.478
3650,50,50,50,12.4638
3550,50,50,50,12.4496
3450,50,50,50,12.4353
3350,50,50,50,12.4211
3250,50,50,50,12.4068
3150,50,50,50,12.3925
3050,50,50,50,12.3782
2950,50,50,50,12.3639
2850,50,50,50,12.3496
2750,50,50,50,12.3352
2650,50,50,50,12.3207
2550,50,50,50,12.3062
2450,50,50,50,12.2917
2350,50,50,50,12.277
2250,50,50,50,12.2623
2150,50,50,50,12.2474
2050,50,50,50,12.2325
1950,50,50,50,12.2174
1850,50,50,50,12.2021
1750,50,50,50,12.1866
1650,50,50,50,12.1709
1550,50,50,50,12.1549
1450,50,50,50,12.1386
1350,50,50,50,12.122
1250,50,50,50,12.105
1150,50,50,50,12.0875
1050,50,50,50,12.0697
950,50,50,50,12.0514
850,50,50,50,12.0326
750,50,50,50,12.0134
650,50,50,50,11.9939
550,50,50,50,11.9742
450,50,50,50,11.9548
350,50,50,50,11.9364
250,50,50,50,11.9203
150,50,50,50,11.9082
50,50,50,50,11.9017
