12750,50,50,50,13.3196
12650,50,50,50,13.3213
12550,50,50,50,13.324
12450,50,50,50,13.3269
12350,50,50,50,13.3295
12250,50,50,50,13.3312
12150,50,50,50,13.3317
12050,50,50,50,13.3309
11950,50,50,50,13.3287
11850,50,50,50,13.3252
11750,50,50,50,13.3203
11650,50,50,50,13.3142
11550,50,50,50,13.3069
11450,50,50,50,13.2986
11350,50,50,50,13.2894
11250,50,50,50,13.2793
11150,50,50,50,13.2686
11050,50,50,50,13.2573
10950,50,50,50,13.2454
10850,50,50,50,13.2331
10750,50,50,50,13.2204
10650,50,50,50,13.2074
10550,50,50,50,13.1941
10450,50,50,50,13.1806
10350,50,50,50,13.1669
10250,50,50,50,13.153
10150,50,50,50,13.1391
10050,50,50,50,13.125
9950,50,50,50,13.1108
9850,50,50,50,13.0966
9750,50,50,50,13.0824
9650,50,50,50,13.068
9550,50,50,50,13.0537
9450,50,50,50,13.0393
9350,50,50,50,13.0249
9250,50,50,50,13.0105
9150,50,50,50,12.9961
9050,50,50,50,12.9817
8950,50,50,50,12.9673
8850,50,50,50,12.9528
8750,50,50,50,12.9384
8650,50,50,50,12.924
8550,50,50,50,12.9096
8450,50,50,50,12.8952
8350,50,50,50,12.8808
8250,50,50,50,12.8664
8150,50,50,50,12.852
8050,50,50,50,12.8376
7950,50,50,50,12.8233
7850,50,50,50,12.8089
7750,50,50,50,12.7946
7650,50,50,50,12.7802
7550,50,50,50,12.7659
7450,50,50,50,12.7516
7350,50,50,50,12.7373
7250,50,50,50,12.7229
7150,50,50,50,12.7087
7050,50,50,50,12.6944
6950,50,50,50,12.6801
6850,50,50,50,12.6658
6750,50,50,50,12.6516
6650,50,50,50,12.6373
6550,50,50,50,12.6231
6450,50,50,50,12.6088
6350,50,50,50,12.5946
6250,50,50,50,12.5804
6150,50,50,50,12.5662
6050,50,50,50,12.552
5950,50,50,50,12.5378
5850,50,50,50,12.5236
5750,50,50,50,12.5094
5650,50,50,50,12.4952
5550,50,50,50,12.4811
5450,50,50,50,12.4669
5350,50,50,50,12.4528
5250,50,50,50,12.4386
5150,50,50,50,12.4245
5050,50,50,50,12.4103
4950,50,50,50,12.3962
4850,50,50,50,12.3821
4750,50,50,50,12.3679
4650,50,50,50,12.3538
4550,50,50,50,12.3397
4450,50,50,50,12.3256
4350,50,50,50,12.3115
4250,50,50,50,12.2974
4150,50,50,50,12.2833
4050,50,50,50,12.2692
3950,50,50,50,12.2551
3850,50,50,50,12.2409
3750,50,50,50,12.2268
3650,50,50,50,12.2127
3550,50,50,50,12.1986
3450,50,50,50,12.1844
3350,50,50,50,12.1703
3250,50,50,50,12.1561
3150,50,50,50,12.142
3050,50,50,50,12.1278
2950,50,50,50,12.1135
2850,50,50,50,12.0993
2750,50,50,50,12.085
2650,50,50,50,12.0706
2550,50,50,50,12.0562
2450,50,50,50,12.0417
2350,50,50,50,12.0272
2250,50,50,50,12.0126
2150,50,50,50,11.9979
2050,50,50,50,11.983
1950,50,50,50,11.968
1850,50,50,50,11.9529
1750,50,50,50,11.9375
1650,50,50,50,11.922
1550,50,50,50,11.9062
1450,50,50,50,11.8901
1350,50,50,50,11.8738
1250,50,50,50,11.857
1150,50,50,50,11.84
1050,50,50,50,11.8225
950,50,50,50,11.8046
850,50,50,50,11.7864
750,50,50,50,11.7677
650,50,50,50,11.7488
550,50,50,50,11.7299
450,50,50,50,11.7112
350,50,50,50,11.6937
250,50,50,50,11.6783
150,50,50,50,11.6668
50,50,50,50,11.6606
