12750,50,50,50,20.4235
12650,50,50,50,20.4256
12550,50,50,50,20.4273
12450,50,50,50,20.4253
12350,50,50,50,20.4176
12250,50,50,50,20.4028
12150,50,50,50,20.3803
12050,50,50,50,20.35
11950,50,50,50,20.3121
11850,50,50,50,20.2672
11750,50,50,50,20.2157
11650,50,50,50,20.1584
11550,50,50,50,20.0962
11450,50,50,50,20.0298
11350,50,50,50,19.9599
11250,50,50,50,19.8873
11150,50,50,50,19.8127
11050,50,50,50,19.7367
10950,50,50,50,19.6597
10850,50,50,50,19.5823
10750,50,50,50,19.5048
10650,50,50,50,19.4277
10550,50,50,50,19.3511
10450,50,50,50,19.2754
10350,50,50,50,19.2006
10250,50,50,50,19.127
10150,50,50,50,19.0547
10050,50,50,50,18.9837
9950,50,50,50,18.9142
9850,50,50,50,18.8461
9750,50,50,50,18.7795
9650,50,50,50,18.7144
9550,50,50,50,18.6508
9450,50,50,50,18.5887
9350,50,50,50,18.5281
9250,50,50,50,18.4689
9150,50,50,50,18.4111
9050,50,50,50,18.3547
8950,50,50,50,18.2996
8850,50,50,50,18.2459
8750,50,50,50,18.1934
8650,50,50,50,18.1421
8550,50,50,50,18.092
8450,50,50,50,18.0431
8350,50,50,50,17.9952
8250,50,50,50,17.9485
8150,50,50,50,17.9027
8050,50,50,50,17.858
7950,50,50,50,17.8142
7850,50,50,50,17.7713
7750,50,50,50,17.7294
7650,50,50,50,17.6882
7550,50,50,50,17.6479
7450,50,50,50,17.6084
7350,50,50,50,17.5697
7250,50,50,50,17.5317
7150,50,50,50,17.4944
7050,50,50,50,17.4577
6950,50,50,50,17.4217
6850,50,50,50,17.3864
6750,50,50,50,17.3516
6650,50,50,50,17.3174
6550,50,50,50,17.2838
6450,50,50,50,17.2508
6350,50,50,50,17.2182
6250,50,50,50,17.1861
6150,50,50,50,17.1545
6050,50,50,50,17.1234
5950,50,50,50,17.0927
5850,50,50,50,17.0625
5750,50,50,50,17.0326
5650,50,50,50,17.0032
5550,50,50,50,16.9741
5450,50,50,50,16.9454
5350,50,50,50,16.917
5250,50,50,50,16.889
5150,50,50,50,16.8613
5050,50,50,50,16.834
4950,50,50,50,16.8069
4850,50,50,50,16.7801
4750,50,50,50,16.7536
4650,50,50,50,16.7274
4550,50,50,50,16.7014
4450,50,50,50,16.6756
4350,50,50,50,16.6501
4250,50,50,50,16.6249
4150,50,50,50,16.5998
4050,50,50,50,16.575
3950,50,50,50,16.5503
3850,50,50,50,16.5259
3750,50,50,50,16.5016
3650,50,50,50,16.4775
3550,50,50,50,16.4536
3450,50,50,50,16.4298
3350,50,50,50,16.4061
3250,50,50,50,16.3826
3150,50,50,50,16.3591
3050,50,50,50,16.3358
2950,50,50,50,16.3125
2850,50,50,50,16.2893
2750,50,50,50,16.2661
2650,50,50,50,16.243
2550,50,50,50,16.2197
2450,50,50,50,16.1965
2350,50,50,50,16.1731
2250,50,50,50,16.1496
2150,50,50,50,16.1259
2050,50,50,50,16.1019
1950,50,50,50,16.0776
1850,50,50,50,16.0528
1750,50,50,50,16.0275
1650,50,50,50,16.0015
1550,50,50,50,15.9747
1450,50,50,50,15.947
1350,50,50,50,15.9182
1250,50,50,50,15.888
1150,50,50,50,15.8563
1050,50,50,50,15.8229
950,50,50,50,15.7876
850,50,50,50,15.7501
750,50,50,50,15.7104
650,50,50,50,15.6685
550,50,50,50,15.6246
450,50,50,50,15.5797
350,50,50,50,15.5357
250,50,50,50,15.4962
150,50,50,50,15.466
50,50,50,50,15.4494
