12750,50,50,50,-88.4895
12650,50,50,50,-88.4895
12550,50,50,50,-88.4895
12450,50,50,50,-88.4895
12350,50,50,50,-88.4895
12250,50,50,50,-88.4895
12150,50,50,50,-88.4895
12050,50,50,50,-88.4895
11950,50,50,50,-88.4895
11850,50,50,50,-88.4895
11750,50,50,50,-88.4895
11650,50,50,50,-88.4895
11550,50,50,50,-88.4895
11450,50,50,50,-88.4895
11350,50,50,50,-88.4895
11250,50,50,50,-88.4895
11150,50,50,50,-88.4895
11050,50,50,50,-88.4895
10950,50,50,50,-88.4895
10850,50,50,50,-88.4895
10750,50,50,50,-88.4895
10650,50,50,50,-88.4895
10550,50,50,50,-88.4895
10450,50,50,50,-88.4895
10350,50,50,50,-88.4895
10250,50,50,50,-88.4895
10150,50,50,50,-88.4895
10050,50,50,50,-88.4895
9950,50,50,50,-88.4895
9850,50,50,50,-88.4895
9750,50,50,50,-88.4895
9650,50,50,50,-88.4895
9550,50,50,50,-88.4895
9450,50,50,50,-88.4895
9350,50,50,50,-88.4894
9250,50,50,50,-88.4893
9150,50,50,50,-88.4892
9050,50,50,50,-88.489
8950,50,50,50,-88.4886
8850,50,50,50,-88.4879
8750,50,50,50,-88.4865
8650,50,50,50,-88.4841
8550,50,50,50,-88.4795
8450,50,50,50,-88.4711
8350,50,50,50,-88.4557
8250,50,50,50,-88.4273
8150,50,50,50,-88.375
8050,50,50,50,-88.2788
7950,50,50,50,-88.1019
7850,50,50,50,-87.7765
7750,50,50,50,-87.1792
7650,50,50,50,-86.0846
7550,50,50,50,-84.0841
7450,50,50,50,-80.4376
7350,50,50,50,-73.803
7250,50,50,50,-61.7573
7150,50,50,50,-40.0244
7050,50,50,50,-3.76868
6950,50,50,50,15.343
6850,50,50,50,21.406
6750,50,50,50,23.6567
6650,50,50,50,24.856
6550,50,50,50,25.7359
6450,50,50,50,26.4774
6350,50,50,50,27.1271
6250,50,50,50,27.7001
6150,50,50,50,28.204
6050,50,50,50,28.6441
5950,50,50,50,29.0252
5850,50,50,50,29.3514
5750,50,50,50,29.6265
5650,50,50,50,29.854
5550,50,50,50,30.0375
5450,50,50,50,30.1798
5350,50,50,50,30.2841
5250,50,50,50,30.353
5150,50,50,50,30.3891
5050,50,50,50,30.395
4950,50,50,50,30.3731
4850,50,50,50,30.3255
4750,50,50,50,30.2544
4650,50,50,50,30.1619
4550,50,50,50,30.0498
4450,50,50,50,29.9201
4350,50,50,50,29.7744
4250,50,50,50,29.6144
4150,50,50,50,29.4417
4050,50,50,50,29.2577
3950,50,50,50,29.0639
3850,50,50,50,28.8615
3750,50,50,50,28.6517
3650,50,50,50,28.4357
3550,50,50,50,28.2146
3450,50,50,50,27.9893
3350,50,50,50,27.7607
3250,50,50,50,27.5297
3150,50,50,50,27.297
3050,50,50,50,27.0633
2950,50,50,50,26.8293
2850,50,50,50,26.5954
2750,50,50,50,26.3622
2650,50,50,50,26.1302
2550,50,50,50,25.8996
2450,50,50,50,25.6708
2350,50,50,50,25.4441
2250,50,50,50,25.2197
2150,50,50,50,24.9977
2050,50,50,50,24.7782
1950,50,50,50,24.5614
1850,50,50,50,24.3472
1750,50,50,50,24.1356
1650,50,50,50,23.9266
1550,50,50,50,23.72
1450,50,50,50,23.5157
1350,50,50,50,23.3135
1250,50,50,50,23.1133
1150,50,50,50,22.9148
1050,50,50,50,22.7179
950,50,50,50,22.5226
850,50,50,50,22.3287
750,50,50,50,22.1366
650,50,50,50,21.9469
550,50,50,50,21.761
450,50,50,50,21.5815
350,50,50,50,21.4146
250,50,50,50,21.2704
150,50,50,50,21.1629
50,50,50,50,21.105
