12750,50,50,50,-88.571
12650,50,50,50,-88.5709
12550,50,50,50,-88.5707
12450,50,50,50,-88.5703
12350,50,50,50,-88.5697
12250,50,50,50,-88.5684
12150,50,50,50,-88.566
12050,50,50,50,-88.5617
11950,50,50,50,-88.5536
11850,50,50,50,-88.5387
11750,50,50,50,-88.5112
11650,50,50,50,-88.4603
11550,50,50,50,-88.3662
11450,50,50,50,-88.1925
11350,50,50,50,-87.8719
11250,50,50,50,-87.281
11150,50,50,50,-86.1943
11050,50,50,50,-84.2017
10950,50,50,50,-80.558
10850,50,50,50,-73.909
10750,50,50,50,-61.8017
10650,50,50,50,-39.8934
10550,50,50,50,-3.24668
10450,50,50,50,15.8732
10350,50,50,50,21.9019
10250,50,50,50,24.1223
10150,50,50,50,25.2969
10050,50,50,50,26.1553
9950,50,50,50,26.8775
9850,50,50,50,27.5092
9750,50,50,50,28.0652
9650,50,50,50,28.5532
9550,50,50,50,28.9783
9450,50,50,50,29.3451
9350,50,50,50,29.6578
9250,50,50,50,29.92
9150,50,50,50,30.1352
9050,50,50,50,30.3067
8950,50,50,50,30.4377
8850,50,50,50,30.5308
8750,50,50,50,30.589
8650,50,50,50,30.6148
8550,50,50,50,30.6107
8450,50,50,50,30.5789
8350,50,50,50,30.5219
8250,50,50,50,30.4416
8150,50,50,50,30.3401
8050,50,50,50,30.2194
7950,50,50,50,30.0813
7850,50,50,50,29.9275
7750,50,50,50,29.7596
7650,50,50,50,29.5793
7550,50,50,50,29.388
7450,50,50,50,29.187
7350,50,50,50,28.9778
7250,50,50,50,28.7615
7150,50,50,50,28.5392
7050,50,50,50,28.312
6950,50,50,50,28.081
6850,50,50,50,27.8469
6750,50,50,50,27.6108
6650,50,50,50,27.3732
6550,50,50,50,27.1351
6450,50,50,50,26.8969
6350,50,50,50,26.6593
6250,50,50,50,26.4228
6150,50,50,50,26.1879
6050,50,50,50,25.955
5950,50,50,50,25.7245
5850,50,50,50,25.4967
5750,50,50,50,25.272
5650,50,50,50,25.0505
5550,50,50,50,24.8325
5450,50,50,50,24.6182
5350,50,50,50,24.4076
5250,50,50,50,24.2011
5150,50,50,50,23.9986
5050,50,50,50,23.8002
4950,50,50,50,23.606
4850,50,50,50,23.416
4750,50,50,50,23.2303
4650,50,50,50,23.0488
4550,50,50,50,22.8716
4450,50,50,50,22.6987
4350,50,50,50,22.5299
4250,50,50,50,22.3653
4150,50,50,50,22.2049
4050,50,50,50,22.0485
3950,50,50,50,21.8961
3850,50,50,50,21.7477
3750,50,50,50,21.6031
3650,50,50,50,21.4623
3550,50,50,50,21.3253
3450,50,50,50,21.1919
3350,50,50,50,21.062
3250,50,50,50,20.9356
3150,50,50,50,20.8125
3050,50,50,50,20.6927
2950,50,50,50,20.576
2850,50,50,50,20.4623
2750,50,50,50,20.3516
2650,50,50,50,20.2437
2550,50,50,50,20.1385
2450,50,50,50,20.0358
2350,50,50,50,19.9355
2250,50,50,50,19.8375
2150,50,50,50,19.7415
2050,50,50,50,19.6475
1950,50,50,50,19.5551
1850,50,50,50,19.4643
1750,50,50,50,19.3747
1650,50,50,50,19.2862
1550,50,50,50,19.1983
1450,50,50,50,19.1109
1350,50,50,50,19.0236
1250,50,50,50,18.9361
1150,50,50,50,18.8479
1050,50,50,50,18.7588
950,50,50,50,18.6683
850,50,50,50,18.5762
750,50,50,50,18.4824
650,50,50,50,18.3869
550,50,50,50,18.2904
450,50,50,50,18.1945
350,50,50,50,18.1031
250,50,50,50,18.0226
150,50,50,50,17.9617
50,50,50,50,17.9287
