12750,50,50,50,16.4933
12650,50,50,50,16.4994
12550,50,50,50,16.51
12450,50,50,50,16.5228
12350,50,50,50,16.5359
12250,50,50,50,16.5477
12150,50,50,50,16.5573
12050,50,50,50,16.5643
11950,50,50,50,16.5683
11850,50,50,50,16.5693
11750,50,50,50,16.5674
11650,50,50,50,16.5627
11550,50,50,50,16.5554
11450,50,50,50,16.5457
11350,50,50,50,16.5341
11250,50,50,50,16.5206
11150,50,50,50,16.5056
11050,50,50,50,16.4892
10950,50,50,50,16.4718
10850,50,50,50,16.4534
10750,50,50,50,16.4342
10650,50,50,50,16.4144
10550,50,50,50,16.3941
10450,50,50,50,16.3733
10350,50,50,50,16.3523
10250,50,50,50,16.331
10150,50,50,50,16.3096
10050,50,50,50,16.288
9950,50,50,50,16.2664
9850,50,50,50,16.2446
9750,50,50,50,16.2229
9650,50,50,50,16.2012
9550,50,50,50,16.1795
9450,50,50,50,16.1579
9350,50,50,50,16.1363
9250,50,50,50,16.1148
9150,50,50,50,16.0933
9050,50,50,50,16.0719
8950,50,50,50,16.0506
8850,50,50,50,16.0294
8750,50,50,50,16.0083
8650,50,50,50,15.9873
8550,50,50,50,15.9663
8450,50,50,50,15.9455
8350,50,50,50,15.9247
8250,50,50,50,15.9041
8150,50,50,50,15.8835
8050,50,50,50,15.863
7950,50,50,50,15.8426
7850,50,50,50,15.8223
7750,50,50,50,15.8021
7650,50,50,50,15.782
7550,50,50,50,15.7619
7450,50,50,50,15.742
7350,50,50,50,15.7221
7250,50,50,50,15.7023
7150,50,50,50,15.6826
7050,50,50,50,15.6629
6950,50,50,50,15.6434
6850,50,50,50,15.6239
6750,50,50,50,15.6045
6650,50,50,50,15.5851
6550,50,50,50,15.5659
6450,50,50,50,15.5467
6350,50,50,50,15.5275
6250,50,50,50,15.5085
6150,50,50,50,15.4895
6050,50,50,50,15.4706
5950,50,50,50,15.4517
5850,50,50,50,15.4329
5750,50,50,50,15.4142
5650,50,50,50,15.3955
5550,50,50,50,15.3769
5450,50,50,50,15.3584
5350,50,50,50,15.3399
5250,50,50,50,15.3214
5150,50,50,50,15.303
5050,50,50,50,15.2847
4950,50,50,50,15.2664
4850,50,50,50,15.2482
4750,50,50,50,15.2301
4650,50,50,50,15.2119
4550,50,50,50,15.1939
4450,50,50,50,15.1759
4350,50,50,50,15.1579
4250,50,50,50,15.14
4150,50,50,50,15.1221
4050,50,50,50,15.1042
3950,50,50,50,15.0864
3850,50,50,50,15.0686
3750,50,50,50,15.0509
3650,50,50,50,15.0332
3550,50,50,50,15.0155
3450,50,50,50,14.9978
3350,50,50,50,14.9802
3250,50,50,50,14.9626
3150,50,50,50,14.9449
3050,50,50,50,14.9273
2950,50,50,50,14.9097
2850,50,50,50,14.892
2750,50,50,50,14.8743
2650,50,50,50,14.8565
2550,50,50,50,14.8387
2450,50,50,50,14.8208
2350,50,50,50,14.8027
2250,50,50,50,14.7845
2150,50,50,50,14.7662
2050,50,50,50,14.7476
1950,50,50,50,14.7287
1850,50,50,50,14.7095
1750,50,50,50,14.6899
1650,50,50,50,14.6698
1550,50,50,50,14.6491
1450,50,50,50,14.6278
1350,50,50,50,14.6057
1250,50,50,50,14.5827
1150,50,50,50,14.5586
1050,50,50,50,14.5334
950,50,50,50,14.5069
850,50,50,50,14.479
750,50,50,50,14.4496
650,50,50,50,14.4188
550,50,50,50,14.3869
450,50,50,50,14.3544
350,50,50,50,14.3227
250,50,50,50,14.2944
150,50,50,50,14.2728
50,50,50,50,14.261
