12750,50,50,50,30.4824
12650,50,50,50,30.4578
12550,50,50,50,30.4037
12450,50,50,50,30.3163
12350,50,50,50,30.1952
12250,50,50,50,30.0419
12150,50,50,50,29.859
12050,50,50,50,29.6499
11950,50,50,50,29.4182
11850,50,50,50,29.168
11750,50,50,50,28.9033
11650,50,50,50,28.6279
11550,50,50,50,28.3456
11450,50,50,50,28.0594
11350,50,50,50,27.7723
11250,50,50,50,27.4864
11150,50,50,50,27.2036
11050,50,50,50,26.9251
10950,50,50,50,26.652
10850,50,50,50,26.3848
10750,50,50,50,26.1239
10650,50,50,50,25.8695
10550,50,50,50,25.6214
10450,50,50,50,25.3796
10350,50,50,50,25.1439
10250,50,50,50,24.9142
10150,50,50,50,24.6901
10050,50,50,50,24.4716
9950,50,50,50,24.2583
9850,50,50,50,24.0502
9750,50,50,50,23.847
9650,50,50,50,23.6488
9550,50,50,50,23.4552
9450,50,50,50,23.2664
9350,50,50,50,23.0821
9250,50,50,50,22.9023
9150,50,50,50,22.7269
9050,50,50,50,22.5558
8950,50,50,50,22.3891
8850,50,50,50,22.2266
8750,50,50,50,22.0683
8650,50,50,50,21.914
8550,50,50,50,21.7638
8450,50,50,50,21.6175
8350,50,50,50,21.4751
8250,50,50,50,21.3365
8150,50,50,50,21.2017
8050,50,50,50,21.0705
7950,50,50,50,20.9428
7850,50,50,50,20.8187
7750,50,50,50,20.6979
7650,50,50,50,20.5805
7550,50,50,50,20.4664
7450,50,50,50,20.3553
7350,50,50,50,20.2474
7250,50,50,50,20.1425
7150,50,50,50,20.0404
7050,50,50,50,19.9412
6950,50,50,50,19.8448
6850,50,50,50,19.751
6750,50,50,50,19.6599
6650,50,50,50,19.5712
6550,50,50,50,19.485
6450,50,50,50,19.4012
6350,50,50,50,19.3197
6250,50,50,50,19.2404
6150,50,50,50,19.1632
6050,50,50,50,19.0881
5950,50,50,50,19.0151
5850,50,50,50,18.944
5750,50,50,50,18.8748
5650,50,50,50,18.8075
5550,50,50,50,18.7418
5450,50,50,50,18.6779
5350,50,50,50,18.6157
5250,50,50,50,18.555
5150,50,50,50,18.4959
5050,50,50,50,18.4382
4950,50,50,50,18.382
4850,50,50,50,18.3271
4750,50,50,50,18.2736
4650,50,50,50,18.2213
4550,50,50,50,18.1703
4450,50,50,50,18.1204
4350,50,50,50,18.0717
4250,50,50,50,18.0241
4150,50,50,50,17.9775
4050,50,50,50,17.9319
3950,50,50,50,17.8873
3850,50,50,50,17.8436
3750,50,50,50,17.8008
3650,50,50,50,17.7588
3550,50,50,50,17.7177
3450,50,50,50,17.6773
3350,50,50,50,17.6376
3250,50,50,50,17.5986
3150,50,50,50,17.5603
3050,50,50,50,17.5226
2950,50,50,50,17.4854
2850,50,50,50,17.4488
2750,50,50,50,17.4126
2650,50,50,50,17.3768
2550,50,50,50,17.3414
2450,50,50,50,17.3063
2350,50,50,50,17.2714
2250,50,50,50,17.2367
2150,50,50,50,17.202
2050,50,50,50,17.1673
1950,50,50,50,17.1324
1850,50,50,50,17.0973
1750,50,50,50,17.0617
1650,50,50,50,17.0255
1550,50,50,50,16.9886
1450,50,50,50,16.9507
1350,50,50,50,16.9116
1250,50,50,50,16.871
1150,50,50,50,16.8286
1050,50,50,50,16.7843
950,50,50,50,16.7376
850,50,50,50,16.6885
750,50,50,50,16.6366
650,50,50,50,16.5821
550,50,50,50,16.5252
450,50,50,50,16.4672
350,50,50,50,16.4105
250,50,50,50,16.3597
150,50,50,50,16.3209
50,50,50,50,16.2997
