12750,50,50,50,34.5847
12650,50,50,50,34.5192
12550,50,50,50,34.3846
12450,50,50,50,34.1815
12350,50,50,50,33.9172
12250,50,50,50,33.6033
12150,50,50,50,33.2534
12050,50,50,50,32.8812
11950,50,50,50,32.4993
11850,50,50,50,32.1185
11750,50,50,50,31.7469
11650,50,50,50,31.39
11550,50,50,50,31.0508
11450,50,50,50,30.7301
11350,50,50,50,30.4271
11250,50,50,50,30.1399
11150,50,50,50,29.8658
11050,50,50,50,29.6022
10950,50,50,50,29.3464
10850,50,50,50,29.0961
10750,50,50,50,28.8493
10650,50,50,50,28.6045
10550,50,50,50,28.3609
10450,50,50,50,28.1177
10350,50,50,50,27.8746
10250,50,50,50,27.6316
10150,50,50,50,27.3887
10050,50,50,50,27.1463
9950,50,50,50,26.9047
9850,50,50,50,26.6642
9750,50,50,50,26.4253
9650,50,50,50,26.1882
9550,50,50,50,25.9533
9450,50,50,50,25.721
9350,50,50,50,25.4916
9250,50,50,50,25.2654
9150,50,50,50,25.0425
9050,50,50,50,24.8232
8950,50,50,50,24.6076
8850,50,50,50,24.396
8750,50,50,50,24.1884
8650,50,50,50,23.9849
8550,50,50,50,23.7855
8450,50,50,50,23.5904
8350,50,50,50,23.3996
8250,50,50,50,23.2131
8150,50,50,50,23.0309
8050,50,50,50,22.853
7950,50,50,50,22.6794
7850,50,50,50,22.51
7750,50,50,50,22.3448
7650,50,50,50,22.1838
7550,50,50,50,22.0269
7450,50,50,50,21.874
7350,50,50,50,21.7251
7250,50,50,50,21.5802
7150,50,50,50,21.4391
7050,50,50,50,21.3018
6950,50,50,50,21.1682
6850,50,50,50,21.0382
6750,50,50,50,20.9117
6650,50,50,50,20.7888
6550,50,50,50,20.6692
6450,50,50,50,20.5529
6350,50,50,50,20.4398
6250,50,50,50,20.3299
6150,50,50,50,20.223
6050,50,50,50,20.119
5950,50,50,50,20.018
5850,50,50,50,19.9198
5750,50,50,50,19.8243
5650,50,50,50,19.7315
5550,50,50,50,19.6412
5450,50,50,50,19.5534
5350,50,50,50,19.4681
5250,50,50,50,19.3851
5150,50,50,50,19.3043
5050,50,50,50,19.2258
4950,50,50,50,19.1494
4850,50,50,50,19.0751
4750,50,50,50,19.0027
4650,50,50,50,18.9323
4550,50,50,50,18.8637
4450,50,50,50,18.7969
4350,50,50,50,18.7319
4250,50,50,50,18.6685
4150,50,50,50,18.6068
4050,50,50,50,18.5466
3950,50,50,50,18.4878
3850,50,50,50,18.4306
3750,50,50,50,18.3747
3650,50,50,50,18.3201
3550,50,50,50,18.2668
3450,50,50,50,18.2147
3350,50,50,50,18.1637
3250,50,50,50,18.1139
3150,50,50,50,18.0651
3050,50,50,50,18.0173
2950,50,50,50,17.9705
2850,50,50,50,17.9245
2750,50,50,50,17.8793
2650,50,50,50,17.8348
2550,50,50,50,17.791
2450,50,50,50,17.7478
2350,50,50,50,17.7051
2250,50,50,50,17.6628
2150,50,50,50,17.6208
2050,50,50,50,17.5791
1950,50,50,50,17.5373
1850,50,50,50,17.4955
1750,50,50,50,17.4535
1650,50,50,50,17.411
1550,50,50,50,17.3678
1450,50,50,50,17.3238
1350,50,50,50,17.2787
1250,50,50,50,17.2322
1150,50,50,50,17.184
1050,50,50,50,17.1338
950,50,50,50,17.0813
850,50,50,50,17.0262
750,50,50,50,16.9685
650,50,50,50,16.908
550,50,50,50,16.8453
450,50,50,50,16.7814
350,50,50,50,16.7193
250,50,50,50,16.6637
150,50,50,50,16.6213
50,50,50,50,16.5982
