12750,50,50,50,32.6091
12650,50,50,50,32.5726
12550,50,50,50,32.4944
12450,50,50,50,32.3713
12350,50,50,50,32.2041
12250,50,50,50,31.9967
12150,50,50,50,31.7542
12050,50,50,50,31.4827
11950,50,50,50,31.1888
11850,50,50,50,30.8788
11750,50,50,50,30.5586
11650,50,50,50,30.2333
11550,50,50,50,29.9074
11450,50,50,50,29.5843
11350,50,50,50,29.2665
11250,50,50,50,28.9555
11150,50,50,50,28.6522
11050,50,50,50,28.3571
10950,50,50,50,28.07
10850,50,50,50,27.7904
10750,50,50,50,27.518
10650,50,50,50,27.252
10550,50,50,50,26.9919
10450,50,50,50,26.7372
10350,50,50,50,26.4873
10250,50,50,50,26.242
10150,50,50,50,26.001
10050,50,50,50,25.7642
9950,50,50,50,25.5313
9850,50,50,50,25.3024
9750,50,50,50,25.0775
9650,50,50,50,24.8566
9550,50,50,50,24.6397
9450,50,50,50,24.4269
9350,50,50,50,24.2183
9250,50,50,50,24.0139
9150,50,50,50,23.8137
9050,50,50,50,23.6178
8950,50,50,50,23.4262
8850,50,50,50,23.2389
8750,50,50,50,23.056
8650,50,50,50,22.8773
8550,50,50,50,22.7029
8450,50,50,50,22.5328
8350,50,50,50,22.3669
8250,50,50,50,22.2052
8150,50,50,50,22.0476
8050,50,50,50,21.8941
7950,50,50,50,21.7445
7850,50,50,50,21.5989
7750,50,50,50,21.4572
7650,50,50,50,21.3192
7550,50,50,50,21.185
7450,50,50,50,21.0544
7350,50,50,50,20.9273
7250,50,50,50,20.8037
7150,50,50,50,20.6836
7050,50,50,50,20.5667
6950,50,50,50,20.4531
6850,50,50,50,20.3426
6750,50,50,50,20.2352
6650,50,50,50,20.1307
6550,50,50,50,20.0292
6450,50,50,50,19.9305
6350,50,50,50,19.8345
6250,50,50,50,19.7412
6150,50,50,50,19.6505
6050,50,50,50,19.5623
5950,50,50,50,19.4765
5850,50,50,50,19.3931
5750,50,50,50,19.3119
5650,50,50,50,19.233
5550,50,50,50,19.1563
5450,50,50,50,19.0816
5350,50,50,50,19.0089
5250,50,50,50,18.9381
5150,50,50,50,18.8692
5050,50,50,50,18.8022
4950,50,50,50,18.7369
4850,50,50,50,18.6733
4750,50,50,50,18.6113
4650,50,50,50,18.5509
4550,50,50,50,18.492
4450,50,50,50,18.4345
4350,50,50,50,18.3785
4250,50,50,50,18.3238
4150,50,50,50,18.2705
4050,50,50,50,18.2183
3950,50,50,50,18.1674
3850,50,50,50,18.1177
3750,50,50,50,18.069
3650,50,50,50,18.0215
3550,50,50,50,17.9749
3450,50,50,50,17.9293
3350,50,50,50,17.8846
3250,50,50,50,17.8408
3150,50,50,50,17.7978
3050,50,50,50,17.7556
2950,50,50,50,17.7141
2850,50,50,50,17.6733
2750,50,50,50,17.6331
2650,50,50,50,17.5935
2550,50,50,50,17.5544
2450,50,50,50,17.5157
2350,50,50,50,17.4773
2250,50,50,50,17.4392
2150,50,50,50,17.4013
2050,50,50,50,17.3634
1950,50,50,50,17.3255
1850,50,50,50,17.2873
1750,50,50,50,17.2489
1650,50,50,50,17.2099
1550,50,50,50,17.1701
1450,50,50,50,17.1295
1350,50,50,50,17.0877
1250,50,50,50,17.0444
1150,50,50,50,16.9994
1050,50,50,50,16.9523
950,50,50,50,16.903
850,50,50,50,16.8511
750,50,50,50,16.7965
650,50,50,50,16.7392
550,50,50,50,16.6796
450,50,50,50,16.6189
350,50,50,50,16.5596
250,50,50,50,16.5066
150,50,50,50,16.466
50,50,50,50,16.4439
