12750,50,50,50,11.9878
12650,50,50,50,11.9885
12550,50,50,50,11.9895
12450,50,50,50,11.9903
12350,50,50,50,11.9906
12250,50,50,50,11.99
12150,50,50,50,11.9884
12050,50,50,50,11.9858
11950,50,50,50,11.9819
11850,50,50,50,11.9771
11750,50,50,50,11.9711
11650,50,50,50,11.9642
11550,50,50,50,11.9564
11450,50,50,50,11.9477
11350,50,50,50,11.9383
11250,50,50,50,11.9283
11150,50,50,50,11.9177
11050,50,50,50,11.9066
10950,50,50,50,11.8951
10850,50,50,50,11.8832
10750,50,50,50,11.871
10650,50,50,50,11.8585
10550,50,50,50,11.8458
10450,50,50,50,11.8329
10350,50,50,50,11.8198
10250,50,50,50,11.8066
10150,50,50,50,11.7933
10050,50,50,50,11.7798
9950,50,50,50,11.7663
9850,50,50,50,11.7527
9750,50,50,50,11.7391
9650,50,50,50,11.7254
9550,50,50,50,11.7117
9450,50,50,50,11.6979
9350,50,50,50,11.6841
9250,50,50,50,11.6703
9150,50,50,50,11.6564
9050,50,50,50,11.6426
8950,50,50,50,11.6287
8850,50,50,50,11.6149
8750,50,50,50,11.601
8650,50,50,50,11.5871
8550,50,50,50,11.5732
8450,50,50,50,11.5593
8350,50,50,50,11.5454
8250,50,50,50,11.5315
8150,50,50,50,11.5176
8050,50,50,50,11.5037
7950,50,50,50,11.4898
7850,50,50,50,11.4759
7750,50,50,50,11.462
7650,50,50,50,11.4481
7550,50,50,50,11.4341
7450,50,50,50,11.4202
7350,50,50,50,11.4063
7250,50,50,50,11.3924
7150,50,50,50,11.3785
7050,50,50,50,11.3646
6950,50,50,50,11.3507
6850,50,50,50,11.3367
6750,50,50,50,11.3228
6650,50,50,50,11.3089
6550,50,50,50,11.295
6450,50,50,50,11.2811
6350,50,50,50,11.2672
6250,50,50,50,11.2533
6150,50,50,50,11.2394
6050,50,50,50,11.2254
5950,50,50,50,11.2115
5850,50,50,50,11.1976
5750,50,50,50,11.1837
5650,50,50,50,11.1698
5550,50,50,50,11.1558
5450,50,50,50,11.1419
5350,50,50,50,11.128
5250,50,50,50,11.114
5150,50,50,50,11.1001
5050,50,50,50,11.0862
4950,50,50,50,11.0722
4850,50,50,50,11.0583
4750,50,50,50,11.0443
4650,50,50,50,11.0304
4550,50,50,50,11.0164
4450,50,50,50,11.0024
4350,50,50,50,10.9885
4250,50,50,50,10.9745
4150,50,50,50,10.9605
4050,50,50,50,10.9465
3950,50,50,50,10.9325
3850,50,50,50,10.9185
3750,50,50,50,10.9045
3650,50,50,50,10.8905
3550,50,50,50,10.8765
3450,50,50,50,10.8624
3350,50,50,50,10.8483
3250,50,50,50,10.8342
3150,50,50,50,10.8201
3050,50,50,50,10.806
2950,50,50,50,10.7918
2850,50,50,50,10.7776
2750,50,50,50,10.7634
2650,50,50,50,10.7491
2550,50,50,50,10.7348
2450,50,50,50,10.7204
2350,50,50,50,10.706
2250,50,50,50,10.6915
2150,50,50,50,10.6769
2050,50,50,50,10.6622
1950,50,50,50,10.6475
1850,50,50,50,10.6326
1750,50,50,50,10.6176
1650,50,50,50,10.6025
1550,50,50,50,10.5872
1450,50,50,50,10.5718
1350,50,50,50,10.5562
1250,50,50,50,10.5404
1150,50,50,50,10.5245
1050,50,50,50,10.5084
950,50,50,50,10.4921
850,50,50,50,10.4758
750,50,50,50,10.4594
650,50,50,50,10.443
550,50,50,50,10.427
450,50,50,50,10.4115
350,50,50,50,10.3971
250,50,50,50,10.3848
150,50,50,50,10.3757
50,50,50,50,10.3708
