12750,50,50,50,22.2488
12650,50,50,50,22.2465
12550,50,50,50,22.2389
12450,50,50,50,22.223
12350,50,50,50,22.1971
12250,50,50,50,22.1604
12150,50,50,50,22.1127
12050,50,50,50,22.0545
11950,50,50,50,21.9862
11850,50,50,50,21.9088
11750,50,50,50,21.8233
11650,50,50,50,21.7306
11550,50,50,50,21.6319
11450,50,50,50,21.5284
11350,50,50,50,21.4209
11250,50,50,50,21.3106
11150,50,50,50,21.1983
11050,50,50,50,21.0848
10950,50,50,50,20.9709
10850,50,50,50,20.857
10750,50,50,50,20.7438
10650,50,50,50,20.6317
10550,50,50,50,20.521
10450,50,50,50,20.412
10350,50,50,50,20.305
10250,50,50,50,20.2001
10150,50,50,50,20.0974
10050,50,50,50,19.9971
9950,50,50,50,19.8992
9850,50,50,50,19.8037
9750,50,50,50,19.7106
9650,50,50,50,19.62
9550,50,50,50,19.5317
9450,50,50,50,19.4459
9350,50,50,50,19.3623
9250,50,50,50,19.281
9150,50,50,50,19.2018
9050,50,50,50,19.1249
8950,50,50,50,19.05
8850,50,50,50,18.9771
8750,50,50,50,18.9062
8650,50,50,50,18.8371
8550,50,50,50,18.7699
8450,50,50,50,18.7045
8350,50,50,50,18.6408
8250,50,50,50,18.5787
8150,50,50,50,18.5182
8050,50,50,50,18.4592
7950,50,50,50,18.4017
7850,50,50,50,18.3456
7750,50,50,50,18.2909
7650,50,50,50,18.2375
7550,50,50,50,18.1855
7450,50,50,50,18.1346
7350,50,50,50,18.0849
7250,50,50,50,18.0363
7150,50,50,50,17.9889
7050,50,50,50,17.9425
6950,50,50,50,17.8971
6850,50,50,50,17.8528
6750,50,50,50,17.8093
6650,50,50,50,17.7668
6550,50,50,50,17.7251
6450,50,50,50,17.6843
6350,50,50,50,17.6443
6250,50,50,50,17.6051
6150,50,50,50,17.5666
6050,50,50,50,17.5288
5950,50,50,50,17.4918
5850,50,50,50,17.4554
5750,50,50,50,17.4196
5650,50,50,50,17.3845
5550,50,50,50,17.35
5450,50,50,50,17.316
5350,50,50,50,17.2826
5250,50,50,50,17.2497
5150,50,50,50,17.2173
5050,50,50,50,17.1854
4950,50,50,50,17.154
4850,50,50,50,17.123
4750,50,50,50,17.0924
4650,50,50,50,17.0623
4550,50,50,50,17.0326
4450,50,50,50,17.0032
4350,50,50,50,16.9742
4250,50,50,50,16.9456
4150,50,50,50,16.9173
4050,50,50,50,16.8893
3950,50,50,50,16.8616
3850,50,50,50,16.8342
3750,50,50,50,16.8071
3650,50,50,50,16.7803
3550,50,50,50,16.7537
3450,50,50,50,16.7273
3350,50,50,50,16.7012
3250,50,50,50,16.6752
3150,50,50,50,16.6495
3050,50,50,50,16.6238
2950,50,50,50,16.5984
2850,50,50,50,16.573
2750,50,50,50,16.5477
2650,50,50,50,16.5225
2550,50,50,50,16.4973
2450,50,50,50,16.4721
2350,50,50,50,16.4468
2250,50,50,50,16.4214
2150,50,50,50,16.3958
2050,50,50,50,16.37
1950,50,50,50,16.3438
1850,50,50,50,16.3172
1750,50,50,50,16.2901
1650,50,50,50,16.2622
1550,50,50,50,16.2336
1450,50,50,50,16.2039
1350,50,50,50,16.1731
1250,50,50,50,16.1409
1150,50,50,50,16.1071
1050,50,50,50,16.0714
950,50,50,50,16.0337
850,50,50,50,15.9938
750,50,50,50,15.9514
650,50,50,50,15.9067
550,50,50,50,15.8599
450,50,50,50,15.8119
350,50,50,50,15.765
250,50,50,50,15.7228
150,50,50,50,15.6905
50,50,50,50,15.6729
