12750,50,50,50,-88.2142
12650,50,50,50,-88.2142
12550,50,50,50,-88.2142
12450,50,50,50,-88.2142
12350,50,50,50,-88.2142
12250,50,50,50,-88.2142
12150,50,50,50,-88.2142
12050,50,50,50,-88.2142
11950,50,50,50,-88.2142
11850,50,50,50,-88.2142
11750,50,50,50,-88.2142
11650,50,50,50,-88.2142
11550,50,50,50,-88.2142
11450,50,50,50,-88.2142
11350,50,50,50,-88.2142
11250,50,50,50,-88.2142
11150,50,50,50,-88.2142
11050,50,50,50,-88.2142
10950,50,50,50,-88.2142
10850,50,50,50,-88.2142
10750,50,50,50,-88.2142
10650,50,50,50,-88.2142
10550,50,50,50,-88.2142
10450,50,50,50,-88.2142
10350,50,50,50,-88.2142
10250,50,50,50,-88.2142
10150,50,50,50,-88.2142
10050,50,50,50,-88.2142
9950,50,50,50,-88.2142
9850,50,50,50,-88.2142
9750,50,50,50,-88.2142
9650,50,50,50,-88.2142
9550,50,50,50,-88.2142
9450,50,50,50,-88.2142
9350,50,50,50,-88.2142
9250,50,50,50,-88.2142
9150,50,50,50,-88.2142
9050,50,50,50,-88.2142
8950,50,50,50,-88.2142
8850,50,50,50,-88.2142
8750,50,50,50,-88.2142
8650,50,50,50,-88.2142
8550,50,50,50,-88.2142
8450,50,50,50,-88.2142
8350,50,50,50,-88.2142
8250,50,50,50,-88.2142
8150,50,50,50,-88.2142
8050,50,50,50,-88.2142
7950,50,50,50,-88.2142
7850,50,50,50,-88.2142
7750,50,50,50,-88.2142
7650,50,50,50,-88.2142
7550,50,50,50,-88.2142
7450,50,50,50,-88.2142
7350,50,50,50,-88.2142
7250,50,50,50,-88.2142
7150,50,50,50,-88.2142
7050,50,50,50,-88.2142
6950,50,50,50,-88.2142
6850,50,50,50,-88.2142
6750,50,50,50,-88.2142
6650,50,50,50,-88.2142
6550,50,50,50,-88.2141
6450,50,50,50,-88.2141
6350,50,50,50,-88.214
6250,50,50,50,-88.2139
6150,50,50,50,-88.2137
6050,50,50,50,-88.2132
5950,50,50,50,-88.2124
5850,50,50,50,-88.211
5750,50,50,50,-88.2083
5650,50,50,50,-88.2035
5550,50,50,50,-88.1946
5450,50,50,50,-88.1784
5350,50,50,50,-88.1487
5250,50,50,50,-88.0943
5150,50,50,50,-87.9949
5050,50,50,50,-87.8132
4950,50,50,50,-87.4809
4850,50,50,50,-86.8741
4750,50,50,50,-85.7677
4650,50,50,50,-83.7545
4550,50,50,50,-80.0984
4450,50,50,50,-73.469
4350,50,50,50,-61.4726
4250,50,50,50,-39.9059
4150,50,50,50,-4.16534
4050,50,50,50,14.6959
3950,50,50,50,20.749
3850,50,50,50,23.0331
3750,50,50,50,24.2672
3650,50,50,50,25.1786
3550,50,50,50,25.9491
3450,50,50,50,26.6259
3350,50,50,50,27.2245
3250,50,50,50,27.753
3150,50,50,50,28.217
3050,50,50,50,28.6214
2950,50,50,50,28.9704
2850,50,50,50,29.2682
2750,50,50,50,29.5183
2650,50,50,50,29.7243
2550,50,50,50,29.8894
2450,50,50,50,30.0165
2350,50,50,50,30.1085
2250,50,50,50,30.168
2150,50,50,50,30.1974
2050,50,50,50,30.1988
1950,50,50,50,30.1743
1850,50,50,50,30.1256
1750,50,50,50,30.0544
1650,50,50,50,29.962
1550,50,50,50,29.8497
1450,50,50,50,29.7184
1350,50,50,50,29.5692
1250,50,50,50,29.4027
1150,50,50,50,29.2198
1050,50,50,50,29.0211
950,50,50,50,28.8076
850,50,50,50,28.5804
750,50,50,50,28.3409
650,50,50,50,28.0915
550,50,50,50,27.8356
450,50,50,50,27.5786
350,50,50,50,27.3313
250,50,50,50,27.1121
150,50,50,50,26.9453
50,50,50,50,26.8546
