12750,50,50,50,12.0695
12650,50,50,50,12.0702
12550,50,50,50,12.0713
12450,50,50,50,12.0723
12350,50,50,50,12.0726
12250,50,50,50,12.0722
12150,50,50,50,12.0707
12050,50,50,50,12.0681
11950,50,50,50,12.0644
11850,50,50,50,12.0596
11750,50,50,50,12.0537
11650,50,50,50,12.0468
11550,50,50,50,12.039
11450,50,50,50,12.0304
11350,50,50,50,12.021
11250,50,50,50,12.011
11150,50,50,50,12.0004
11050,50,50,50,11.9894
10950,50,50,50,11.9778
10850,50,50,50,11.9659
10750,50,50,50,11.9537
10650,50,50,50,11.9412
10550,50,50,50,11.9285
10450,50,50,50,11.9156
10350,50,50,50,11.9025
10250,50,50,50,11.8892
10150,50,50,50,11.8759
10050,50,50,50,11.8624
9950,50,50,50,11.8489
9850,50,50,50,11.8353
9750,50,50,50,11.8216
9650,50,50,50,11.8079
9550,50,50,50,11.7942
9450,50,50,50,11.7804
9350,50,50,50,11.7666
9250,50,50,50,11.7528
9150,50,50,50,11.7389
9050,50,50,50,11.7251
8950,50,50,50,11.7112
8850,50,50,50,11.6973
8750,50,50,50,11.6834
8650,50,50,50,11.6695
8550,50,50,50,11.6556
8450,50,50,50,11.6417
8350,50,50,50,11.6278
8250,50,50,50,11.6139
8150,50,50,50,11.6
8050,50,50,50,11.5861
7950,50,50,50,11.5722
7850,50,50,50,11.5582
7750,50,50,50,11.5443
7650,50,50,50,11.5304
7550,50,50,50,11.5165
7450,50,50,50,11.5026
7350,50,50,50,11.4887
7250,50,50,50,11.4747
7150,50,50,50,11.4608
7050,50,50,50,11.4469
6950,50,50,50,11.433
6850,50,50,50,11.4191
6750,50,50,50,11.4052
6650,50,50,50,11.3913
6550,50,50,50,11.3774
6450,50,50,50,11.3634
6350,50,50,50,11.3495
6250,50,50,50,11.3356
6150,50,50,50,11.3217
6050,50,50,50,11.3078
5950,50,50,50,11.2939
5850,50,50,50,11.28
5750,50,50,50,11.2661
5650,50,50,50,11.2521
5550,50,50,50,11.2382
5450,50,50,50,11.2243
5350,50,50,50,11.2104
5250,50,50,50,11.1964
5150,50,50,50,11.1825
5050,50,50,50,11.1686
4950,50,50,50,11.1546
4850,50,50,50,11.1407
4750,50,50,50,11.1268
4650,50,50,50,11.1128
4550,50,50,50,11.0989
4450,50,50,50,11.0849
4350,50,50,50,11.071
4250,50,50,50,11.057
4150,50,50,50,11.043
4050,50,50,50,11.0291
3950,50,50,50,11.0151
3850,50,50,50,11.0011
3750,50,50,50,10.9871
3650,50,50,50,10.9731
3550,50,50,50,10.959
3450,50,50,50,10.945
3350,50,50,50,10.931
3250,50,50,50,10.9169
3150,50,50,50,10.9028
3050,50,50,50,10.8887
2950,50,50,50,10.8745
2850,50,50,50,10.8603
2750,50,50,50,10.8461
2650,50,50,50,10.8318
2550,50,50,50,10.8175
2450,50,50,50,10.8032
2350,50,50,50,10.7887
2250,50,50,50,10.7743
2150,50,50,50,10.7597
2050,50,50,50,10.745
1950,50,50,50,10.7303
1850,50,50,50,10.7154
1750,50,50,50,10.7004
1650,50,50,50,10.6853
1550,50,50,50,10.67
1450,50,50,50,10.6546
1350,50,50,50,10.639
1250,50,50,50,10.6232
1150,50,50,50,10.6072
1050,50,50,50,10.591
950,50,50,50,10.5747
850,50,50,50,10.5582
750,50,50,50,10.5417
650,50,50,50,10.5252
550,50,50,50,10.509
450,50,50,50,10.4934
350,50,50,50,10.4789
250,50,50,50,10.4664
150,50,50,50,10.4572
50,50,50,50,10.4522
