12750,50,50,50,-88.5318
12650,50,50,50,-88.5318
12550,50,50,50,-88.5318
12450,50,50,50,-88.5318
12350,50,50,50,-88.5318
12250,50,50,50,-88.5318
12150,50,50,50,-88.5318
12050,50,50,50,-88.5318
11950,50,50,50,-88.5318
11850,50,50,50,-88.5318
11750,50,50,50,-88.5318
11650,50,50,50,-88.5318
11550,50,50,50,-88.5318
11450,50,50,50,-88.5318
11350,50,50,50,-88.5318
11250,50,50,50,-88.5318
11150,50,50,50,-88.5318
11050,50,50,50,-88.5318
10950,50,50,50,-88.5318
10850,50,50,50,-88.5318
10750,50,50,50,-88.5318
10650,50,50,50,-88.5317
10550,50,50,50,-88.5317
10450,50,50,50,-88.5316
10350,50,50,50,-88.5316
10250,50,50,50,-88.5314
10150,50,50,50,-88.5311
10050,50,50,50,-88.5305
9950,50,50,50,-88.5294
9850,50,50,50,-88.5275
9750,50,50,50,-88.5239
9650,50,50,50,-88.5172
9550,50,50,50,-88.505
9450,50,50,50,-88.4825
9350,50,50,50,-88.4409
9250,50,50,50,-88.3642
9150,50,50,50,-88.2228
9050,50,50,50,-87.9624
8950,50,50,50,-87.4832
8850,50,50,50,-86.6032
8750,50,50,50,-84.9911
8650,50,50,50,-82.0462
8550,50,50,50,-76.6808
8450,50,50,50,-66.9343
8350,50,50,50,-49.3355
8250,50,50,50,-18.3886
8150,50,50,50,11.4004
8050,50,50,50,20.3321
7950,50,50,50,23.266
7850,50,50,50,24.6618
7750,50,50,50,25.613
7650,50,50,50,26.3889
7550,50,50,50,27.0616
7450,50,50,50,27.6537
7350,50,50,50,28.1748
7250,50,50,50,28.6308
7150,50,50,50,29.0265
7050,50,50,50,29.3662
6950,50,50,50,29.6537
6850,50,50,50,29.8926
6750,50,50,50,30.0864
6650,50,50,50,30.2382
6550,50,50,50,30.351
6450,50,50,50,30.4277
6350,50,50,50,30.4708
6250,50,50,50,30.483
6150,50,50,50,30.4666
6050,50,50,50,30.4238
5950,50,50,50,30.357
5850,50,50,50,30.2681
5750,50,50,50,30.1591
5650,50,50,50,30.0319
5550,50,50,50,29.8883
5450,50,50,50,29.7299
5350,50,50,50,29.5583
5250,50,50,50,29.375
5150,50,50,50,29.1816
5050,50,50,50,28.9792
4950,50,50,50,28.7692
4850,50,50,50,28.5527
4750,50,50,50,28.3308
4650,50,50,50,28.1045
4550,50,50,50,27.8748
4450,50,50,50,27.6425
4350,50,50,50,27.4085
4250,50,50,50,27.1735
4150,50,50,50,26.9381
4050,50,50,50,26.7029
3950,50,50,50,26.4686
3850,50,50,50,26.2355
3750,50,50,50,26.0041
3650,50,50,50,25.7749
3550,50,50,50,25.5482
3450,50,50,50,25.3242
3350,50,50,50,25.1032
3250,50,50,50,24.8854
3150,50,50,50,24.6711
3050,50,50,50,24.4603
2950,50,50,50,24.2532
2850,50,50,50,24.0499
2750,50,50,50,23.8504
2650,50,50,50,23.6547
2550,50,50,50,23.4628
2450,50,50,50,23.2748
2350,50,50,50,23.0905
2250,50,50,50,22.91
2150,50,50,50,22.733
2050,50,50,50,22.5595
1950,50,50,50,22.3893
1850,50,50,50,22.2222
1750,50,50,50,22.058
1650,50,50,50,21.8966
1550,50,50,50,21.7376
1450,50,50,50,21.5808
1350,50,50,50,21.4259
1250,50,50,50,21.2724
1150,50,50,50,21.1202
1050,50,50,50,20.9689
950,50,50,50,20.8182
850,50,50,50,20.668
750,50,50,50,20.5182
650,50,50,50,20.3693
550,50,50,50,20.2222
450,50,50,50,20.0792
350,50,50,50,19.9452
250,50,50,50,19.829
150,50,50,50,19.7419
50,50,50,50,19.695
