12750,50,50,50,13.4922
12650,50,50,50,13.494
12550,50,50,50,13.497
12450,50,50,50,13.5003
12350,50,50,50,13.5033
12250,50,50,50,13.5053
12150,50,50,50,13.5062
12050,50,50,50,13.5057
11950,50,50,50,13.5038
11850,50,50,50,13.5004
11750,50,50,50,13.4957
11650,50,50,50,13.4897
11550,50,50,50,13.4824
11450,50,50,50,13.4742
11350,50,50,50,13.465
11250,50,50,50,13.4549
11150,50,50,50,13.4441
11050,50,50,50,13.4327
10950,50,50,50,13.4207
10850,50,50,50,13.4083
10750,50,50,50,13.3955
10650,50,50,50,13.3823
10550,50,50,50,13.3689
10450,50,50,50,13.3553
10350,50,50,50,13.3414
10250,50,50,50,13.3274
10150,50,50,50,13.3133
10050,50,50,50,13.2991
9950,50,50,50,13.2848
9850,50,50,50,13.2704
9750,50,50,50,13.256
9650,50,50,50,13.2415
9550,50,50,50,13.227
9450,50,50,50,13.2125
9350,50,50,50,13.198
9250,50,50,50,13.1834
9150,50,50,50,13.1688
9050,50,50,50,13.1543
8950,50,50,50,13.1397
8850,50,50,50,13.1251
8750,50,50,50,13.1106
8650,50,50,50,13.096
8550,50,50,50,13.0815
8450,50,50,50,13.0669
8350,50,50,50,13.0524
8250,50,50,50,13.0379
8150,50,50,50,13.0234
8050,50,50,50,13.0089
7950,50,50,50,12.9944
7850,50,50,50,12.9799
7750,50,50,50,12.9654
7650,50,50,50,12.951
7550,50,50,50,12.9365
7450,50,50,50,12.9221
7350,50,50,50,12.9076
7250,50,50,50,12.8932
7150,50,50,50,12.8788
7050,50,50,50,12.8644
6950,50,50,50,12.85
6850,50,50,50,12.8356
6750,50,50,50,12.8213
6650,50,50,50,12.8069
6550,50,50,50,12.7926
6450,50,50,50,12.7783
6350,50,50,50,12.7639
6250,50,50,50,12.7496
6150,50,50,50,12.7353
6050,50,50,50,12.721
5950,50,50,50,12.7067
5850,50,50,50,12.6925
5750,50,50,50,12.6782
5650,50,50,50,12.6639
5550,50,50,50,12.6497
5450,50,50,50,12.6354
5350,50,50,50,12.6212
5250,50,50,50,12.6069
5150,50,50,50,12.5927
5050,50,50,50,12.5785
4950,50,50,50,12.5643
4850,50,50,50,12.5501
4750,50,50,50,12.5359
4650,50,50,50,12.5217
4550,50,50,50,12.5075
4450,50,50,50,12.4933
4350,50,50,50,12.4791
4250,50,50,50,12.4649
4150,50,50,50,12.4508
4050,50,50,50,12.4366
3950,50,50,50,12.4224
3850,50,50,50,12.4082
3750,50,50,50,12.3941
3650,50,50,50,12.3799
3550,50,50,50,12.3657
3450,50,50,50,12.3515
3350,50,50,50,12.3373
3250,50,50,50,12.323
3150,50,50,50,12.3088
3050,50,50,50,12.2945
2950,50,50,50,12.2803
2850,50,50,50,12.2659
2750,50,50,50,12.2516
2650,50,50,50,12.2372
2550,50,50,50,12.2227
2450,50,50,50,12.2082
2350,50,50,50,12.1936
2250,50,50,50,12.1789
2150,50,50,50,12.1641
2050,50,50,50,12.1492
1950,50,50,50,12.1341
1850,50,50,50,12.1188
1750,50,50,50,12.1034
1650,50,50,50,12.0877
1550,50,50,50,12.0718
1450,50,50,50,12.0556
1350,50,50,50,12.0391
1250,50,50,50,12.0222
1150,50,50,50,12.0049
1050,50,50,50,11.9872
950,50,50,50,11.969
850,50,50,50,11.9504
750,50,50,50,11.9314
650,50,50,50,11.9121
550,50,50,50,11.8927
450,50,50,50,11.8735
350,50,50,50,11.8554
250,50,50,50,11.8396
150,50,50,50,11.8277
50,50,50,50,11.8213
