12750,50,50,50,-86.2
12650,50,50,50,-86.2
12550,50,50,50,-86.2
12450,50,50,50,-86.2
12350,50,50,50,-86.2
12250,50,50,50,-86.2
12150,50,50,50,-86.2
12050,50,50,50,-86.2
11950,50,50,50,-86.2
11850,50,50,50,-86.2
11750,50,50,50,-86.2
11650,50,50,50,-86.2
11550,50,50,50,-86.2
11450,50,50,50,-86.2
11350,50,50,50,-86.2
11250,50,50,50,-86.2
11150,50,50,50,-86.2
11050,50,50,50,-86.2
10950,50,50,50,-86.2
10850,50,50,50,-86.2
10750,50,50,50,-86.2
10650,50,50,50,-86.2
10550,50,50,50,-86.2
10450,50,50,50,-86.2
10350,50,50,50,-86.2
10250,50,50,50,-86.2
10150,50,50,50,-86.2
10050,50,50,50,-86.2
9950,50,50,50,-86.2
9850,50,50,50,-86.2
9750,50,50,50,-86.2
9650,50,50,50,-86.2
9550,50,50,50,-86.2
9450,50,50,50,-86.2
9350,50,50,50,-86.2
9250,50,50,50,-86.2
9150,50,50,50,-86.2
9050,50,50,50,-86.2
8950,50,50,50,-86.2
8850,50,50,50,-86.2
8750,50,50,50,-86.2
8650,50,50,50,-86.2
8550,50,50,50,-86.2
8450,50,50,50,-86.2
8350,50,50,50,-86.2
8250,50,50,50,-86.2
8150,50,50,50,-86.2
8050,50,50,50,-86.2
7950,50,50,50,-86.2
7850,50,50,50,-86.2
7750,50,50,50,-86.2
7650,50,50,50,-86.2
7550,50,50,50,-86.2
7450,50,50,50,-86.2
7350,50,50,50,-86.2
7250,50,50,50,-86.2
7150,50,50,50,-86.2
7050,50,50,50,-86.2
6950,50,50,50,-86.2
6850,50,50,50,-86.2
6750,50,50,50,-86.2
6650,50,50,50,-86.2
6550,50,50,50,-86.2
6450,50,50,50,-86.2
6350,50,50,50,-86.2
6250,50,50,50,-86.2
6150,50,50,50,-86.2
6050,50,50,50,-86.2
5950,50,50,50,-86.2
5850,50,50,50,-86.2
5750,50,50,50,-86.2
5650,50,50,50,-86.2
5550,50,50,50,-86.2
5450,50,50,50,-86.2
5350,50,50,50,-86.2
5250,50,50,50,-86.2
5150,50,50,50,-86.2
5050,50,50,50,-86.2
4950,50,50,50,-86.2
4850,50,50,50,-86.2
4750,50,50,50,-86.2
4650,50,50,50,-86.2
4550,50,50,50,-86.2
4450,50,50,50,-86.2
4350,50,50,50,-86.2
4250,50,50,50,-86.2
4150,50,50,50,-86.2
4050,50,50,50,-86.2
3950,50,50,50,-86.2
3850,50,50,50,-86.2
3750,50,50,50,-86.2
3650,50,50,50,-86.2
3550,50,50,50,-86.2
3450,50,50,50,-86.2
3350,50,50,50,-86.2
3250,50,50,50,-86.2
3150,50,50,50,-86.2
3050,50,50,50,-86.2
2950,50,50,50,-86.2
2850,50,50,50,-86.2
2750,50,50,50,-86.2
2650,50,50,50,-86.2
2550,50,50,50,-86.2
2450,50,50,50,-86.2
2350,50,50,50,-86.2
2250,50,50,50,-86.2
2150,50,50,50,-86.2
2050,50,50,50,-86.2
1950,50,50,50,-86.2
1850,50,50,50,-86.2
1750,50,50,50,-86.2
1650,50,50,50,-86.2
1550,50,50,50,-86.2
1450,50,50,50,-86.2
1350,50,50,50,-86.2
1250,50,50,50,-86.2
1150,50,50,50,-86.2
1050,50,50,50,-86.2
950,50,50,50,-86.2
850,50,50,50,-86.2
750,50,50,50,-86.2
650,50,50,50,-86.2
550,50,50,50,-86.2
450,50,50,50,-86.2
350,50,50,50,-86.2
250,50,50,50,-86.2
150,50,50,50,-86.2
50,50,50,50,-86.2
