12750,50,50,50,16.2178
12650,50,50,50,16.2234
12550,50,50,50,16.2332
12450,50,50,50,16.2451
12350,50,50,50,16.2571
12250,50,50,50,16.2681
12150,50,50,50,16.277
12050,50,50,50,16.2835
11950,50,50,50,16.2872
11850,50,50,50,16.2881
11750,50,50,50,16.2863
11650,50,50,50,16.2819
11550,50,50,50,16.2751
11450,50,50,50,16.2662
11350,50,50,50,16.2554
11250,50,50,50,16.2429
11150,50,50,50,16.229
11050,50,50,50,16.2138
10950,50,50,50,16.1976
10850,50,50,50,16.1805
10750,50,50,50,16.1626
10650,50,50,50,16.1442
10550,50,50,50,16.1253
10450,50,50,50,16.106
10350,50,50,50,16.0864
10250,50,50,50,16.0665
10150,50,50,50,16.0465
10050,50,50,50,16.0263
9950,50,50,50,16.006
9850,50,50,50,15.9857
9750,50,50,50,15.9653
9650,50,50,50,15.9449
9550,50,50,50,15.9245
9450,50,50,50,15.9042
9350,50,50,50,15.8838
9250,50,50,50,15.8635
9150,50,50,50,15.8433
9050,50,50,50,15.8231
8950,50,50,50,15.803
8850,50,50,50,15.7829
8750,50,50,50,15.7629
8650,50,50,50,15.743
8550,50,50,50,15.7231
8450,50,50,50,15.7033
8350,50,50,50,15.6836
8250,50,50,50,15.6639
8150,50,50,50,15.6443
8050,50,50,50,15.6248
7950,50,50,50,15.6054
7850,50,50,50,15.586
7750,50,50,50,15.5667
7650,50,50,50,15.5475
7550,50,50,50,15.5283
7450,50,50,50,15.5093
7350,50,50,50,15.4902
7250,50,50,50,15.4713
7150,50,50,50,15.4524
7050,50,50,50,15.4335
6950,50,50,50,15.4148
6850,50,50,50,15.3961
6750,50,50,50,15.3774
6650,50,50,50,15.3588
6550,50,50,50,15.3403
6450,50,50,50,15.3219
6350,50,50,50,15.3035
6250,50,50,50,15.2851
6150,50,50,50,15.2668
6050,50,50,50,15.2486
5950,50,50,50,15.2304
5850,50,50,50,15.2123
5750,50,50,50,15.1942
5650,50,50,50,15.1762
5550,50,50,50,15.1582
5450,50,50,50,15.1403
5350,50,50,50,15.1224
5250,50,50,50,15.1046
5150,50,50,50,15.0868
5050,50,50,50,15.0691
4950,50,50,50,15.0514
4850,50,50,50,15.0338
4750,50,50,50,15.0162
4650,50,50,50,14.9986
4550,50,50,50,14.9811
4450,50,50,50,14.9637
4350,50,50,50,14.9462
4250,50,50,50,14.9288
4150,50,50,50,14.9115
4050,50,50,50,14.8942
3950,50,50,50,14.8769
3850,50,50,50,14.8596
3750,50,50,50,14.8424
3650,50,50,50,14.8252
3550,50,50,50,14.808
3450,50,50,50,14.7908
3350,50,50,50,14.7737
3250,50,50,50,14.7565
3150,50,50,50,14.7394
3050,50,50,50,14.7222
2950,50,50,50,14.7051
2850,50,50,50,14.6879
2750,50,50,50,14.6707
2650,50,50,50,14.6534
2550,50,50,50,14.636
2450,50,50,50,14.6186
2350,50,50,50,14.601
2250,50,50,50,14.5833
2150,50,50,50,14.5654
2050,50,50,50,14.5473
1950,50,50,50,14.529
1850,50,50,50,14.5103
1750,50,50,50,14.4912
1650,50,50,50,14.4717
1550,50,50,50,14.4517
1450,50,50,50,14.431
1350,50,50,50,14.4096
1250,50,50,50,14.3873
1150,50,50,50,14.3641
1050,50,50,50,14.3398
950,50,50,50,14.3143
850,50,50,50,14.2874
750,50,50,50,14.2592
650,50,50,50,14.2297
550,50,50,50,14.1992
450,50,50,50,14.1681
350,50,50,50,14.1379
250,50,50,50,14.111
150,50,50,50,14.0904
50,50,50,50,14.0792
