12750,50,50,50,15.6152
12650,50,50,50,15.6198
12550,50,50,50,15.6278
12450,50,50,50,15.6373
12350,50,50,50,15.6469
12250,50,50,50,15.6555
12150,50,50,50,15.6623
12050,50,50,50,15.667
11950,50,50,50,15.6694
11850,50,50,50,15.6694
11750,50,50,50,15.6671
11650,50,50,50,15.6626
11550,50,50,50,15.6561
11450,50,50,50,15.6477
11350,50,50,50,15.6378
11250,50,50,50,15.6265
11150,50,50,50,15.6139
11050,50,50,50,15.6003
10950,50,50,50,15.5858
10850,50,50,50,15.5705
10750,50,50,50,15.5546
10650,50,50,50,15.5382
10550,50,50,50,15.5214
10450,50,50,50,15.5042
10350,50,50,50,15.4868
10250,50,50,50,15.4691
10150,50,50,50,15.4512
10050,50,50,50,15.4332
9950,50,50,50,15.4151
9850,50,50,50,15.397
9750,50,50,50,15.3788
9650,50,50,50,15.3605
9550,50,50,50,15.3423
9450,50,50,50,15.324
9350,50,50,50,15.3057
9250,50,50,50,15.2875
9150,50,50,50,15.2693
9050,50,50,50,15.2511
8950,50,50,50,15.2329
8850,50,50,50,15.2148
8750,50,50,50,15.1967
8650,50,50,50,15.1787
8550,50,50,50,15.1607
8450,50,50,50,15.1427
8350,50,50,50,15.1248
8250,50,50,50,15.1069
8150,50,50,50,15.0891
8050,50,50,50,15.0713
7950,50,50,50,15.0536
7850,50,50,50,15.0359
7750,50,50,50,15.0182
7650,50,50,50,15.0007
7550,50,50,50,14.9831
7450,50,50,50,14.9656
7350,50,50,50,14.9481
7250,50,50,50,14.9307
7150,50,50,50,14.9133
7050,50,50,50,14.896
6950,50,50,50,14.8787
6850,50,50,50,14.8615
6750,50,50,50,14.8443
6650,50,50,50,14.8271
6550,50,50,50,14.81
6450,50,50,50,14.7929
6350,50,50,50,14.7759
6250,50,50,50,14.7589
6150,50,50,50,14.7419
6050,50,50,50,14.725
5950,50,50,50,14.7081
5850,50,50,50,14.6913
5750,50,50,50,14.6745
5650,50,50,50,14.6577
5550,50,50,50,14.641
5450,50,50,50,14.6243
5350,50,50,50,14.6076
5250,50,50,50,14.591
5150,50,50,50,14.5744
5050,50,50,50,14.5578
4950,50,50,50,14.5413
4850,50,50,50,14.5248
4750,50,50,50,14.5083
4650,50,50,50,14.4919
4550,50,50,50,14.4755
4450,50,50,50,14.4591
4350,50,50,50,14.4428
4250,50,50,50,14.4265
4150,50,50,50,14.4102
4050,50,50,50,14.3939
3950,50,50,50,14.3776
3850,50,50,50,14.3614
3750,50,50,50,14.3452
3650,50,50,50,14.329
3550,50,50,50,14.3128
3450,50,50,50,14.2966
3350,50,50,50,14.2804
3250,50,50,50,14.2643
3150,50,50,50,14.2481
3050,50,50,50,14.2319
2950,50,50,50,14.2157
2850,50,50,50,14.1995
2750,50,50,50,14.1832
2650,50,50,50,14.1669
2550,50,50,50,14.1505
2450,50,50,50,14.134
2350,50,50,50,14.1174
2250,50,50,50,14.1007
2150,50,50,50,14.0838
2050,50,50,50,14.0667
1950,50,50,50,14.0494
1850,50,50,50,14.0318
1750,50,50,50,14.0139
1650,50,50,50,13.9956
1550,50,50,50,13.9768
1450,50,50,50,13.9575
1350,50,50,50,13.9375
1250,50,50,50,13.9168
1150,50,50,50,13.8953
1050,50,50,50,13.8729
950,50,50,50,13.8494
850,50,50,50,13.8249
750,50,50,50,13.7992
650,50,50,50,13.7725
550,50,50,50,13.7449
450,50,50,50,13.7171
350,50,50,50,13.6901
250,50,50,50,13.6661
150,50,50,50,13.6478
50,50,50,50,13.6379
