0.000000
0.000000
0.000000
0.000000
0.000000
0.000000
0.000000
0.000000
0.000002
0.057215
0.997326
0.994323
0.990951
0.987580
0.984209
0.980839
0.977470
0.974100
0.970731
0.967361
0.963991
0.960621
0.957249
0.953877
0.950504
0.947130
0.943754
0.940377
0.936998
0.933616
0.930233
0.926847
0.923458
0.920065
0.916670
0.913271
0.909868
0.906461
0.903050
0.899633
0.896212
0.892785
0.889352
0.885913
0.882468
0.879016
0.875556
0.872088
0.868613
0.865128
0.861634
0.858130
0.854616
0.851092
0.847555
0.844006
0.840445
0.836870
0.833281
0.829676
0.826056
0.822418
0.818763
0.815089
0.811395
0.807680
0.803942
0.800181
0.796395
0.792582
0.788741
0.784870
0.780966
0.777029
0.773055
0.769041
0.764986
0.760886
0.756738
0.752538
0.748281
0.743964
0.739580
0.735125
0.730590
0.725968
0.721250
0.716426
0.711483
0.706405
0.701176
0.695773
0.690168
0.684328
0.678205
0.671742
0.664842
0.657393
0.649199
0.639929
0.628953
0.614749
0.571109
0.018311
0.000019
0.000000
0.000000
0.000000
0.000000
0.000000
0.000000
0.000000
0.000000
0.000000
0.000000
0.000000
0.000000
0.000000
0.000000
0.000000
0.000000
0.000000
0.000000
0.000000
0.000000
0.000000
0.000000
0.000000
0.000000
0.000000
0.000000
0.000000
0.000000
0.000000
0.000000
0.000000
0.000000
0.000000
0.000000
0.000000
0.000000
0.000000
0.000000
0.000000
0.000000
0.000000
0.000000
0.000000
0.000000
0.000000
0.000000
0.000000
0.000000
0.000000
0.000000
0.000000
0.000000
0.000000
0.000000
0.000000
0.000000
0.000000
0.000000
0.000000
0.000000
0.000000
0.000000
0.000000
0.000000
0.000000
0.000000
0.000000
0.000000
0.000000
0.000000
0.000000
0.000000
0.000000
0.000000
0.000000
0.000000
0.000000
0.000000
0.000000
0.000000
0.000000
0.000000
0.000000
0.000000
0.000000
0.000000
0.000000
0.000000
0.000000
0.000000
0.000000
0.000000
0.000000
0.000000
0.000000
0.000000
