513 7950 4950 50
514 7850 4950 50
518 7650 4950 50
519 7750 4950 50
568 7450 4950 50
569 7550 4950 50
573 7350 4950 50
574 7250 4950 50
578 7050 4950 50
579 7150 4950 50
588 6850 4950 50
589 6950 4950 50
593 6750 4950 50
594 6650 4950 50
598 6450 4950 50
599 6550 4950 50
852 8050 4950 50
855 8150 4950 50
856 8250 4950 50
859 8350 4950 50
868 8450 4950 50
871 8550 4950 50
872 8650 4950 50
875 8750 4950 50
916 8850 4950 50
919 8950 4950 50
920 9050 4950 50
923 9150 4950 50
932 9250 4950 50
935 9350 4950 50
936 9450 4950 50
939 9550 4950 50
1076 9650 4950 50
1079 9750 4950 50
1080 9850 4950 50
1083 9950 4950 50
4865 1550 4950 50
4866 1450 4950 50
4870 1250 4950 50
4871 1350 4950 50
4920 1050 4950 50
4921 1150 4950 50
4925 950 4950 50
4926 850 4950 50
4930 650 4950 50
4931 750 4950 50
4940 450 4950 50
4941 550 4950 50
4945 350 4950 50
4946 250 4950 50
4950 50 4950 50
4951 150 4950 50
5204 1650 4950 50
5207 1750 4950 50
5208 1850 4950 50
5211 1950 4950 50
5220 2050 4950 50
5223 2150 4950 50
5224 2250 4950 50
5227 2350 4950 50
5268 2450 4950 50
5271 2550 4950 50
5272 2650 4950 50
5275 2750 4950 50
5284 2850 4950 50
5287 2950 4950 50
5288 3050 4950 50
5291 3150 4950 50
5544 4650 4950 50
5545 4750 4950 50
5549 4550 4950 50
5550 4450 4950 50
5554 4250 4950 50
5555 4350 4950 50
5564 4050 4950 50
5565 4150 4950 50
5570 3850 4950 50
5571 3950 4950 50
5580 3650 4950 50
5581 3750 4950 50
5585 3550 4950 50
5586 3450 4950 50
5590 3250 4950 50
5591 3350 4950 50
6184 6250 4950 50
6185 6350 4950 50
6189 6150 4950 50
6190 6050 4950 50
6194 5850 4950 50
6195 5950 4950 50
6204 5650 4950 50
6205 5750 4950 50
6210 5450 4950 50
6211 5550 4950 50
6220 5250 4950 50
6221 5350 4950 50
6225 5150 4950 50
6226 5050 4950 50
6230 4850 4950 50
6231 4950 4950 50
