-86.199997
-86.466721
-86.465019
-86.464226
-86.463783
-86.463379
-86.462212
-86.432213
-85.494041
-57.594452
20.161463
21.631186
20.321199
18.284826
16.483614
15.155810
14.292966
13.819199
13.648499
13.702682
13.916629
14.238981
14.630948
15.064341
15.519353
15.982456
16.444468
16.898529
17.339823
17.765299
18.172903
18.561234
18.929214
19.276033
19.601051
19.903828
20.184080
20.441740
20.676916
20.889923
21.081247
21.251539
21.401583
21.532286
21.644644
21.739712
21.818596
21.882401
21.932247
21.969221
21.994368
22.008715
22.013214
22.008764
21.996216
21.976349
21.949884
21.917480
21.879747
21.837231
21.790430
21.739792
21.685722
21.628588
21.568712
21.506388
21.441866
21.375391
21.307152
21.237337
21.166109
21.093611
21.019970
20.945293
20.869684
20.793215
20.715975
20.638016
20.559406
20.480183
20.400404
20.320105
20.239309
20.158043
20.076328
19.994190
19.911646
19.828709
19.745388
19.661694
19.577629
19.493202
19.408415
19.323267
19.237762
19.151901
19.065678
18.979094
18.892145
18.804827
18.717136
18.629066
18.540617
18.451777
18.362537
18.272896
18.182840
18.092367
18.001467
17.910135
17.818371
17.726149
17.633467
17.540316
17.446686
17.352571
17.257963
17.162840
17.067204
16.971035
16.874332
16.777084
16.679274
16.580894
16.481930
16.382378
16.282221
16.181438
16.080034
15.977981
15.875278
15.771915
15.667872
15.563140
15.457704
15.351549
15.244661
15.137029
15.028635
14.919467
14.809514
14.698756
14.587181
14.474772
14.361514
14.247387
14.132379
14.016472
13.899649
13.781893
13.663190
13.543522
13.422871
13.301216
13.178540
13.054822
12.930042
12.804183
12.677222
12.549144
12.419926
12.289545
12.157985
12.025220
11.891230
11.755987
11.619473
11.481663
11.342533
11.202060
11.060221
10.916989
10.772341
10.626246
10.478684
10.329623
10.179037
10.026898
9.873179
9.717853
9.560888
9.402261
9.241933
9.079878
8.916059
8.750453
8.583016
8.413730
8.242544
8.069442
7.894380
7.717328
7.538249
7.357104
7.173858
6.988473
6.800909
6.611127
6.419089
6.224754
6.028084
5.829037
5.627571
5.423642
5.217203
5.008211
4.796620
4.582380
4.365444
4.145757
3.923268
3.697927
3.469679
3.238465
3.004228
2.766904
2.526430
2.282740
2.035764
1.785428
1.531657
1.274369
1.013480
0.748904
0.480545
0.208307
-0.067918
-0.348239
-0.632775
-0.921653
-1.215006
-1.512974
-1.815712
-2.123376
-2.436139
-2.754181
-3.077700
-3.406890
-3.741968
-4.083164
-4.430723
-4.784901
-5.145962
-5.514198
-5.889903
-6.273394
-6.664996
-7.065050
-7.473920
-7.891975
-8.319605
-8.757206
-9.205193
-9.663987
-10.134029
-10.615763
-11.109634
-11.616112
-12.135651
-12.668728
-13.215806
-13.777359
-14.353848
-14.945740
-15.553500
-16.177584
-16.818439
-17.476521
-18.152277
-18.846159
-19.558617
-20.290121
-21.041155
-21.812210
-22.603838
-23.416603
-24.251144
-25.108162
-25.988432
-26.892841
-27.822393
-28.778210
-29.761478
-30.773237
-31.814093
-32.883968
-33.982178
-35.107616
-36.259129
-37.435799
-38.643162
-39.893463
-41.197006
-42.561546
-43.993584
-45.498695
-47.081619
-48.746021
-50.493797
-52.324276
-54.233047
-56.210972
-58.243458
-60.310291
-62.386448
-64.443626
-66.452744
-68.386406
-70.221191
-71.939209
-73.528694
-74.983879
-76.304314
-77.493721
-78.558823
-79.508316
-80.351822
-81.099174
-81.759964
-82.343117
-82.856720
-83.308136
-83.703827
-84.049629
-84.350815
-84.612099
-84.837860
-85.032059
-85.198380
-85.340225
-85.460663
-85.562546
-85.648407
-85.720558
-85.781006
-85.831581
-85.873840
-85.909126
-85.938583
-85.963188
-85.983818
-86.001129
-86.015739
-86.028183
-86.038811
-86.047974
-86.055901
-86.062889
-86.069038
-86.074585
-86.079613
-86.084167
-86.088387
-86.092384
-86.096107
-86.099548
-86.102928
-86.106155
-86.109253
-86.112328
-86.115334
-86.118195
-86.121048
-86.123901
-86.126740
-86.129501
-86.132248
-86.134979
-86.137672
-86.140350
-86.143028
-86.145615
-86.148193
-86.150810
-86.153313
-86.155838
-86.158318
-86.160812
-86.163277
-86.165901
-86.168434
-86.170845
-86.173286
-86.175720
-86.178162
-86.180542
-86.182983
-86.185341
-86.187653
-86.189934
-86.192253
-86.194504
-86.196793
-86.199028
-86.201225
-86.203499
-86.205704
-86.207863
-86.209991
-86.212181
-86.214455
-86.216591
-86.218666
-86.220734
-86.222794
-86.224785
-86.226944
-86.228989
-86.231010
-86.232925
-86.234886
-86.236832
-86.238747
-86.240700
-86.242607
-86.244514
-86.246422
-86.248238
-86.250031
-86.251884
-86.253708
-86.255493
-86.257240
-86.258965
-86.260674
-86.262367
-86.264114
-86.265747
-86.267372
-86.269066
-86.270699
-86.272301
-86.273880
-86.275543
-86.277107
-86.278633
-86.280182
-86.281715
-86.283195
-86.284683
-86.286171
-86.287636
-86.289078
-86.290436
-86.291817
-86.293289
-86.294800
-86.296257
-86.297554
-86.298889
-86.300247
-86.301651
-86.303108
-86.304489
-86.305817
-86.307159
-86.308403
-86.309731
-86.311005
-86.312149
-86.313278
-86.314255
-86.315147
-86.315994
-86.316788
-86.317535
-86.318161
-86.318710
-86.319229
-86.319778
-86.320267
-86.320702
-86.321129
-86.321533
-86.321869
-86.322258
-86.322685
-86.323120
-86.323410
-86.323723
-86.324104
-86.324486
-86.324837
-86.325134
-86.325409
-86.325706
-86.325836
-86.325951
-86.326042
-86.326057
-86.326057
-86.326057
-86.326057
-86.326057
-86.326057
-86.326057
-86.326057
-86.326057
-86.326057
-86.326057
-86.326057
-86.326057
-86.326057
-86.326057
-86.326057
-86.326057
-86.326057
-86.326057
-86.326057
-86.326057
-86.326057
-86.326057
-86.326057
-86.326057
-86.326050
-86.326042
-86.326035
-86.326035
-86.326035
-86.326004
-86.325981
-86.325958
-86.325935
-86.325920
-86.325897
-86.325882
-86.325859
-86.325844
-86.325821
-86.325790
-86.325760
-86.325722
-86.325691
-86.325668
-86.325638
-86.325607
-86.325577
-86.325554
-86.325523
-86.325493
-86.325470
-86.325447
-86.325424
-86.325409
-86.325401
-86.325386
-86.325371
-86.325356
-86.325340
-86.325333
-86.325317
-86.325302
-86.325294
-86.325279
-86.325272
-86.325256
-86.325249
-86.325233
-86.325218
-86.325203
-86.325188
-86.325172
-86.325157
-86.325150
-86.325142
-86.325134
-86.325119
-86.325104
-86.325089
-86.325081
-86.325073
-86.325058
-86.325050
-86.325043
-86.325035
-86.325020
-86.325005
-86.324997
-86.324989
-86.324982
-86.324974
-86.324966
-86.324959
-86.324951
-86.324944
-86.324936
-86.324921
-86.324913
-86.324905
-86.324898
-86.324898
-86.324890
-86.324883
-86.324875
-86.324875
-86.324867
-86.324860
-86.324852
-86.324844
-86.324837
-86.324829
-86.324821
-86.324814
-86.324806
-86.324799
-86.324791
-86.324791
-86.324783
-86.324776
-86.324768
-86.324760
-86.324760
-86.324753
-86.324745
-86.324738
-86.324738
-86.324730
-86.324722
-86.324722
-86.324715
-86.324707
-86.324707
-86.324699
-86.324699
-86.324692
-86.324692
-86.324692
-86.324684
-86.324684
-86.324677
-86.324677
-86.324669
-86.324669
-86.324661
-86.324661
-86.324654
-86.324654
-86.324646
-86.324646
-86.324646
-86.324638
-86.324638
-86.324638
-86.324631
-86.324631
-86.324631
-86.324623
-86.324623
-86.324623
-86.324615
-86.324615
-86.324615
-86.324615
-86.324608
-86.324608
-86.324608
-86.324600
-86.324600
-86.324600
-86.324600
-86.324593
-86.324593
-86.324593
-86.324593
-86.324585
-86.324585
-86.324585
-86.324585
-86.324577
-86.324577
-86.324577
-86.324577
-86.324577
-86.324570
-86.324570
-86.324570
-86.324570
-86.324570
-86.324562
-86.324562
-86.324562
-86.324562
-86.324562
-86.324562
-86.324554
-86.324554
-86.324554
-86.324554
-86.324554
-86.324554
-86.324547
-86.324547
-86.324547
-86.324547
-86.324547
-86.324547
-86.324539
-86.324539
-86.324539
-86.324539
-86.324539
-86.324539
-86.324539
-86.324539
-86.324532
-86.324532
-86.324532
-86.324532
-86.324532
-86.324532
-86.324532
-86.324532
-86.324524
-86.324524
-86.324524
-86.324524
-86.324524
-86.324524
-86.324524
-86.324524
-86.324524
-86.324516
-86.324516
-86.324516
-86.324516
-86.324516
-86.324516
-86.324516
-86.324516
-86.324516
-86.324516
-86.324516
-86.324509
-86.324509
-86.324509
-86.324509
-86.324509
-86.324509
-86.324509
-86.324509
-86.324509
-86.324509
-86.324509
-86.324509
-86.324509
-86.324501
-86.324501
-86.324501
-86.324501
-86.324501
-86.324501
-86.324501
-86.324501
-86.324501
-86.324501
-86.324501
-86.324501
-86.324501
-86.324501
-86.324501
-86.324501
-86.324493
-86.324493
-86.324493
-86.324493
-86.324493
-86.324493
-86.324493
-86.324493
-86.324493
-86.324493
-86.324493
-86.324493
-86.324493
-86.324493
-86.324493
-86.324493
-86.324493
-86.324493
-86.324493
-86.324493
-86.324486
-86.324486
-86.324486
-86.324486
-86.324486
-86.324486
-86.324486
-86.324486
-86.324486
-86.324486
-86.324486
-86.324486
-86.324486
-86.324486
-86.324486
-86.324486
-86.324486
-86.324486
-86.324486
-86.324486
-86.324486
-86.324486
-86.324486
-86.324486
-86.324486
-86.324486
-86.324486
-86.324478
-86.324478
-86.324478
-86.324478
-86.324478
-86.324478
-86.324478
-86.324478
-86.324478
-86.324478
-86.324478
-86.324478
-86.324478
-86.324478
-86.324478
-86.324478
-86.324478
-86.324478
-86.324478
-86.324478
-86.324478
-86.324478
-86.324478
-86.324478
-86.324478
-86.324478
-86.324478
-86.324478
-86.324478
-86.324478
-86.324478
-86.324478
-86.324478
-86.324478
-86.324478
-86.324478
-86.324478
-86.324478
-86.324478
-86.324478
-86.324478
-86.324478
-86.324478
-86.324478
-86.324478
-86.324471
-86.324471
-86.324471
-86.324471
-86.324471
-86.324501
-86.324501
-86.324501
-86.324501
-86.324501
-86.324501
-86.324501
-86.324501
-86.324501
-86.324501
-86.324501
-86.324501
-86.324501
-86.324524
-86.324554
-86.324570
-86.324608
-86.324654
-86.324654
-86.324654
-86.324654
-86.324654
-86.324654
-86.324654
-86.324654
-86.324654
-86.324677
-86.324715
-86.324753
-86.324783
-86.324844
-86.324860
-86.324860
-86.324860
-86.324860
-86.324860
-86.324860
-86.324860
-86.324860
-86.324860
-86.324860
-86.324860
-86.324860
-86.324860
-86.324860
-86.324860
-86.324860
-86.324860
-86.324860
-86.324860
-86.324860
-86.324860
-86.324860
-86.324860
-86.324860
-86.324860
-86.324860
-86.324860
-86.324860
-86.324860
-86.324860
-86.324860
-86.324860
-86.324860
-86.324860
-86.324860
-86.324860
-86.324860
-86.324860
-86.324867
-86.324875
-86.324883
-86.324883
-86.324883
-86.324883
-86.324890
-86.324890
-86.324890
-86.324890
-86.324890
-86.324890
-86.324890
-86.324898
-86.324905
-86.324905
-86.324905
-86.324905
-86.324905
-86.324905
-86.324905
-86.324905
-86.324905
-86.324905
-86.324905
-86.324905
-86.324905
-86.324905
-86.324905
-86.324905
-86.324905
-86.324905
-86.324905
-86.324905
-86.324905
-86.324905
-86.324905
-86.324905
-86.324913
-86.324913
-86.324913
-86.324913
-86.324913
-86.324913
-86.324913
-86.324913
-86.324913
-86.324913
-86.324913
-86.324913
-86.324913
-86.324913
-86.324936
-86.324974
-86.325027
-86.325165
-86.325287
-86.325325
-86.325325
-86.325325
-86.325325
-86.325325
-86.325325
-86.325325
-86.325325
-86.325325
-86.325325
-86.325325
-86.325325
-86.325325
-86.325325
-86.325325
-86.325325
-86.325325
-86.325325
-86.325325
-86.325325
-86.325325
-86.325340
-86.324532
-86.296425
-85.417397
-59.346764
19.919912
21.511427
20.138828
18.065714
16.257814
14.939528
14.093500
13.638867
13.486908
13.558052
13.786598
14.121080
14.522870
14.964076
15.425239
15.893175
16.358980
16.816044
17.259815
17.687439
18.097008
18.487215
18.857059
19.205753
19.532694
19.837435
20.119703
20.379414
20.616663
20.831736
21.025110
21.197409
21.349409
21.482000
21.596169
21.692953
21.773445
21.838753
21.889984
21.928228
21.954542
21.969934
21.975374
21.971769
21.959953
21.940741
21.914837
21.882921
21.845596
21.803415
21.756889
21.706465
21.652554
21.595524
21.535707
21.473400
21.408869
21.342340
21.274027
21.204107
21.132753
21.060102
20.986284
20.911415
20.835590
20.758900
20.681417
20.603214
20.524338
20.444845
20.364779
20.284187
20.203087
20.121510
20.039492
19.957039
19.874170
19.790901
19.707245
19.623207
19.538799
19.454027
19.368893
19.283386
19.197523
19.111300
19.024710
18.937752
18.850431
18.762739
18.674665
18.586218
18.497379
18.408154
18.318523
18.228489
18.138041
18.047173
17.955870
17.864136
17.771952
17.679317
17.586222
17.492655
17.398607
17.304068
17.209019
17.113468
17.017393
16.920782
16.823639
16.725939
16.627672
16.528833
16.429403
16.329384
16.228762
16.127508
16.025618
15.923084
15.819892
15.716031
15.611485
15.506245
15.400293
15.293621
15.186212
15.078049
14.969117
14.859406
14.748897
14.637578
14.525435
14.412454
14.298615
14.183907
14.068307
13.951802
13.834375
13.716007
13.596683
13.476381
13.355090
13.232789
13.109457
12.985076
12.859627
12.733088
12.605438
12.476659
12.346730
12.215632
12.083344
11.949839
11.815099
11.679099
11.541816
11.403225
11.263304
11.122026
10.979370
10.835310
10.689820
10.542876
10.394451
10.244514
10.093041
9.940000
9.785365
9.629106
9.471194
9.311604
9.150301
8.987258
8.822442
8.655818
8.487358
8.317019
8.144775
7.970590
7.794430
7.616262
7.436050
7.253759
7.069349
6.882782
6.694019
6.503023
6.309753
6.114167
5.916225
5.715887
5.513109
5.307848
5.100060
4.889696
4.676709
4.461051
4.242673
4.021525
3.797551
3.570698
3.340910
3.108129
2.872297
2.633350
2.391224
2.145849
1.897156
1.645068
1.389507
1.130392
0.867637
0.601150
0.330836
0.056592
-0.221689
-0.504119
-0.790821
-1.081924
-1.377565
-1.677889
-1.983052
-2.293218
-2.608563
-2.929272
-3.255543
-3.587584
-3.925617
-4.269881
-4.620616
-4.978083
-5.342560
-5.714340
-6.093727
-6.481037
-6.876612
-7.280793
-7.693948
-8.116457
-8.548710
-8.991109
-9.444072
-9.908030
-10.383416
-10.870683
-11.370284
-11.882676
-12.408326
-12.947700
-13.501263
-14.069482
-14.652823
-15.251748
-15.866714
-16.498169
-17.146564
-17.812344
-18.495964
-19.197861
-19.918507
-20.658361
-21.417915
-22.197689
-22.998230
-23.820137
-24.664066
-25.530756
-26.421024
-27.335804
-28.276146
-29.243221
-30.238207
-31.262005
-32.314953
-33.396648
-34.506130
-35.642101
-36.803318
-37.990250
-39.213028
-40.483662
-41.811024
-43.202206
-44.663254
-46.199440
-47.815125
-49.513332
-51.295040
-53.158165
-55.096485
-57.098667
-59.147739
-61.221302
-63.292637
-65.332726
-67.312744
-69.206642
-70.993095
-72.656723
-74.188347
-75.584572
-76.846870
-77.980469
-78.993095
-79.893990
-80.693031
-81.400040
-82.024406
-82.574730
-83.058823
-83.483650
-83.855431
-84.179779
-84.461708
-84.705780
-84.916199
-85.096848
-85.251244
-85.382668
-85.494034
-85.588120
-85.667313
-85.733788
-85.789459
-85.836029
-85.874939
-85.907448
-85.934601
-85.957352
-85.976440
-85.992516
-86.006126
-86.017708
-86.027657
-86.036278
-86.043839
-86.050484
-86.056396
-86.061737
-86.066544
-86.071007
-86.075188
-86.079033
-86.082771
-86.086243
-86.089577
-86.092766
-86.095879
-86.098953
-86.101929
-86.104935
-86.107849
-86.110725
-86.113487
-86.116287
-86.119041
-86.121796
-86.124474
-86.127213
-86.129929
-86.132584
-86.135254
-86.137909
-86.140488
-86.143005
-86.145561
-86.148163
-86.150650
-86.153183
-86.155685
-86.158211
-86.160645
-86.163116
-86.165604
-86.168015
-86.170441
-86.172836
-86.175217
-86.177567
-86.179886
-86.182198
-86.184486
-86.186775
-86.188980
-86.191216
-86.193413
-86.195633
-86.197838
-86.200012
-86.202171
-86.204391
-86.206474
-86.208504
-86.210625
-86.212700
-86.214684
-86.216644
-86.218719
-86.220718
-86.222656
-86.224579
-86.226471
-86.228340
-86.230179
-86.232025
-86.233826
-86.235680
-86.237442
-86.239281
-86.241058
-86.242828
-86.244606
-86.246391
-86.248123
-86.249825
-86.251518
-86.253204
-86.254852
-86.256516
-86.258087
-86.259720
-86.261322
-86.262932
-86.264496
-86.266029
-86.267662
-86.269218
-86.270737
-86.272194
-86.273628
-86.275108
-86.276604
-86.278023
-86.279495
-86.280952
-86.282387
-86.283699
-86.285110
-86.286575
-86.288010
-86.289352
-86.290688
-86.292023
-86.293449
-86.294762
-86.295906
-86.297028
-86.297890
-86.298660
-86.299431
-86.300194
-86.300896
-86.301651
-86.302307
-86.302963
-86.303703
-86.304176
-86.304764
-86.305336
-86.305809
-86.306419
-86.306900
-86.307320
-86.307724
-86.308060
-86.308266
-86.308464
-86.308578
-86.308693
-86.308701
-86.308731
-86.308746
-86.308754
-86.308784
-86.308807
-86.308830
-86.308830
-86.308830
-86.308830
-86.308830
-86.308830
-86.308830
-86.308830
-86.308830
-86.308830
-86.308823
-86.308823
-86.308823
-86.308823
-86.308823
-86.308823
-86.308823
-86.308823
-86.308823
-86.308815
-86.308792
-86.308777
-86.308777
-86.308777
-86.308777
-86.308777
-86.308777
-86.308777
-86.308777
-86.308777
-86.308777
-86.308762
-86.308739
-86.308739
-86.308723
-86.308701
-86.308670
-86.308662
-86.308640
-86.308624
-86.308624
-86.308624
-86.308586
-86.308556
-86.308525
-86.308487
-86.308464
-86.308441
-86.308418
-86.308411
-86.308411
-86.308411
-86.308411
-86.308411
-86.308411
-86.308395
-86.308388
-86.308380
-86.308372
-86.308372
-86.308372
-86.308372
-86.308365
-86.308342
-86.308319
-86.308304
-86.308289
-86.308273
-86.308258
-86.308250
-86.308243
-86.308235
-86.308228
-86.308220
-86.308212
-86.308205
-86.308197
-86.308189
-86.308189
-86.308182
-86.308182
-86.308182
-86.308182
-86.308182
-86.308182
-86.308182
-86.308182
-86.308182
-86.308167
-86.308151
-86.308136
-86.308128
-86.308121
-86.308113
-86.308098
-86.308090
-86.308083
-86.308067
-86.308060
-86.308052
-86.308044
-86.308029
-86.308022
-86.308014
-86.308006
-86.307991
-86.307983
-86.307976
-86.307976
-86.307968
-86.307961
-86.307953
-86.307945
-86.307945
-86.307938
-86.307938
-86.307938
-86.307938
-86.307938
-86.307938
-86.307938
-86.307938
-86.307930
-86.307930
-86.307930
-86.307930
-86.307930
-86.307930
-86.307930
-86.307930
-86.307930
-86.307930
-86.307930
-86.307930
-86.307930
-86.307930
-86.307930
-86.307930
-86.307930
-86.307930
-86.307930
-86.307930
-86.307930
-86.307930
-86.307930
-86.307930
-86.307930
-86.307930
-86.307930
-86.307922
-86.307922
-86.307915
-86.307915
-86.307915
-86.307915
-86.307915
-86.307915
-86.307915
-86.307915
-86.307915
-86.307907
-86.307907
-86.307907
-86.307899
-86.307899
-86.307899
-86.307899
-86.307899
-86.307899
-86.307899
-86.307899
-86.307899
-86.307899
-86.307899
-86.307899
-86.307899
-86.307899
-86.307899
-86.307899
-86.307899
-86.307899
-86.307899
-86.307899
-86.307899
-86.307899
-86.307899
-86.307899
-86.307899
-86.307899
-86.307899
-86.307899
-86.307899
-86.307899
-86.307899
-86.307899
-86.307899
-86.307899
-86.307899
-86.307899
-86.307899
-86.307899
-86.307899
-86.307899
-86.307899
-86.307899
-86.307899
-86.307899
-86.307899
-86.307899
-86.307899
-86.307899
-86.307899
-86.307899
-86.307899
-86.307899
-86.307899
-86.307899
-86.307899
-86.307899
-86.307899
-86.307899
-86.307899
-86.307899
-86.307899
-86.307899
-86.307899
-86.307899
-86.307899
-86.307899
-86.307899
-86.307899
-86.307899
-86.307899
-86.307899
-86.307899
-86.307899
-86.307899
-86.307899
-86.307899
-86.307899
-86.307899
-86.307899
-86.307899
-86.307899
-86.307899
-86.307899
-86.307899
-86.307899
-86.307899
-86.307899
-86.307899
-86.307899
-86.307899
-86.307899
-86.307899
-86.307899
-86.307899
-86.307899
-86.307899
-86.307899
-86.307899
-86.307899
-86.307899
-86.307899
-86.307899
-86.307899
-86.307899
-86.307899
-86.307899
-86.307899
-86.307899
-86.307899
-86.307899
-86.307899
-86.307899
-86.307899
-86.307899
-86.307899
-86.307899
-86.307899
-86.307899
-86.307899
-86.307899
-86.307899
-86.307899
-86.307899
-86.307899
-86.307899
-86.307899
-86.307899
-86.307899
-86.307899
-86.307899
-86.307899
-86.307899
-86.307899
-86.307899
-86.307899
-86.307899
-86.307899
-86.307899
-86.307899
-86.307899
-86.307899
-86.307899
-86.307899
-86.307899
-86.307899
-86.307899
-86.307899
-86.307899
-86.307899
-86.307899
-86.307899
-86.307899
-86.307899
-86.307899
-86.307899
-86.307899
-86.307899
-86.307899
-86.307899
-86.307899
-86.307899
-86.307899
-86.307899
-86.307899
-86.307899
-86.307899
-86.307899
-86.307899
-86.307899
-86.307899
-86.307899
-86.307899
-86.307899
-86.307899
-86.307899
-86.307899
-86.307899
-86.307899
-86.307899
-86.307899
-86.307899
-86.307899
-86.307899
-86.307899
-86.307899
-86.307899
-86.307899
-86.307899
-86.307899
-86.307899
-86.307899
-86.307899
-86.307899
-86.307899
-86.307899
-86.307899
-86.307899
-86.307899
-86.307899
-86.307899
-86.307899
-86.307899
-86.307899
-86.307899
-86.307899
-86.307899
-86.307899
-86.307899
-86.307899
-86.307899
-86.307899
-86.307899
-86.307899
-86.307899
-86.307899
-86.307899
-86.307899
-86.307899
-86.307899
-86.307899
-86.307899
-86.307899
-86.307899
-86.307899
-86.307899
-86.307899
-86.307899
-86.307899
-86.307899
-86.307899
-86.307899
-86.307899
-86.307899
-86.307899
-86.307899
-86.307899
-86.307899
-86.307899
-86.307899
-86.307899
-86.307899
-86.307899
-86.307899
-86.307899
-86.307899
-86.307899
-86.307899
-86.307899
-86.307899
-86.307899
-86.307899
-86.307899
-86.307899
-86.307899
-86.307899
-86.307899
-86.307899
-86.307899
-86.307899
-86.307899
-86.307899
-86.307899
-86.307899
-86.307899
-86.307899
-86.307899
-86.307899
-86.307899
-86.307899
-86.307899
-86.307899
-86.307899
-86.307899
-86.307899
-86.307899
-86.307899
-86.307899
-86.307899
-86.307899
-86.307899
-86.307899
-86.307899
-86.307899
-86.307899
-86.307899
-86.307899
-86.307899
-86.307899
-86.307899
-86.307899
-86.307899
-86.307899
-86.307899
-86.307899
-86.307899
-86.307899
-86.307899
-86.307899
-86.307899
-86.307899
-86.307899
-86.307899
-86.307899
-86.307899
-86.307899
-86.307899
-86.307899
-86.307899
-86.307899
-86.307899
-86.307899
-86.307899
-86.307899
-86.307899
-86.307899
-86.307899
-86.307899
-86.307899
-86.307899
-86.307899
-86.307899
-86.307899
-86.307899
-86.307899
-86.307899
-86.307899
-86.307899
-86.307899
-86.307899
-86.307899
-86.307899
-86.307899
-86.307899
-86.307899
-86.307899
-86.307899
-86.307899
-86.307899
-86.307899
-86.307899
-86.307899
-86.307899
-86.307899
-86.307899
-86.307899
-86.307899
-86.307899
-86.307899
-86.307899
-86.307899
-86.307899
-86.307899
-86.307899
-86.307899
-86.307899
-86.307899
-86.307899
-86.307007
-86.278831
-85.402245
-59.457958
19.898489
21.486401
20.078638
17.989613
16.179523
14.865375
14.025822
13.577955
13.432118
13.508395
13.741031
14.078641
14.482732
14.925562
15.387816
15.856431
16.322603
16.779827
17.223627
17.651192
18.060692
18.450811
18.820587
19.169247
19.496187
19.800974
20.083332
20.343172
20.580587
20.795864
20.989466
21.162004
21.314259
21.447107
21.561535
21.658567
21.739300
21.804831
21.856266
21.894693
21.921164
21.936680
21.942223
21.938686
21.926926
21.907726
21.881815
21.849863
21.812483
21.770227
21.723597
21.673058
21.619009
21.561829
21.501839
21.439344
21.374605
21.307863
21.239319
21.169167
21.097563
21.024654
20.950569
20.875420
20.799314
20.722328
20.644547
20.566038
20.486856
20.407049
20.326666
20.245739
20.164307
20.082397
20.000032
19.917238
19.834023
19.750404
19.666393
19.581999
19.497225
19.412086
19.326578
19.240702
19.154467
19.067863
18.980890
18.893553
18.805840
18.717749
18.629286
18.540438
18.451197
18.361557
18.271519
18.181070
18.090206
17.998920
17.907196
17.815029
17.722418
17.629343
17.535803
17.441788
17.347290
17.252296
17.156805
17.060795
16.964258
16.867178
16.769560
16.671381
16.572630
16.473297
16.373381
16.272867
16.171728
16.069965
15.967560
15.864506
15.760788
15.656396
15.551312
15.445525
15.339023
15.231791
15.123816
15.015084
14.905579
14.795285
14.684189
14.572273
14.459523
14.345926
14.231465
14.116125
13.999888
13.882736
13.764652
13.645622
13.525625
13.404643
13.282657
13.159649
13.035603
12.910498
12.784314
12.657034
12.528636
12.399096
12.268394
12.136513
12.003425
11.869113
11.733555
11.596725
11.458602
11.319160
11.178376
11.036223
10.892679
10.747717
10.601308
10.453431
10.304059
10.153163
10.000717
9.846692
9.691055
9.533782
9.374840
9.214199
9.051833
8.887706
8.721794
8.554060
8.384470
8.212987
8.039581
7.864220
7.686864
7.507481
7.326035
7.142488
6.956806
6.768949
6.578877
6.386550
6.191930
5.994972
5.795638
5.593883
5.389662
5.182936
4.973658
4.761783
4.547260
4.330043
4.110081
3.887321
3.661711
3.433195
3.201716
2.967212
2.729624
2.488887
2.244937
1.997705
1.747117
1.493098
1.235566
0.974438
0.709625
0.441032
0.168563
-0.107890
-0.388436
-0.673192
-0.962284
-1.255843
-1.554011
-1.856937
-2.164781
-2.477711
-2.795910
-3.119566
-3.448884
-3.784078
-4.125375
-4.473019
-4.827258
-5.188366
-5.556627
-5.932328
-6.315783
-6.707322
-7.107285
-7.516031
-7.933925
-8.361355
-8.798719
-9.246426
-9.704893
-10.174561
-10.655863
-11.149251
-11.655187
-12.174129
-12.706539
-13.252884
-13.813629
-14.389241
-14.980180
-15.586903
-16.209866
-16.849516
-17.506306
-18.180676
-18.873070
-19.583939
-20.313742
-21.062963
-21.832104
-22.621683
-23.432274
-24.264503
-25.119057
-25.996702
-26.898314
-27.824873
-28.777494
-29.757385
-30.765682
-31.803095
-32.869625
-33.964550
-35.086540
-36.234055
-37.405693
-38.606377
-39.848869
-41.143669
-42.498554
-43.920097
-45.413967
-46.985088
-48.637348
-50.373016
-52.191917
-54.090302
-56.059822
-58.086674
-60.151283
-62.228992
-64.291519
-66.309357
-68.254402
-70.102295
-71.834175
-73.437447
-74.905617
-76.237770
-77.437325
-78.510971
-79.467377
-80.316315
-81.067802
-81.731628
-82.316841
-82.831764
-83.283882
-83.679840
-84.025551
-84.326401
-84.587189
-84.812340
-85.005875
-85.171516
-85.312698
-85.432541
-85.533875
-85.619278
-85.691032
-85.751152
-85.801460
-85.843483
-85.878586
-85.907928
-85.932465
-85.953072
-85.970383
-85.985031
-85.997482
-86.008125
-86.017311
-86.025314
-86.032333
-86.038589
-86.044182
-86.049240
-86.053902
-86.058243
-86.062317
-86.066116
-86.069778
-86.073242
-86.076660
-86.079880
-86.083000
-86.086098
-86.089157
-86.092117
-86.095039
-86.097961
-86.100830
-86.103630
-86.106361
-86.109085
-86.111893
-86.114632
-86.117294
-86.119965
-86.122635
-86.125343
-86.127975
-86.130577
-86.133163
-86.135658
-86.138191
-86.140717
-86.143295
-86.145805
-86.148323
-86.150803
-86.153236
-86.155739
-86.158180
-86.160545
-86.162941
-86.165291
-86.167603
-86.169891
-86.172188
-86.174484
-86.176743
-86.178986
-86.181229
-86.183411
-86.185585
-86.187859
-86.190094
-86.192253
-86.194336
-86.196465
-86.198639
-86.200783
-86.202835
-86.204887
-86.206970
-86.209038
-86.211121
-86.213081
-86.214996
-86.216927
-86.218880
-86.220802
-86.222649
-86.224533
-86.226387
-86.228180
-86.229919
-86.231705
-86.233521
-86.235283
-86.237030
-86.238747
-86.240448
-86.242134
-86.243721
-86.245323
-86.246956
-86.248650
-86.250244
-86.251869
-86.253433
-86.254974
-86.256470
-86.257973
-86.259491
-86.260948
-86.262375
-86.263870
-86.265305
-86.266731
-86.268181
-86.269615
-86.271027
-86.272446
-86.273827
-86.275192
-86.276680
-86.278069
-86.279366
-86.280632
-86.281815
-86.282959
-86.284065
-86.285088
-86.285912
-86.286690
-86.287453
-86.288132
-86.288734
-86.289314
-86.289886
-86.290466
-86.290977
-86.291496
-86.292068
-86.292564
-86.293068
-86.293510
-86.293915
-86.294273
-86.294556
-86.294731
-86.294876
-86.294975
-86.294991
-86.295059
-86.295158
-86.295204
-86.295204
-86.295204
-86.295204
-86.295204
-86.295204
-86.295204
-86.295204
-86.295204
-86.295204
-86.295204
-86.295204
-86.295204
-86.295204
-86.295204
-86.295197
-86.295189
-86.295158
-86.295128
-86.295113
-86.295090
-86.295067
-86.295021
-86.294991
-86.294968
-86.294922
-86.294907
-86.294861
-86.294861
-86.294853
-86.294815
-86.294807
-86.294807
-86.294807
-86.294807
-86.294792
-86.294754
-86.294724
-86.294685
-86.294655
-86.294617
-86.294594
-86.294556
-86.294518
-86.294495
-86.294464
-86.294434
-86.294395
-86.294373
-86.294373
-86.294373
-86.294373
-86.294357
-86.294342
-86.294342
-86.294342
-86.294342
-86.294342
-86.294342
-86.294342
-86.294342
-86.294342
-86.294342
-86.294342
-86.294334
-86.294312
-86.294296
-86.294296
-86.294289
-86.294281
-86.294273
-86.294258
-86.294250
-86.294243
-86.294235
-86.294228
-86.294220
-86.294205
-86.294189
-86.294174
-86.294167
-86.294159
-86.294151
-86.294136
-86.294121
-86.294113
-86.294106
-86.294106
-86.294090
-86.294083
-86.294067
-86.294060
-86.294052
-86.294044
-86.294029
-86.294014
-86.294006
-86.293991
-86.293983
-86.293968
-86.293961
-86.293945
-86.293938
-86.293922
-86.293915
-86.293907
-86.293892
-86.293892
-86.293884
-86.293869
-86.293861
-86.293854
-86.293846
-86.293831
-86.293823
-86.293816
-86.293808
-86.293800
-86.293793
-86.293785
-86.293777
-86.293770
-86.293762
-86.293755
-86.293755
-86.293747
-86.293739
-86.293732
-86.293732
-86.293724
-86.293716
-86.293709
-86.293701
-86.293701
-86.293694
-86.293694
-86.293686
-86.293686
-86.293678
-86.293671
-86.293663
-86.293663
-86.293655
-86.293648
-86.293648
-86.293648
-86.293648
-86.293640
-86.293640
-86.293633
-86.293633
-86.293633
-86.293625
-86.293625
-86.293617
-86.293617
-86.293610
-86.293610
-86.293602
-86.293602
-86.293602
-86.293602
-86.293602
-86.293602
-86.293602
-86.293602
-86.293594
-86.293594
-86.293587
-86.293587
-86.293587
-86.293587
-86.293587
-86.293587
-86.293587
-86.293587
-86.293587
-86.293587
-86.293587
-86.293587
-86.293587
-86.293587
-86.293587
-86.293579
-86.293579
-86.293579
-86.293579
-86.293571
-86.293571
-86.293571
-86.293571
-86.293571
-86.293571
-86.293571
-86.293571
-86.293571
-86.293571
-86.293571
-86.293571
-86.293571
-86.293571
-86.293571
-86.293571
-86.293571
-86.293571
-86.293571
-86.293571
-86.293571
-86.293571
-86.293571
-86.293571
-86.293571
-86.293571
-86.293571
-86.293571
-86.293571
-86.293571
-86.293571
-86.293571
-86.293571
-86.293571
-86.293571
-86.293571
-86.293571
-86.293571
-86.293571
-86.293571
-86.293571
-86.293571
-86.293571
-86.293571
-86.293571
-86.293571
-86.293571
-86.293571
-86.293571
-86.293571
-86.293571
-86.293571
-86.293571
-86.293571
-86.293571
-86.293571
-86.293571
-86.293571
-86.293571
-86.293571
-86.293571
-86.293571
-86.293571
-86.293571
-86.293571
-86.293571
-86.293571
-86.293571
-86.293571
-86.293571
-86.293571
-86.293571
-86.293571
-86.293571
-86.293571
-86.293571
-86.293571
-86.293571
-86.293571
-86.293571
-86.293571
-86.293571
-86.293571
-86.293571
-86.293571
-86.293571
-86.293571
-86.293571
-86.293571
-86.293571
-86.293571
-86.293571
-86.293571
-86.293571
-86.293571
-86.293571
-86.293571
-86.293571
-86.293571
-86.293571
-86.293571
-86.293571
-86.293571
-86.293571
-86.293571
-86.293571
-86.293571
-86.293571
-86.293571
-86.293571
-86.293571
-86.293571
-86.293571
-86.293571
-86.293571
-86.293571
-86.293571
-86.293571
-86.293571
-86.293571
-86.293571
-86.293571
-86.293571
-86.293571
-86.293571
-86.293571
-86.293571
-86.293571
-86.293571
-86.293571
-86.293571
-86.293571
-86.293571
-86.293571
-86.293571
-86.293571
-86.293571
-86.293571
-86.293571
-86.293571
-86.293571
-86.293571
-86.293571
-86.293571
-86.293571
-86.293571
-86.293571
-86.293571
-86.293571
-86.293571
-86.293571
-86.293571
-86.293571
-86.293571
-86.293571
-86.293571
-86.293571
-86.293571
-86.293571
-86.293571
-86.293571
-86.293571
-86.293571
-86.293571
-86.293571
-86.293571
-86.293571
-86.293571
-86.293571
-86.293571
-86.293571
-86.293571
-86.293571
-86.293571
-86.293571
-86.293571
-86.293571
-86.293571
-86.293571
-86.293571
-86.293571
-86.293571
-86.293571
-86.293571
-86.293571
-86.293571
-86.293579
-86.293579
-86.293610
-86.293655
-86.293709
-86.293839
-86.293961
-86.294014
-86.294044
-86.294159
-86.294296
-86.294296
-86.294296
-86.294403
-86.294472
-86.294502
-86.294533
-86.294533
-86.294533
-86.294533
-86.294533
-86.294533
-86.294533
-86.294533
-86.294533
-86.294533
-86.294533
-86.294533
-86.294533
-86.294586
-86.294662
-86.294693
-86.294746
-86.294838
-86.294945
-86.295105
-86.295265
-86.295334
-86.295403
-86.295425
-86.295433
-86.295433
-86.295441
-86.295441
-86.295494
-86.295601
-86.295692
-86.295830
-86.295837
-86.295837
-86.295837
-86.295837
-86.295837
-86.295837
-86.295837
-86.295837
-86.295837
-86.295837
-86.295837
-86.295837
-86.295837
-86.295837
-86.295837
-86.295837
-86.295837
-86.295837
-86.295837
-86.295837
-86.295837
-86.295837
-86.295837
-86.295837
-86.295837
-86.295921
-86.296043
-86.296097
-86.296127
-86.296196
-86.296295
-86.296371
-86.296432
-86.296432
-86.296516
-86.296516
-86.296516
-86.296516
-86.296516
-86.296516
-86.296562
-86.296692
-86.296829
-86.296860
-86.296883
-86.296951
-86.296959
-86.296959
-86.296959
-86.297119
-86.297195
-86.297295
-86.297447
-86.297539
-86.297684
-86.297821
-86.297974
-86.298050
-86.298080
-86.298080
-86.298088
-86.298088
-86.298096
-86.298096
-86.298103
-86.298103
-86.298111
-86.298111
-86.298134
-86.298241
-86.298325
-86.298332
-86.298332
-86.298378
-86.298386
-86.298393
-86.298393
-86.298401
-86.298401
-86.298409
-86.298409
-86.298416
-86.298416
-86.298424
-86.298424
-86.298431
-86.298431
-86.298439
-86.298439
-86.298447
-86.298447
-86.298523
-86.298531
-86.298553
-86.298576
-86.298576
-86.298599
-86.298607
-86.298622
-86.298622
-86.298630
-86.298630
-86.298630
-86.298637
-86.297882
-86.269920
-85.397369
-59.615814
19.881840
21.469591
20.040941
17.941931
16.128519
14.814868
13.977720
13.532979
13.390285
13.469367
13.704319
14.043742
14.449179
14.892955
15.355816
15.824768
16.291071
16.748280
17.191973
17.619383
18.028696
18.418633
18.788237
19.136749
19.463581
19.768305
20.050642
20.310507
20.547987
20.763359
20.957079
21.129765
21.282175
21.415192
21.529787
21.626986
21.707876
21.773558
21.825130
21.863674
21.890242
21.905846
21.911438
21.907940
21.896191
21.876980
21.851040
21.819035
21.781582
21.739233
21.692493
21.641827
21.587639
21.530294
21.470137
21.407457
21.342516
21.275557
21.206789
21.136398
21.064548
20.991394
20.917049
20.841637
20.765251
20.687983
20.609913
20.531107
20.451620
20.371513
20.290813
20.209574
20.127823
20.045589
19.962902
19.879768
19.796219
19.712259
19.627903
19.543159
19.458036
19.372538
19.286671
19.200428
19.113821
19.026852
18.939507
18.851791
18.763699
18.675224
18.586370
18.497128
18.407488
18.317455
18.227013
18.136158
18.044882
17.953180
17.861042
17.768456
17.675421
17.581921
17.487949
17.393494
17.298552
17.203110
17.107164
17.010693
16.913689
16.816149
16.718056
16.619408
16.520191
16.420374
16.319963
16.218948
16.117308
16.015039
15.912123
15.808552
15.704315
15.599393
15.493775
15.387449
15.280398
15.172610
15.064073
14.954770
14.844689
14.733815
14.622130
14.509622
14.396271
14.282061
14.166979
14.051008
13.934135
13.816339
13.697604
13.577911
13.457247
13.335586
13.212916
13.089213
12.964459
12.838637
12.711728
12.583710
12.454566
12.324272
12.192804
12.060145
11.926270
11.791157
11.654781
11.517125
11.378162
11.237872
11.096225
10.953199
10.808765
10.662904
10.515583
10.366778
10.216464
10.064611
9.911195
9.756186
9.599554
9.441268
9.281298
9.119615
8.956189
8.790989
8.623980
8.455132
8.284412
8.111788
7.937222
7.760682
7.582132
7.401533
7.218852
7.034050
6.847091
6.657937
6.466549
6.272889
6.076914
5.878583
5.677852
5.474677
5.269016
5.060824
4.850053
4.636659
4.420595
4.201813
3.980258
3.755881
3.528624
3.298433
3.065250
2.829016
2.589666
2.347133
2.101351
1.852249
1.599753
1.343787
1.084269
0.821111
0.554225
0.283512
0.008869
-0.269809
-0.552637
-0.839737
-1.131237
-1.427274
-1.727994
-2.033549
-2.344103
-2.659829
-2.980913
-3.307551
-3.639951
-3.978333
-4.322933
-4.673995
-5.031783
-5.396569
-5.768643
-6.148308
-6.535884
-6.931705
-7.336113
-7.749470
-8.172157
-8.604560
-9.047088
-9.500147
-9.964171
-10.439595
-10.926867
-11.426435
-11.938757
-12.464296
-13.003519
-13.556890
-14.124874
-14.707931
-15.306520
-15.921101
-16.552114
-17.200012
-17.865244
-18.548252
-19.249470
-19.969364
-20.708403
-21.467058
-22.245842
-23.045305
-23.866032
-24.708677
-25.573961
-26.462694
-27.375793
-28.314308
-29.279400
-30.272301
-31.294046
-32.345100
-33.425098
-34.532898
-35.666821
-36.825050
-38.007530
-39.224792
-40.489014
-41.809177
-43.192539
-44.645210
-46.172550
-47.779079
-49.468109
-51.241024
-53.096272
-55.028316
-57.026493
-59.074463
-61.150124
-63.226791
-65.275063
-67.265411
-69.170876
-70.969177
-72.644073
-74.185715
-75.590317
-76.859154
-77.997475
-79.013062
-79.915421
-80.714607
-81.420731
-82.043381
-82.591354
-83.072601
-83.494286
-83.862770
-84.183708
-84.462219
-84.702972
-84.910225
-85.087837
-85.239418
-85.368217
-85.477234
-85.569206
-85.646523
-85.711365
-85.765648
-85.811028
-85.848923
-85.880585
-85.907066
-85.929245
-85.947914
-85.963646
-85.976990
-85.988388
-85.998192
-86.006714
-86.014168
-86.020790
-86.026718
-86.032051
-86.036980
-86.041550
-86.045753
-86.049690
-86.053490
-86.057098
-86.060547
-86.063866
-86.066994
-86.070114
-86.073189
-86.076241
-86.079254
-86.082253
-86.085167
-86.088142
-86.091049
-86.093857
-86.096680
-86.099442
-86.102226
-86.104980
-86.107681
-86.110352
-86.113014
-86.115685
-86.118355
-86.120987
-86.123543
-86.126114
-86.128685
-86.131180
-86.133751
-86.136330
-86.138916
-86.141342
-86.143784
-86.146263
-86.148743
-86.151115
-86.153481
-86.155838
-86.158211
-86.160561
-86.162888
-86.165154
-86.167442
-86.169731
-86.172005
-86.174240
-86.176453
-86.178612
-86.180809
-86.182922
-86.185036
-86.187080
-86.189125
-86.191170
-86.193275
-86.195419
-86.197433
-86.199394
-86.201370
-86.203362
-86.205299
-86.207230
-86.209160
-86.211067
-86.212852
-86.214622
-86.216446
-86.218285
-86.220093
-86.221848
-86.223595
-86.225304
-86.227127
-86.228821
-86.230476
-86.232185
-86.233856
-86.235504
-86.237160
-86.238747
-86.240372
-86.241943
-86.243538
-86.245087
-86.246628
-86.248199
-86.249756
-86.251266
-86.252670
-86.254097
-86.255531
-86.256958
-86.258423
-86.259903
-86.261345
-86.262695
-86.264053
-86.265434
-86.266884
-86.268188
-86.269440
-86.270744
-86.272034
-86.273277
-86.274475
-86.275620
-86.276794
-86.277969
-86.279137
-86.280205
-86.280998
-86.281784
-86.282524
-86.283211
-86.283806
-86.284409
-86.284882
-86.285423
-86.285919
-86.286385
-86.286697
-86.287003
-86.287201
-86.287308
-86.287445
-86.287460
-86.287460
-86.287460
-86.287460
-86.287460
-86.287460
-86.287460
-86.287460
-86.287460
-86.287460
-86.287460
-86.287460
-86.287460
-86.287460
-86.287460
-86.287460
-86.287453
-86.287453
-86.287430
-86.287407
-86.287407
-86.287407
-86.287407
-86.287407
-86.287384
-86.287354
-86.287292
-86.287239
-86.287178
-86.287125
-86.287071
-86.287018
-86.286987
-86.286987
-86.286980
-86.286934
-86.286919
-86.286919
-86.286919
-86.286903
-86.286896
-86.286888
-86.286842
-86.286819
-86.286804
-86.286774
-86.286736
-86.286713
-86.286682
-86.286659
-86.286636
-86.286613
-86.286598
-86.286575
-86.286552
-86.286537
-86.286514
-86.286499
-86.286476
-86.286461
-86.286438
-86.286407
-86.286377
-86.286354
-86.286331
-86.286301
-86.286278
-86.286263
-86.286255
-86.286232
-86.286209
-86.286194
-86.286171
-86.286163
-86.286148
-86.286133
-86.286118
-86.286110
-86.286102
-86.286095
-86.286087
-86.286087
-86.286087
-86.286079
-86.286072
-86.286072
-86.286064
-86.286057
-86.286049
-86.286041
-86.286041
-86.286034
-86.286026
-86.286026
-86.286018
-86.286018
-86.286011
-86.286003
-86.286003
-86.286003
-86.286003
-86.286003
-86.285995
-86.285988
-86.285980
-86.285973
-86.285973
-86.285973
-86.285965
-86.285965
-86.285965
-86.285957
-86.285957
-86.285957
-86.285950
-86.285950
-86.285942
-86.285934
-86.285927
-86.285927
-86.285927
-86.285927
-86.285927
-86.285919
-86.285919
-86.285919
-86.285919
-86.285919
-86.285919
-86.285919
-86.285919
-86.285912
-86.285912
-86.285912
-86.285912
-86.285912
-86.285912
-86.285912
-86.285912
-86.285912
-86.285912
-86.285912
-86.285912
-86.285912
-86.285912
-86.285912
-86.285912
-86.285912
-86.285912
-86.285912
-86.285912
-86.285912
-86.285912
-86.285912
-86.285912
-86.285912
-86.285912
-86.285912
-86.285912
-86.285912
-86.285912
-86.285912
-86.285912
-86.285912
-86.285912
-86.285912
-86.285912
-86.285912
-86.285912
-86.285912
-86.285912
-86.285912
-86.285912
-86.285912
-86.285912
-86.285912
-86.285912
-86.285912
-86.285912
-86.285912
-86.285912
-86.285912
-86.285912
-86.285912
-86.285912
-86.285912
-86.285912
-86.285912
-86.285912
-86.285912
-86.285912
-86.285912
-86.285912
-86.285912
-86.285912
-86.285912
-86.285912
-86.285912
-86.285912
-86.285912
-86.285912
-86.285912
-86.285912
-86.285912
-86.285912
-86.285912
-86.285912
-86.285912
-86.285912
-86.285912
-86.285912
-86.285912
-86.285912
-86.285912
-86.285912
-86.285912
-86.285912
-86.285912
-86.285912
-86.285912
-86.285912
-86.285912
-86.285912
-86.285912
-86.285912
-86.285912
-86.285912
-86.285912
-86.285912
-86.285912
-86.285912
-86.285912
-86.285912
-86.285912
-86.285912
-86.285934
-86.285957
-86.286011
-86.286057
-86.286072
-86.286140
-86.286140
-86.286140
-86.286140
-86.286140
-86.286140
-86.286140
-86.286140
-86.286140
-86.286140
-86.286140
-86.286140
-86.286140
-86.286140
-86.286140
-86.286140
-86.286140
-86.286140
-86.286140
-86.286140
-86.286140
-86.286140
-86.286140
-86.286140
-86.286140
-86.286140
-86.286140
-86.286140
-86.286140
-86.286140
-86.286140
-86.286140
-86.286140
-86.286171
-86.286232
-86.286263
-86.286308
-86.286392
-86.286491
-86.286507
-86.286507
-86.286507
-86.286507
-86.286507
-86.286507
-86.286507
-86.286507
-86.286507
-86.286507
-86.286507
-86.286507
-86.286507
-86.286507
-86.286507
-86.286507
-86.286507
-86.286507
-86.286507
-86.286507
-86.286507
-86.286507
-86.286507
-86.286507
-86.286507
-86.286507
-86.286507
-86.286507
-86.286507
-86.286507
-86.286507
-86.286507
-86.286507
-86.286507
-86.286507
-86.286507
-86.286507
-86.286507
-86.286507
-86.286507
-86.286507
-86.286507
-86.286507
-86.286507
-86.286507
-86.286507
-86.286507
-86.286507
-86.286507
-86.286507
-86.286507
-86.286507
-86.286507
-86.286507
-86.286507
-86.286507
-86.286507
-86.286507
-86.286507
-86.286507
-86.286507
-86.286507
-86.286507
-86.286507
-86.286507
-86.286507
-86.286507
-86.286507
-86.286507
-86.286575
-86.286575
-86.286575
-86.286575
-86.286636
-86.286705
-86.286705
-86.286705
-86.286705
-86.286705
-86.286705
-86.286705
-86.286705
-86.286705
-86.286705
-86.286705
-86.286705
-86.286705
-86.286705
-86.286705
-86.286705
-86.286705
-86.286705
-86.286705
-86.286705
-86.286705
-86.286705
-86.286705
-86.286705
-86.286705
-86.286705
-86.286705
-86.286705
-86.286705
-86.286705
-86.286705
-86.286705
-86.286705
-86.286705
-86.286705
-86.286705
-86.286705
-86.286705
-86.286705
-86.286705
-86.286705
-86.286705
-86.286705
-86.286705
-86.286705
-86.286705
-86.286705
-86.286705
-86.286713
-86.286713
-86.286720
-86.286720
-86.286728
-86.286728
-86.286736
-86.286736
-86.286743
-86.286743
-86.286751
-86.286751
-86.286758
-86.286758
-86.286758
-86.286758
-86.286766
-86.286766
-86.286774
-86.286774
-86.286781
-86.286781
-86.286781
-86.286781
-86.286781
-86.286781
-86.286781
-86.286781
-86.286781
-86.286781
-86.286781
-86.286781
-86.286789
-86.286789
-86.286797
-86.286797
-86.286804
-86.286804
-86.286812
-86.286812
-86.286819
-86.286819
-86.286819
-86.286819
-86.286819
-86.286819
-86.286819
-86.286819
-86.286819
-86.286819
-86.286819
-86.286819
-86.286819
-86.286819
-86.286819
-86.286819
-86.286819
-86.286819
-86.286819
-86.286819
-86.286819
-86.286819
-86.286819
-86.286819
-86.286819
-86.286819
-86.286819
-86.286819
-86.286819
-86.286819
-86.286819
-86.286819
-86.286819
-86.286819
-86.286819
-86.286819
-86.286819
-86.286819
-86.286819
-86.286819
-86.286819
-86.286819
-86.286819
-86.286819
-86.286819
-86.286819
-86.286819
-86.286819
-86.286819
-86.286819
-86.286819
-86.286819
-86.286819
-86.286819
-86.286819
-86.286819
-86.286819
-86.286819
-86.286819
-86.286819
-86.286819
-86.286819
-86.286819
-86.286819
-86.286819
-86.286819
-86.286819
-86.286819
-86.286819
-86.286819
-86.286819
-86.286819
-86.286819
-86.286819
-86.286819
-86.286819
-86.286819
-86.286819
-86.286819
-86.286819
-86.286819
-86.286819
