-86.199997
-86.408089
-86.407890
-86.407837
-86.407829
-86.407829
-86.406921
-86.377129
-85.441872
-57.552345
20.529867
22.130304
20.735184
18.559923
16.646210
15.246601
14.345340
13.857424
13.689382
13.757213
13.991277
14.336808
14.752620
15.208990
15.685296
16.167698
16.647089
17.116974
17.572733
18.011486
18.431374
18.831099
19.209673
19.566319
19.900408
20.211481
20.499245
20.763618
21.004711
21.222824
21.418468
21.592329
21.745241
21.878168
21.992174
22.088367
22.167933
22.232044
22.281883
22.318596
22.343302
22.357061
22.360878
22.355701
22.342405
22.321804
22.294638
22.261587
22.223270
22.180250
22.133030
22.082058
22.027742
21.970444
21.910494
21.848167
21.783728
21.717396
21.649368
21.579828
21.508923
21.436785
21.363539
21.289286
21.214115
21.138111
21.061338
20.983856
20.905710
20.826954
20.747627
20.667755
20.587370
20.506489
20.425140
20.343330
20.261076
20.178392
20.095287
20.011763
19.927828
19.843483
19.758726
19.673561
19.587990
19.502007
19.415609
19.328798
19.241566
19.153908
19.065819
18.977299
18.888336
18.798925
18.709061
18.618738
18.527941
18.436666
18.344904
18.252645
18.159891
18.066626
17.972841
17.878531
17.783678
17.688276
17.592319
17.495789
17.398685
17.300989
17.202694
17.103790
17.004265
16.904110
16.803312
16.701860
16.599745
16.496948
16.393459
16.289265
16.184353
16.078712
15.972333
15.865200
15.757301
15.648622
15.539144
15.428858
15.317746
15.205797
15.092994
14.979322
14.864767
14.749312
14.632946
14.515647
14.397399
14.278187
14.157992
14.036796
13.914582
13.791334
13.667039
13.541673
13.415212
13.287642
13.158945
13.029097
12.898077
12.765867
12.632447
12.497792
12.361895
12.224716
12.086238
11.946441
11.805296
11.662784
11.518881
11.373561
11.226801
11.078575
10.928860
10.777629
10.624853
10.470508
10.314563
10.156991
9.997766
9.836859
9.674241
9.509881
9.343750
9.175821
9.006062
8.834435
8.660913
8.485461
8.308047
8.128641
7.947206
7.763711
7.578116
7.390390
7.200496
7.008397
6.814055
6.617430
6.418488
6.217187
6.013491
5.807359
5.598748
5.387616
5.173921
4.957619
4.738667
4.517017
4.292622
4.065433
3.835400
3.602471
3.366594
3.127712
2.885767
2.640698
2.392443
2.140934
1.886103
1.627878
1.366180
1.100930
0.832038
0.559417
0.282968
0.002588
-0.281833
-0.570412
-0.863278
-1.160563
-1.462411
-1.768971
-2.080411
-2.396905
-2.718642
-3.045820
-3.378653
-3.717360
-4.062180
-4.413362
-4.771180
-5.135918
-5.507871
-5.887360
-6.274709
-6.670264
-7.074387
-7.487452
-7.909855
-8.341995
-8.784297
-9.237185
-9.701102
-10.176497
-10.663826
-11.163552
-11.676138
-12.202046
-12.741743
-13.295683
-13.864321
-14.448099
-15.047450
-15.662797
-16.294548
-16.943096
-17.608829
-18.292124
-18.993357
-19.712894
-20.451111
-21.208406
-21.985182
-22.781891
-23.599018
-24.437117
-25.296818
-26.178831
-27.083996
-28.013294
-28.967817
-29.948692
-30.956724
-31.992012
-33.053802
-34.140690
-35.250996
-36.383312
-37.536648
-38.720852
-39.951485
-41.239815
-42.594101
-44.021423
-45.528099
-47.119709
-48.800686
-50.573475
-52.437378
-54.387112
-56.411594
-58.493156
-60.607655
-62.725834
-64.815819
-66.846107
-68.788521
-70.620407
-72.325821
-73.895546
-75.326553
-76.620804
-77.783958
-78.824181
-79.751030
-80.574532
-81.304581
-81.950439
-82.520691
-83.023010
-83.464249
-83.850563
-84.187508
-84.480118
-84.733101
-84.950768
-85.137161
-85.296013
-85.430794
-85.544678
-85.640526
-85.720924
-85.788155
-85.844299
-85.891075
-85.929985
-85.962364
-85.989304
-86.011765
-86.030540
-86.046249
-86.059486
-86.070679
-86.080238
-86.088417
-86.095512
-86.101677
-86.107155
-86.112061
-86.116478
-86.120491
-86.124229
-86.127663
-86.130867
-86.133926
-86.136879
-86.139626
-86.142334
-86.145004
-86.147675
-86.150284
-86.152786
-86.155220
-86.157654
-86.160004
-86.162331
-86.164650
-86.166977
-86.169281
-86.171570
-86.173859
-86.176125
-86.178391
-86.180603
-86.182762
-86.184898
-86.186981
-86.189056
-86.191010
-86.192917
-86.194862
-86.196770
-86.198685
-86.200630
-86.202538
-86.204445
-86.206352
-86.208260
-86.210167
-86.212074
-86.213982
-86.215866
-86.217613
-86.219368
-86.221107
-86.222824
-86.224541
-86.226204
-86.227890
-86.229553
-86.231224
-86.232857
-86.234398
-86.235939
-86.237503
-86.239059
-86.240608
-86.242134
-86.243660
-86.245186
-86.246712
-86.248238
-86.249786
-86.251312
-86.252838
-86.254364
-86.255852
-86.257339
-86.258743
-86.260033
-86.261368
-86.262703
-86.264030
-86.265297
-86.266541
-86.267784
-86.269043
-86.270264
-86.271469
-86.272652
-86.273796
-86.274940
-86.276085
-86.277237
-86.278381
-86.279526
-86.280670
-86.281815
-86.282959
-86.284103
-86.285248
-86.286392
-86.287537
-86.288681
-86.289818
-86.290939
-86.292015
-86.293015
-86.293991
-86.294983
-86.295937
-86.296890
-86.297821
-86.298759
-86.299675
-86.300591
-86.301521
-86.302406
-86.303299
-86.304192
-86.305069
-86.305939
-86.306808
-86.307678
-86.308540
-86.309418
-86.310265
-86.311104
-86.311943
-86.312813
-86.313652
-86.314461
-86.315269
-86.316071
-86.316864
-86.317627
-86.318390
-86.319153
-86.319916
-86.320679
-86.321419
-86.322182
-86.322876
-86.323639
-86.324272
-86.324814
-86.325439
-86.325851
-86.326271
-86.326691
-86.327072
-86.327377
-86.327728
-86.328064
-86.328362
-86.328598
-86.328766
-86.328804
-86.328804
-86.328804
-86.328804
-86.328804
-86.328804
-86.328804
-86.328804
-86.328804
-86.328804
-86.328804
-86.328804
-86.328804
-86.328804
-86.328804
-86.328804
-86.328804
-86.328804
-86.328804
-86.328804
-86.328804
-86.328804
-86.328804
-86.328804
-86.328804
-86.328804
-86.328804
-86.328804
-86.328804
-86.328804
-86.328804
-86.328804
-86.328804
-86.328804
-86.328804
-86.328804
-86.328804
-86.328804
-86.328804
-86.328804
-86.328804
-86.328804
-86.328804
-86.328804
-86.328789
-86.328789
-86.328789
-86.328789
-86.328789
-86.328789
-86.328789
-86.328789
-86.328789
-86.328789
-86.328789
-86.328789
-86.328789
-86.328789
-86.328789
-86.328789
-86.328789
-86.328789
-86.328789
-86.328789
-86.328789
-86.328789
-86.328789
-86.328789
-86.328781
-86.328781
-86.328781
-86.328781
-86.328773
-86.328766
-86.328766
-86.328758
-86.328758
-86.328751
-86.328743
-86.328735
-86.328728
-86.328728
-86.328720
-86.328720
-86.328712
-86.328705
-86.328697
-86.328690
-86.328682
-86.328682
-86.328674
-86.328667
-86.328667
-86.328659
-86.328651
-86.328651
-86.328644
-86.328636
-86.328636
-86.328629
-86.328621
-86.328621
-86.328613
-86.328613
-86.328606
-86.328598
-86.328598
-86.328590
-86.328590
-86.328583
-86.328575
-86.328575
-86.328568
-86.328568
-86.328560
-86.328560
-86.328552
-86.328552
-86.328545
-86.328545
-86.328537
-86.328537
-86.328529
-86.328529
-86.328522
-86.328522
-86.328522
-86.328514
-86.328514
-86.328506
-86.328506
-86.328499
-86.328499
-86.328499
-86.328491
-86.328491
-86.328491
-86.328484
-86.328484
-86.328484
-86.328476
-86.328476
-86.328476
-86.328468
-86.328468
-86.328468
-86.328461
-86.328461
-86.328461
-86.328453
-86.328453
-86.328453
-86.328445
-86.328445
-86.328445
-86.328445
-86.328438
-86.328438
-86.328438
-86.328438
-86.328430
-86.328430
-86.328430
-86.328430
-86.328423
-86.328423
-86.328423
-86.328423
-86.328423
-86.328415
-86.328415
-86.328415
-86.328415
-86.328415
-86.328407
-86.328407
-86.328407
-86.328407
-86.328407
-86.328400
-86.328400
-86.328400
-86.328400
-86.328400
-86.328392
-86.328392
-86.328392
-86.328392
-86.328392
-86.328392
-86.328384
-86.328384
-86.328384
-86.328384
-86.328384
-86.328384
-86.328384
-86.328377
-86.328377
-86.328377
-86.328377
-86.328377
-86.328377
-86.328377
-86.328377
-86.328369
-86.328369
-86.328369
-86.328369
-86.328369
-86.328369
-86.328369
-86.328369
-86.328362
-86.328362
-86.328362
-86.328362
-86.328362
-86.328362
-86.328362
-86.328362
-86.328362
-86.328362
-86.328354
-86.328354
-86.328354
-86.328354
-86.328354
-86.328354
-86.328354
-86.328354
-86.328354
-86.328354
-86.328354
-86.328346
-86.328346
-86.328346
-86.328346
-86.328346
-86.328346
-86.328346
-86.328346
-86.328346
-86.328346
-86.328346
-86.328346
-86.328346
-86.328346
-86.328339
-86.328339
-86.328339
-86.328339
-86.328339
-86.328339
-86.328339
-86.328339
-86.328339
-86.328339
-86.328339
-86.328339
-86.328339
-86.328339
-86.328339
-86.328339
-86.328339
-86.328331
-86.328331
-86.328331
-86.328331
-86.328331
-86.328331
-86.328331
-86.328331
-86.328331
-86.328331
-86.328331
-86.328331
-86.328331
-86.328331
-86.328331
-86.328331
-86.328331
-86.328331
-86.328331
-86.328331
-86.328331
-86.328331
-86.328323
-86.328323
-86.328323
-86.328323
-86.328323
-86.328323
-86.328323
-86.328323
-86.328323
-86.328323
-86.328323
-86.328323
-86.328323
-86.328323
-86.328323
-86.328323
-86.328323
-86.328323
-86.328323
-86.328323
-86.328323
-86.328323
-86.328323
-86.328323
-86.328323
-86.328323
-86.328323
-86.328323
-86.328323
-86.328323
-86.328316
-86.328316
-86.328316
-86.328316
-86.328316
-86.328316
-86.328316
-86.328316
-86.328316
-86.328316
-86.328316
-86.328316
-86.328316
-86.328316
-86.328316
-86.328316
-86.328316
-86.328316
-86.328316
-86.328316
-86.328316
-86.328316
-86.328316
-86.328316
-86.328316
-86.328316
-86.328316
-86.328316
-86.328316
-86.328316
-86.328316
-86.328316
-86.328316
-86.328316
-86.328316
-86.328316
-86.328316
-86.328316
-86.328316
-86.328316
-86.328316
-86.328316
-86.328316
-86.328316
-86.328316
-86.328316
-86.328316
-86.328316
-86.328316
-86.328316
-86.328316
-86.328316
-86.328316
-86.328316
-86.328308
-86.328308
-86.328308
-86.328308
-86.328308
-86.328308
-86.328308
-86.328308
-86.328308
-86.328308
-86.328308
-86.328308
-86.328308
-86.328308
-86.328308
-86.328308
-86.328308
-86.328308
-86.328308
-86.328308
-86.328308
-86.328308
-86.328308
-86.328308
-86.328308
-86.328308
-86.328308
-86.328308
-86.328308
-86.328308
-86.328308
-86.328308
-86.328308
-86.328308
-86.328308
-86.328308
-86.328308
-86.328308
-86.328308
-86.328308
-86.328308
-86.328308
-86.328308
-86.328308
-86.328308
-86.328308
-86.328308
-86.328308
-86.328308
-86.328308
-86.328308
-86.328308
-86.328308
-86.328308
-86.328308
-86.328308
-86.328308
-86.328308
-86.328308
-86.328308
-86.328308
-86.328308
-86.328308
-86.328308
-86.328308
-86.328308
-86.328308
-86.328308
-86.328308
-86.328308
-86.328308
-86.328308
-86.328308
-86.328308
-86.328308
-86.328308
-86.328308
-86.328308
-86.328308
-86.328308
-86.328308
-86.328308
-86.328308
-86.328308
-86.328308
-86.328308
-86.328308
-86.328308
-86.328308
-86.328308
-86.328308
-86.328308
-86.328308
-86.328308
-86.328308
-86.328308
-86.328308
-86.328308
-86.328308
-86.328308
-86.328308
-86.328308
-86.328308
-86.328308
-86.328308
-86.328308
-86.328308
-86.328308
-86.328308
-86.328308
-86.328308
-86.328308
-86.328308
-86.328308
-86.328308
-86.328308
-86.328308
-86.328308
-86.328308
-86.328308
-86.328308
-86.328308
-86.328308
-86.328308
-86.328308
-86.328308
-86.328308
-86.328308
-86.328308
-86.328308
-86.328308
-86.328308
-86.328308
-86.328308
-86.328308
-86.328300
-86.328255
-86.328094
-86.327095
-86.298965
-85.424095
-59.418159
20.345310
22.041468
20.555206
18.323652
16.394621
15.001806
14.117660
13.650554
13.503374
13.590227
13.840652
14.199679
14.626268
15.091027
15.573737
16.060963
16.543955
17.016514
17.474339
17.914787
18.336174
18.737328
19.117338
19.475487
19.811163
20.123924
20.413481
20.679733
20.922756
21.142843
21.340490
21.516352
21.671238
21.806095
21.921955
22.019934
22.101189
22.166883
22.218204
22.256283
22.282244
22.297142
22.301994
22.297741
22.285267
22.265388
22.238852
22.206343
22.168491
22.125860
22.078970
22.028250
21.974131
21.916981
21.857124
21.794851
21.730419
21.664064
21.595978
21.526350
21.455322
21.383045
21.309633
21.235195
21.159821
21.083595
21.006584
20.928848
20.850447
20.771418
20.691805
20.611635
20.530943
20.449751
20.368076
20.285940
20.203354
20.120325
20.036873
19.952993
19.868694
19.783981
19.698854
19.613316
19.527363
19.440998
19.354212
19.267008
19.179380
19.091324
19.002827
18.913895
18.824514
18.734688
18.644398
18.553644
18.462416
18.370703
18.278505
18.185804
18.092600
17.998878
17.904633
17.809853
17.714531
17.618654
17.522217
17.425205
17.327612
17.229420
17.130623
17.031210
16.931175
16.830500
16.729176
16.627192
16.524538
16.421200
16.317162
16.212416
16.106941
16.000732
15.893774
15.786058
15.677567
15.568288
15.458204
15.347306
15.235576
15.122996
15.009556
14.895238
14.780027
14.663908
14.546865
14.428884
14.309944
14.190027
14.069118
13.947205
13.824257
13.700271
13.575222
13.449087
13.321855
13.193501
13.064010
12.933356
12.801523
12.668486
12.534225
12.398717
12.261944
12.123883
11.984515
11.843811
11.701754
11.558311
11.413461
11.267181
11.119446
10.970230
10.819509
10.667255
10.513443
10.358045
10.201034
10.042381
9.882056
9.720032
9.556277
9.390767
9.223468
9.054350
8.883380
8.710530
8.535764
8.359050
8.180355
7.999647
7.816887
7.632048
7.445089
7.255978
7.064676
6.871146
6.675354
6.477261
6.276826
6.074011
5.868776
5.661080
5.450883
5.238142
5.022811
4.804848
4.584205
4.360837
4.134698
3.905738
3.673903
3.439141
3.201395
2.960612
2.716731
2.469692
2.219429
1.965872
1.708950
1.448588
1.184707
0.917223
0.646044
0.371077
0.092221
-0.190633
-0.477597
-0.768794
-1.064355
-1.364420
-1.669136
-1.978667
-2.293180
-2.612857
-2.937887
-3.268481
-3.604857
-3.947249
-4.295906
-4.651091
-5.013073
-5.382143
-5.758606
-6.142797
-6.535047
-6.935712
-7.345166
-7.763785
-8.191976
-8.630139
-9.078707
-9.538115
-10.008803
-10.491227
-10.985846
-11.493116
-12.013505
-12.547475
-13.095482
-13.657980
-14.235412
-14.828217
-15.436814
-16.061623
-16.703039
-17.361448
-18.037231
-18.730766
-19.442415
-20.172554
-20.921564
-21.689846
-22.477831
-23.285997
-24.114851
-24.964998
-25.837116
-26.731987
-27.650522
-28.593782
-29.562916
-30.558914
-31.582224
-32.632427
-33.708313
-34.808159
-35.930462
-37.074020
-38.241291
-39.449448
-40.710934
-42.035000
-43.429165
-44.900017
-46.453484
-48.094578
-49.826733
-51.650776
-53.563560
-55.556671
-57.615330
-59.718086
-61.837635
-63.942848
-66.001602
-67.983932
-69.864578
-71.624580
-73.251923
-74.741013
-76.091881
-77.308731
-78.398880
-79.371437
-80.236343
-81.003624
-81.682877
-82.283012
-82.812111
-83.277359
-83.685272
-84.041611
-84.351624
-84.620163
-84.851685
-85.050369
-85.220024
-85.364258
-85.486366
-85.589325
-85.675835
-85.748314
-85.808876
-85.859406
-85.901497
-85.936531
-85.965714
-85.990028
-86.010338
-86.027336
-86.041649
-86.053741
-86.064018
-86.072792
-86.080429
-86.087051
-86.092873
-86.098053
-86.102745
-86.107025
-86.110909
-86.114517
-86.117950
-86.121086
-86.124168
-86.127075
-86.129852
-86.132553
-86.135223
-86.137894
-86.140549
-86.143112
-86.145676
-86.148193
-86.150658
-86.152992
-86.155327
-86.157616
-86.159904
-86.162193
-86.164482
-86.166748
-86.169014
-86.171227
-86.173470
-86.175636
-86.177765
-86.179901
-86.181992
-86.183952
-86.185875
-86.187813
-86.189751
-86.191658
-86.193565
-86.195473
-86.197380
-86.199287
-86.201195
-86.203102
-86.205009
-86.206917
-86.208801
-86.210632
-86.212379
-86.214119
-86.215851
-86.217560
-86.219238
-86.220955
-86.222633
-86.224289
-86.225929
-86.227524
-86.229103
-86.230690
-86.232315
-86.233864
-86.235390
-86.236916
-86.238441
-86.239967
-86.241493
-86.243019
-86.244545
-86.246071
-86.247589
-86.249077
-86.250496
-86.251907
-86.253304
-86.254646
-86.255951
-86.257278
-86.258568
-86.259842
-86.261070
-86.262283
-86.263535
-86.264717
-86.265877
-86.267029
-86.268188
-86.269341
-86.270493
-86.271637
-86.272781
-86.273926
-86.275070
-86.276215
-86.277359
-86.278503
-86.279648
-86.280792
-86.281914
-86.282944
-86.283966
-86.284950
-86.285934
-86.286880
-86.287834
-86.288788
-86.289734
-86.290672
-86.291611
-86.292542
-86.293442
-86.294319
-86.295189
-86.296074
-86.296951
-86.297821
-86.298691
-86.299553
-86.300438
-86.301285
-86.302162
-86.302986
-86.303825
-86.304680
-86.305489
-86.306313
-86.307098
-86.307877
-86.308640
-86.309364
-86.309761
-86.310143
-86.310501
-86.310760
-86.310883
-86.311012
-86.311195
-86.311195
-86.311295
-86.311348
-86.311363
-86.311417
-86.311417
-86.311417
-86.311417
-86.311417
-86.311417
-86.311417
-86.311417
-86.311417
-86.311417
-86.311417
-86.311417
-86.311417
-86.311417
-86.311417
-86.311417
-86.311417
-86.311417
-86.311417
-86.311417
-86.311417
-86.311417
-86.311417
-86.311417
-86.311417
-86.311417
-86.311417
-86.311417
-86.311417
-86.311417
-86.311417
-86.311417
-86.311417
-86.311417
-86.311417
-86.311417
-86.311417
-86.311401
-86.311386
-86.311386
-86.311386
-86.311386
-86.311386
-86.311386
-86.311386
-86.311386
-86.311386
-86.311378
-86.311378
-86.311378
-86.311378
-86.311378
-86.311378
-86.311378
-86.311378
-86.311378
-86.311378
-86.311378
-86.311371
-86.311356
-86.311348
-86.311340
-86.311325
-86.311317
-86.311310
-86.311295
-86.311295
-86.311295
-86.311295
-86.311287
-86.311287
-86.311272
-86.311256
-86.311249
-86.311234
-86.311226
-86.311211
-86.311203
-86.311195
-86.311180
-86.311172
-86.311165
-86.311157
-86.311150
-86.311142
-86.311134
-86.311127
-86.311127
-86.311119
-86.311111
-86.311104
-86.311096
-86.311096
-86.311089
-86.311081
-86.311073
-86.311073
-86.311066
-86.311058
-86.311050
-86.311050
-86.311043
-86.311035
-86.311035
-86.311028
-86.311028
-86.311020
-86.311012
-86.311012
-86.311005
-86.311005
-86.310997
-86.310997
-86.310989
-86.310982
-86.310982
-86.310974
-86.310974
-86.310966
-86.310966
-86.310959
-86.310959
-86.310959
-86.310951
-86.310951
-86.310944
-86.310944
-86.310936
-86.310936
-86.310936
-86.310928
-86.310928
-86.310921
-86.310921
-86.310921
-86.310913
-86.310913
-86.310905
-86.310905
-86.310905
-86.310898
-86.310898
-86.310898
-86.310890
-86.310890
-86.310890
-86.310890
-86.310890
-86.310890
-86.310890
-86.310890
-86.310890
-86.310890
-86.310890
-86.310890
-86.310890
-86.310890
-86.310890
-86.310883
-86.310883
-86.310883
-86.310875
-86.310875
-86.310875
-86.310875
-86.310867
-86.310867
-86.310867
-86.310867
-86.310860
-86.310860
-86.310860
-86.310860
-86.310860
-86.310860
-86.310860
-86.310860
-86.310860
-86.310860
-86.310860
-86.310860
-86.310860
-86.310860
-86.310860
-86.310852
-86.310852
-86.310852
-86.310852
-86.310852
-86.310844
-86.310844
-86.310844
-86.310844
-86.310844
-86.310844
-86.310844
-86.310844
-86.310844
-86.310844
-86.310844
-86.310844
-86.310837
-86.310837
-86.310837
-86.310837
-86.310837
-86.310837
-86.310837
-86.310829
-86.310829
-86.310829
-86.310829
-86.310829
-86.310829
-86.310829
-86.310829
-86.310822
-86.310822
-86.310822
-86.310822
-86.310822
-86.310822
-86.310822
-86.310822
-86.310814
-86.310814
-86.310814
-86.310814
-86.310814
-86.310814
-86.310814
-86.310814
-86.310814
-86.310814
-86.310806
-86.310806
-86.310806
-86.310806
-86.310806
-86.310806
-86.310806
-86.310806
-86.310806
-86.310806
-86.310806
-86.310806
-86.310799
-86.310799
-86.310799
-86.310799
-86.310799
-86.310799
-86.310799
-86.310799
-86.310799
-86.310799
-86.310799
-86.310799
-86.310799
-86.310791
-86.310791
-86.310791
-86.310791
-86.310791
-86.310791
-86.310791
-86.310791
-86.310791
-86.310791
-86.310791
-86.310791
-86.310791
-86.310791
-86.310791
-86.310791
-86.310791
-86.310791
-86.310783
-86.310783
-86.310783
-86.310783
-86.310783
-86.310783
-86.310783
-86.310783
-86.310783
-86.310783
-86.310783
-86.310783
-86.310783
-86.310783
-86.310783
-86.310783
-86.310783
-86.310783
-86.310783
-86.310783
-86.310783
-86.310783
-86.310783
-86.310783
-86.310783
-86.310783
-86.310783
-86.310783
-86.310783
-86.310776
-86.310776
-86.310776
-86.310776
-86.310776
-86.310776
-86.310776
-86.310776
-86.310776
-86.310776
-86.310776
-86.310776
-86.310776
-86.310776
-86.310776
-86.310776
-86.310776
-86.310776
-86.310776
-86.310776
-86.310776
-86.310776
-86.310776
-86.310776
-86.310776
-86.310776
-86.310776
-86.310776
-86.310776
-86.310776
-86.310776
-86.310776
-86.310776
-86.310776
-86.310776
-86.310776
-86.310776
-86.310776
-86.310776
-86.310776
-86.310768
-86.310768
-86.310768
-86.310768
-86.310768
-86.310768
-86.310768
-86.310768
-86.310768
-86.310768
-86.310768
-86.310768
-86.310768
-86.310768
-86.310768
-86.310768
-86.310768
-86.310768
-86.310768
-86.310768
-86.310768
-86.310768
-86.310768
-86.310768
-86.310768
-86.310768
-86.310768
-86.310768
-86.310768
-86.310768
-86.310768
-86.310768
-86.310768
-86.310768
-86.310768
-86.310768
-86.310768
-86.310768
-86.310768
-86.310768
-86.310768
-86.310768
-86.310768
-86.310768
-86.310768
-86.310768
-86.310768
-86.310768
-86.310768
-86.310768
-86.310768
-86.310768
-86.310768
-86.310768
-86.310768
-86.310768
-86.310768
-86.310768
-86.310768
-86.310768
-86.310768
-86.310768
-86.310768
-86.310768
-86.310768
-86.310768
-86.310768
-86.310768
-86.310768
-86.310768
-86.310768
-86.310768
-86.310768
-86.310768
-86.310768
-86.310768
-86.310768
-86.310768
-86.310768
-86.310768
-86.310768
-86.310768
-86.310768
-86.310768
-86.310768
-86.310768
-86.310768
-86.310768
-86.310768
-86.310768
-86.310768
-86.310768
-86.310768
-86.310768
-86.310768
-86.310768
-86.310768
-86.310768
-86.310768
-86.310768
-86.310768
-86.310768
-86.310768
-86.310768
-86.310768
-86.310768
-86.310768
-86.310768
-86.310768
-86.310768
-86.310768
-86.310768
-86.310768
-86.310768
-86.310768
-86.310768
-86.310768
-86.310768
-86.310768
-86.310768
-86.310768
-86.310768
-86.310768
-86.310768
-86.310768
-86.310768
-86.310768
-86.310768
-86.310768
-86.310768
-86.310768
-86.310768
-86.310768
-86.310768
-86.310768
-86.310768
-86.310768
-86.310768
-86.310768
-86.310768
-86.310768
-86.310768
-86.310768
-86.310768
-86.310768
-86.310768
-86.310768
-86.310768
-86.310768
-86.310768
-86.310768
-86.310768
-86.310768
-86.310768
-86.310768
-86.310768
-86.310760
-86.310760
-86.310760
-86.310760
-86.310760
-86.310760
-86.310760
-86.310760
-86.310760
-86.310760
-86.310760
-86.310760
-86.310760
-86.310760
-86.310760
-86.310760
-86.310753
-86.309792
-86.281708
-85.408035
-59.491505
20.323908
22.014240
20.483629
18.225817
16.288912
14.898041
14.020179
13.560713
13.421030
13.514534
13.770487
14.133874
14.563740
15.030835
15.515100
16.003260
16.486706
16.959381
17.417097
17.857315
18.278410
18.679255
19.058989
19.416903
19.752422
20.065100
20.354652
20.620972
20.864155
21.084473
21.282402
21.458591
21.613846
21.749088
21.865355
21.963743
22.045395
22.111485
22.163170
22.201601
22.227877
22.243059
22.248159
22.244120
22.231823
22.212090
22.185665
22.153236
22.115427
22.072809
22.025894
21.975136
21.920944
21.863699
21.803720
21.741304
21.676710
21.610174
21.541889
21.472038
21.400787
21.328262
21.254595
21.179890
21.104235
21.027716
20.950403
20.872362
20.793640
20.714287
20.634335
20.553825
20.472790
20.391243
20.309212
20.226709
20.143749
20.060347
19.976509
19.892241
19.807552
19.722441
19.636913
19.550970
19.464603
19.377821
19.290615
19.202984
19.114923
19.026428
18.937496
18.848120
18.758291
18.668005
18.577257
18.486038
18.394341
18.302155
18.209475
18.116293
18.022596
17.928383
17.833637
17.738352
17.642519
17.546125
17.449162
17.351622
17.253494
17.154768
17.055428
16.955463
16.854870
16.753628
16.651730
16.549164
16.445923
16.341988
16.237347
16.131994
16.025906
15.919073
15.811487
15.703129
15.593992
15.484058
15.373310
15.261738
15.149327
15.036060
14.921924
14.806898
14.690969
14.574123
14.456345
14.337615
14.217916
14.097234
13.975552
13.852849
13.729108
13.604310
13.478436
13.351469
13.223389
13.094176
12.963810
12.832271
12.699541
12.565595
12.430409
12.293967
12.156244
12.017220
11.876871
11.735172
11.592103
11.447636
11.301749
11.154416
11.005612
10.855310
10.703485
10.550114
10.395164
10.238613
10.080431
9.920588
9.759057
9.595808
9.430811
9.264036
9.095453
8.925032
8.752738
8.578542
8.402411
8.224313
8.044214
7.862078
7.677873
7.491560
7.303107
7.112480
6.919641
6.724553
6.527174
6.327466
6.125395
5.920919
5.713996
5.504587
5.292646
5.078132
4.861001
4.641210
4.418713
4.193460
3.965402
3.734488
3.500668
3.263886
3.024087
2.781211
2.535197
2.285985
2.033505
1.777689
1.518461
1.255743
0.989451
0.719499
0.445793
0.168235
-0.113282
-0.398869
-0.688645
-0.982739
-1.281287
-1.584433
-1.892334
-2.205154
-2.523072
-2.846274
-3.174965
-3.509358
-3.849678
-4.196167
-4.549081
-4.908695
-5.275290
-5.649173
-6.030659
-6.420077
-6.817769
-7.224104
-7.639466
-8.064248
-8.498849
-8.943694
-9.399209
-9.865839
-10.344022
-10.834225
-11.336901
-11.852512
-12.381523
-12.924390
-13.481567
-14.053504
-14.640638
-15.243392
-15.862187
-16.497421
-17.149487
-17.818771
-18.505640
-19.210466
-19.933620
-20.675476
-21.436424
-22.216892
-23.017319
-23.838217
-24.680147
-25.543760
-26.429789
-27.339098
-28.272696
-29.231707
-30.217249
-31.230051
-32.270054
-33.336300
-34.427109
-35.540672
-36.675327
-37.831146
-39.020866
-40.259792
-41.558029
-42.923550
-44.363251
-45.883308
-47.489182
-49.185020
-50.972855
-52.851311
-54.814243
-56.849449
-58.938049
-61.054821
-63.169701
-65.250443
-67.265770
-69.188179
-70.996078
-72.674698
-74.216080
-75.618225
-76.883942
-78.019623
-79.033844
-79.936424
-80.737503
-81.446930
-82.073959
-82.626984
-83.113609
-83.540596
-83.913963
-84.239204
-84.521278
-84.764824
-84.974121
-85.153107
-85.305511
-85.434692
-85.543755
-85.635521
-85.712440
-85.776779
-85.830475
-85.875244
-85.912544
-85.943619
-85.969513
-85.991142
-86.009254
-86.024490
-86.037331
-86.048264
-86.057594
-86.065659
-86.072639
-86.078812
-86.084282
-86.089218
-86.093674
-86.097748
-86.101532
-86.104996
-86.108337
-86.111465
-86.114517
-86.117447
-86.120316
-86.123039
-86.125732
-86.128403
-86.131065
-86.133713
-86.136353
-86.138924
-86.141396
-86.143692
-86.145981
-86.148270
-86.150604
-86.152893
-86.155182
-86.157471
-86.159760
-86.162048
-86.164314
-86.166595
-86.168770
-86.170845
-86.172852
-86.174843
-86.176880
-86.178833
-86.180771
-86.182693
-86.184601
-86.186508
-86.188416
-86.190323
-86.192230
-86.194138
-86.196045
-86.197952
-86.199844
-86.201744
-86.203636
-86.205444
-86.207237
-86.209015
-86.210739
-86.212448
-86.214119
-86.215813
-86.217453
-86.219086
-86.220627
-86.222282
-86.223824
-86.225349
-86.226883
-86.228409
-86.229935
-86.231461
-86.232986
-86.234505
-86.236008
-86.237534
-86.239014
-86.240486
-86.241959
-86.243446
-86.244827
-86.246208
-86.247581
-86.248871
-86.250107
-86.251335
-86.252571
-86.253799
-86.255020
-86.256180
-86.257385
-86.258530
-86.259674
-86.260818
-86.261963
-86.263107
-86.264252
-86.265396
-86.266541
-86.267685
-86.268829
-86.269974
-86.271118
-86.272263
-86.273407
-86.274551
-86.275642
-86.276672
-86.277718
-86.278702
-86.279671
-86.280663
-86.281631
-86.282585
-86.283539
-86.284492
-86.285400
-86.286285
-86.287178
-86.288063
-86.288956
-86.289841
-86.290733
-86.291634
-86.292519
-86.293396
-86.294281
-86.295143
-86.295975
-86.296783
-86.297600
-86.298416
-86.299194
-86.299911
-86.300537
-86.301033
-86.301414
-86.301758
-86.302017
-86.302170
-86.302261
-86.302299
-86.302299
-86.302315
-86.302315
-86.302315
-86.302315
-86.302315
-86.302315
-86.302315
-86.302315
-86.302315
-86.302315
-86.302315
-86.302315
-86.302315
-86.302315
-86.302315
-86.302315
-86.302315
-86.302315
-86.302315
-86.302315
-86.302315
-86.302315
-86.302315
-86.302315
-86.302315
-86.302315
-86.302315
-86.302315
-86.302315
-86.302315
-86.302315
-86.302315
-86.302315
-86.302307
-86.302307
-86.302307
-86.302307
-86.302299
-86.302299
-86.302299
-86.302299
-86.302299
-86.302284
-86.302277
-86.302261
-86.302246
-86.302231
-86.302216
-86.302208
-86.302208
-86.302208
-86.302208
-86.302208
-86.302200
-86.302185
-86.302170
-86.302162
-86.302147
-86.302139
-86.302124
-86.302116
-86.302109
-86.302094
-86.302086
-86.302078
-86.302063
-86.302055
-86.302048
-86.302040
-86.302032
-86.302025
-86.302017
-86.302010
-86.302002
-86.301994
-86.301987
-86.301979
-86.301971
-86.301964
-86.301956
-86.301949
-86.301949
-86.301941
-86.301933
-86.301926
-86.301918
-86.301910
-86.301903
-86.301895
-86.301888
-86.301880
-86.301880
-86.301872
-86.301865
-86.301857
-86.301849
-86.301849
-86.301842
-86.301842
-86.301834
-86.301826
-86.301819
-86.301811
-86.301804
-86.301804
-86.301796
-86.301788
-86.301781
-86.301781
-86.301781
-86.301773
-86.301765
-86.301765
-86.301758
-86.301758
-86.301750
-86.301750
-86.301743
-86.301743
-86.301743
-86.301743
-86.301743
-86.301735
-86.301735
-86.301735
-86.301735
-86.301735
-86.301735
-86.301735
-86.301735
-86.301735
-86.301735
-86.301735
-86.301735
-86.301735
-86.301735
-86.301735
-86.301735
-86.301735
-86.301735
-86.301735
-86.301735
-86.301735
-86.301735
-86.301735
-86.301735
-86.301735
-86.301727
-86.301727
-86.301727
-86.301727
-86.301727
-86.301727
-86.301727
-86.301720
-86.301720
-86.301720
-86.301720
-86.301720
-86.301720
-86.301720
-86.301720
-86.301720
-86.301720
-86.301720
-86.301720
-86.301720
-86.301720
-86.301720
-86.301720
-86.301720
-86.301720
-86.301720
-86.301720
-86.301720
-86.301720
-86.301720
-86.301720
-86.301720
-86.301720
-86.301720
-86.301720
-86.301720
-86.301720
-86.301720
-86.301720
-86.301720
-86.301720
-86.301720
-86.301720
-86.301720
-86.301720
-86.301720
-86.301720
-86.301720
-86.301720
-86.301720
-86.301720
-86.301720
-86.301720
-86.301720
-86.301720
-86.301720
-86.301720
-86.301720
-86.301720
-86.301720
-86.301720
-86.301720
-86.301720
-86.301720
-86.301720
-86.301720
-86.301720
-86.301720
-86.301720
-86.301720
-86.301720
-86.301720
-86.301720
-86.301720
-86.301720
-86.301720
-86.301720
-86.301720
-86.301720
-86.301720
-86.301720
-86.301720
-86.301720
-86.301720
-86.301720
-86.301720
-86.301720
-86.301720
-86.301720
-86.301712
-86.301712
-86.301712
-86.301712
-86.301712
-86.301712
-86.301712
-86.301712
-86.301712
-86.301712
-86.301712
-86.301712
-86.301704
-86.301704
-86.301704
-86.301704
-86.301704
-86.301704
-86.301704
-86.301704
-86.301704
-86.301704
-86.301704
-86.301704
-86.301704
-86.301704
-86.301697
-86.301697
-86.301697
-86.301697
-86.301697
-86.301697
-86.301697
-86.301697
-86.301697
-86.301697
-86.301697
-86.301697
-86.301697
-86.301697
-86.301697
-86.301697
-86.301697
-86.301697
-86.301689
-86.301689
-86.301689
-86.301689
-86.301689
-86.301689
-86.301689
-86.301689
-86.301689
-86.301689
-86.301689
-86.301689
-86.301689
-86.301689
-86.301689
-86.301689
-86.301689
-86.301689
-86.301689
-86.301689
-86.301689
-86.301689
-86.301689
-86.301682
-86.301682
-86.301682
-86.301682
-86.301682
-86.301682
-86.301682
-86.301682
-86.301682
-86.301682
-86.301682
-86.301682
-86.301682
-86.301682
-86.301682
-86.301682
-86.301682
-86.301682
-86.301682
-86.301682
-86.301682
-86.301682
-86.301682
-86.301682
-86.301682
-86.301682
-86.301682
-86.301682
-86.301682
-86.301682
-86.301682
-86.301682
-86.301682
-86.301674
-86.301674
-86.301674
-86.301674
-86.301674
-86.301674
-86.301674
-86.301674
-86.301674
-86.301674
-86.301674
-86.301674
-86.301674
-86.301674
-86.301674
-86.301674
-86.301674
-86.301674
-86.301674
-86.301674
-86.301674
-86.301674
-86.301674
-86.301674
-86.301674
-86.301674
-86.301674
-86.301674
-86.301674
-86.301674
-86.301674
-86.301674
-86.301674
-86.301674
-86.301674
-86.301674
-86.301674
-86.301674
-86.301674
-86.301674
-86.301674
-86.301674
-86.301674
-86.301674
-86.301674
-86.301674
-86.301674
-86.301674
-86.301674
-86.301674
-86.301674
-86.301674
-86.301674
-86.301674
-86.301674
-86.301674
-86.301674
-86.301674
-86.301674
-86.301674
-86.301674
-86.301674
-86.301674
-86.301674
-86.301666
-86.301666
-86.301666
-86.301666
-86.301666
-86.301666
-86.301666
-86.301666
-86.301666
-86.301666
-86.301666
-86.301666
-86.301666
-86.301666
-86.301666
-86.301666
-86.301666
-86.301666
-86.301666
-86.301666
-86.301666
-86.301666
-86.301666
-86.301666
-86.301666
-86.301666
-86.301666
-86.301666
-86.301666
-86.301666
-86.301666
-86.301666
-86.301666
-86.301666
-86.301666
-86.301666
-86.301666
-86.301666
-86.301666
-86.301666
-86.301666
-86.301666
-86.301666
-86.301666
-86.301666
-86.301666
-86.301666
-86.301666
-86.301666
-86.301666
-86.301666
-86.301666
-86.301666
-86.301666
-86.301666
-86.301666
-86.301666
-86.301666
-86.301666
-86.301666
-86.301666
-86.301666
-86.301666
-86.301666
-86.301666
-86.301666
-86.301666
-86.301666
-86.301666
-86.301666
-86.301666
-86.301666
-86.301666
-86.301666
-86.301666
-86.301666
-86.301666
-86.301666
-86.301666
-86.301666
-86.301666
-86.301666
-86.301666
-86.301666
-86.301666
-86.301666
-86.301666
-86.301666
-86.301666
-86.301666
-86.301666
-86.301666
-86.301666
-86.301666
-86.301666
-86.301666
-86.301666
-86.301666
-86.301666
-86.301666
-86.301666
-86.301666
-86.301666
-86.301666
-86.301666
-86.301666
-86.301666
-86.301666
-86.301666
-86.301666
-86.301666
-86.301666
-86.301666
-86.301666
-86.301666
-86.301666
-86.301666
-86.301666
-86.301666
-86.301666
-86.301666
-86.301666
-86.301666
-86.300797
-86.272789
-85.403160
-59.652012
20.303621
21.993069
20.429277
18.154280
16.212442
14.822819
13.948868
13.494088
13.358910
13.456313
13.715406
14.081179
14.512741
14.980942
15.465828
15.954217
16.437592
16.909986
17.367302
17.807045
18.227636
18.627987
19.007257
19.364765
19.699938
20.012341
20.301699
20.567898
20.811028
21.031361
21.229366
21.405684
21.561102
21.696547
21.813030
21.911648
21.993536
22.059856
22.111763
22.150391
22.176851
22.192204
22.197445
22.193529
22.181322
22.161646
22.135256
22.102835
22.065008
22.022348
21.975359
21.924507
21.870205
21.812822
21.752691
21.690107
21.625324
21.558580
21.490076
21.419992
21.348490
21.275711
21.201773
21.126785
21.050840
20.974022
20.896399
20.818041
20.738993
20.659307
20.579016
20.498158
20.416763
20.334858
20.252455
20.169580
20.086246
20.002462
19.918236
19.833576
19.748489
19.662977
19.577042
19.490683
19.403900
19.316694
19.229061
19.140997
19.052502
18.963566
18.874187
18.784357
18.694069
18.603323
18.512110
18.420416
18.328241
18.235573
18.142403
18.048729
17.954536
17.859818
17.764561
17.668758
17.572407
17.475487
17.377991
17.279913
17.181234
17.081955
16.982059
16.881535
16.780371
16.678553
16.576069
16.472916
16.369072
16.264532
16.159277
16.053295
15.946577
15.839108
15.730879
15.621870
15.512069
15.401462
15.290034
15.177773
15.064660
14.950686
14.835829
14.720077
14.603412
14.485819
14.367280
14.247782
14.127306
14.005836
13.883351
13.759835
13.635272
13.509639
13.382920
13.255095
13.126143
12.996046
12.864782
12.732334
12.598677
12.463792
12.327662
12.190256
12.051555
11.911539
11.770179
11.627459
11.483350
11.337831
11.190874
11.042457
10.892551
10.741132
10.588174
10.433645
10.277523
10.119781
9.960390
9.799319
9.636541
9.472028
9.305748
9.137671
8.967763
8.795997
8.622340
8.446759
8.269223
8.089696
7.908144
7.724535
7.538835
7.351005
7.161012
6.968817
6.774385
6.577679
6.378661
6.177290
5.973528
5.767333
5.558665
5.347481
5.133739
4.917396
4.698406
4.476723
4.252302
4.025095
3.795052
3.562118
3.326239
3.087361
2.845427
2.600379
2.352153
2.100681
1.845896
1.587726
1.326095
1.060922
0.792120
0.519596
0.243254
-0.037008
-0.321301
-0.609742
-0.902456
-1.199576
-1.501245
-1.807613
-2.118842
-2.435108
-2.756591
-3.083491
-3.416013
-3.754383
-4.098834
-4.449623
-4.807010
-5.171275
-5.542713
-5.921638
-6.308376
-6.703264
-7.106672
-7.518966
-7.940529
-8.371761
-8.813079
-9.264909
-9.727691
-10.201866
-10.687889
-11.186214
-11.697301
-12.221614
-12.759610
-13.311747
-13.878475
-14.460234
-15.057452
-15.670555
-16.299940
-16.946007
-17.609137
-18.289709
-18.988091
-19.704651
-20.439758
-21.193806
-21.967197
-22.760366
-23.573799
-24.408033
-25.263680
-26.141445
-27.042137
-27.966707
-28.916246
-29.891928
-30.894699
-31.924889
-32.981834
-34.064022
-35.169460
-36.296227
-37.442627
-38.616653
-39.834949
-41.109138
-42.447765
-43.858032
-45.346367
-46.918560
-48.579353
-50.331802
-52.176025
-54.107944
-56.117867
-58.189507
-60.299908
-62.420464
-64.519218
-66.563927
-68.525146
-70.378723
-72.107140
-73.699867
-75.152794
-76.467209
-77.648376
-78.704292
-79.644547
-80.479332
-81.218750
-81.872353
-82.448975
-82.956505
-83.402046
-83.791931
-84.131821
-84.426880
-84.681923
-84.901337
-85.089226
-85.249344
-85.385216
-85.500038
-85.596718
-85.677834
-85.745743
-85.802444
-85.849724
-85.889107
-85.921921
-85.949280
-85.972137
-85.991272
-86.007324
-86.020905
-86.032425
-86.042259
-86.050735
-86.058098
-86.064522
-86.070267
-86.075409
-86.080025
-86.084267
-86.088234
-86.091866
-86.095329
-86.098618
-86.101753
-86.104805
-86.107750
-86.110542
-86.113235
-86.115906
-86.118576
-86.121246
-86.123917
-86.126587
-86.129250
-86.131721
-86.134171
-86.136528
-86.138893
-86.141182
-86.143478
-86.145775
-86.148064
-86.150352
-86.152641
-86.154930
-86.157219
-86.159508
-86.161736
-86.163826
-86.165947
-86.168053
-86.170082
-86.172104
-86.174072
-86.175980
-86.177933
-86.179848
-86.181786
-86.183693
-86.185600
-86.187508
-86.189415
-86.191322
-86.193230
-86.195137
-86.196999
-86.198868
-86.200676
-86.202423
-86.204147
-86.205887
-86.207603
-86.209320
-86.210938
-86.212540
-86.214104
-86.215691
-86.217270
-86.218796
-86.220345
-86.221878
-86.223412
-86.224945
-86.226471
-86.227997
-86.229523
-86.231026
-86.232552
-86.234077
-86.235542
-86.236969
-86.238358
-86.239708
-86.241043
-86.242355
-86.243622
-86.244873
-86.246124
-86.247406
-86.248627
-86.249809
-86.250977
-86.252136
-86.253281
-86.254433
-86.255577
-86.256721
-86.257866
-86.259010
-86.260155
-86.261292
-86.262436
-86.263580
-86.264725
-86.265869
-86.267014
-86.268158
-86.269295
-86.270424
-86.271416
-86.272377
-86.273346
-86.274269
-86.275200
-86.276138
-86.277077
-86.277985
-86.278885
-86.279785
-86.280685
-86.281586
-86.282486
-86.283356
-86.284233
-86.285126
-86.286003
-86.286842
-86.287682
-86.288513
-86.289352
-86.290184
-86.291023
-86.291817
-86.292580
-86.293343
-86.294113
-86.294868
-86.295586
-86.296303
-86.296875
-86.297386
-86.297798
-86.298225
-86.298607
-86.298988
-86.299164
-86.299187
-86.299202
-86.299294
-86.299316
-86.299393
-86.299393
-86.299423
-86.299561
-86.299622
-86.299690
-86.299690
-86.299690
-86.299690
-86.299690
-86.299690
-86.299690
-86.299690
-86.299690
-86.299690
-86.299690
-86.299690
-86.299690
-86.299690
-86.299690
-86.299690
-86.299690
-86.299690
-86.299690
-86.299690
-86.299690
-86.299690
-86.299690
-86.299683
-86.299683
-86.299683
-86.299683
-86.299683
-86.299683
-86.299675
-86.299675
-86.299675
-86.299675
-86.299675
-86.299675
-86.299675
-86.299675
-86.299675
-86.299675
-86.299675
-86.299675
-86.299675
-86.299675
-86.299675
-86.299675
-86.299675
-86.299675
-86.299675
-86.299675
-86.299675
-86.299675
-86.299675
-86.299667
-86.299667
-86.299652
-86.299644
-86.299637
-86.299629
-86.299622
-86.299614
-86.299599
-86.299591
-86.299576
-86.299568
-86.299561
-86.299553
-86.299538
-86.299530
-86.299522
-86.299515
-86.299507
-86.299500
-86.299492
-86.299492
-86.299484
-86.299477
-86.299469
-86.299461
-86.299454
-86.299446
-86.299438
-86.299431
-86.299423
-86.299416
-86.299408
-86.299408
-86.299400
-86.299400
-86.299393
-86.299393
-86.299385
-86.299385
-86.299377
-86.299370
-86.299362
-86.299362
-86.299355
-86.299347
-86.299339
-86.299339
-86.299332
-86.299324
-86.299324
-86.299316
-86.299309
-86.299309
-86.299301
-86.299301
-86.299301
-86.299301
-86.299301
-86.299294
-86.299294
-86.299286
-86.299286
-86.299278
-86.299278
-86.299271
-86.299271
-86.299263
-86.299263
-86.299255
-86.299255
-86.299248
-86.299248
-86.299248
-86.299248
-86.299248
-86.299248
-86.299248
-86.299240
-86.299240
-86.299240
-86.299232
-86.299232
-86.299232
-86.299225
-86.299225
-86.299217
-86.299217
-86.299217
-86.299210
-86.299210
-86.299210
-86.299202
-86.299202
-86.299202
-86.299202
-86.299202
-86.299202
-86.299202
-86.299202
-86.299202
-86.299202
-86.299202
-86.299202
-86.299202
-86.299202
-86.299202
-86.299202
-86.299194
-86.299194
-86.299194
-86.299194
-86.299187
-86.299187
-86.299187
-86.299187
-86.299187
-86.299179
-86.299179
-86.299179
-86.299179
-86.299179
-86.299171
-86.299171
-86.299171
-86.299171
-86.299171
-86.299171
-86.299164
-86.299164
-86.299164
-86.299164
-86.299164
-86.299164
-86.299156
-86.299156
-86.299156
-86.299156
-86.299156
-86.299156
-86.299156
-86.299149
-86.299149
-86.299149
-86.299149
-86.299149
-86.299149
-86.299149
-86.299149
-86.299141
-86.299141
-86.299141
-86.299141
-86.299141
-86.299141
-86.299141
-86.299141
-86.299133
-86.299133
-86.299133
-86.299133
-86.299133
-86.299133
-86.299133
-86.299133
-86.299133
-86.299133
-86.299126
-86.299126
-86.299126
-86.299126
-86.299126
-86.299126
-86.299126
-86.299126
-86.299126
-86.299126
-86.299126
-86.299126
-86.299126
-86.299126
-86.299126
-86.299126
-86.299126
-86.299126
-86.299126
-86.299126
-86.299126
-86.299126
-86.299126
-86.299126
-86.299126
-86.299126
-86.299126
-86.299126
-86.299126
-86.299126
-86.299126
-86.299126
-86.299126
-86.299126
-86.299126
-86.299126
-86.299126
-86.299126
-86.299126
-86.299126
-86.299126
-86.299126
-86.299126
-86.299126
-86.299126
-86.299126
-86.299126
-86.299126
-86.299126
-86.299126
-86.299126
-86.299126
-86.299126
-86.299126
-86.299126
-86.299126
-86.299126
-86.299126
-86.299126
-86.299126
-86.299126
-86.299126
-86.299126
-86.299126
-86.299126
-86.299126
-86.299126
-86.299126
-86.299126
-86.299126
-86.299126
-86.299126
-86.299126
-86.299126
-86.299126
-86.299126
-86.299126
-86.299126
-86.299126
-86.299126
-86.299126
-86.299126
-86.299126
-86.299126
-86.299126
-86.299126
-86.299126
-86.299126
-86.299126
-86.299126
-86.299126
-86.299126
-86.299126
-86.299126
-86.299126
-86.299126
-86.299126
-86.299126
-86.299126
-86.299126
-86.299126
-86.299126
-86.299126
-86.299126
-86.299126
-86.299126
-86.299126
-86.299126
-86.299126
-86.299126
-86.299126
-86.299126
-86.299126
-86.299126
-86.299126
-86.299126
-86.299126
-86.299126
-86.299126
-86.299126
-86.299126
-86.299126
-86.299126
-86.299126
-86.299126
-86.299126
-86.299126
-86.299126
-86.299126
-86.299126
-86.299126
-86.299126
-86.299126
-86.299126
-86.299126
-86.299126
-86.299126
-86.299126
-86.299126
-86.299126
-86.299126
-86.299126
-86.299126
-86.299126
-86.299126
-86.299126
-86.299126
-86.299126
-86.299126
-86.299126
-86.299126
-86.299126
-86.299126
-86.299126
-86.299126
-86.299126
-86.299126
-86.299126
-86.299126
-86.299126
-86.299126
-86.299126
-86.299126
-86.299126
-86.299126
-86.299126
-86.299126
-86.299126
-86.299126
-86.299126
-86.299126
-86.299126
-86.299126
-86.299126
-86.299126
-86.299126
-86.299126
-86.299126
-86.299126
-86.299126
-86.299126
-86.299126
-86.299126
-86.299126
-86.299126
-86.299126
-86.299126
-86.299126
-86.299126
-86.299126
-86.299126
-86.299126
-86.299126
-86.299126
-86.299126
-86.299126
-86.299126
-86.299126
-86.299126
-86.299126
-86.299126
-86.299126
-86.299126
-86.299126
-86.299126
-86.299126
-86.299126
-86.299126
-86.299126
-86.299126
-86.299126
-86.299126
-86.299126
-86.299126
-86.299126
-86.299126
-86.299126
-86.299126
-86.299126
-86.299126
-86.299126
-86.299126
-86.299126
-86.299126
-86.299126
-86.299126
-86.299126
-86.299126
-86.299126
-86.299126
-86.299126
-86.299126
-86.299126
-86.299126
-86.299126
-86.299126
-86.299126
-86.299126
-86.299126
-86.299126
-86.299126
-86.299126
-86.299126
-86.299126
-86.299126
-86.299126
-86.299126
-86.299126
-86.299126
-86.299126
-86.299126
-86.299126
-86.299126
-86.299126
-86.299126
-86.299126
-86.299126
-86.299126
-86.299126
-86.299126
-86.299126
-86.299126
-86.299126
-86.299126
-86.299126
-86.299126
-86.299126
-86.299126
-86.299126
-86.299126
-86.299126
-86.299126
-86.299126
-86.299126
-86.299126
-86.299126
-86.299126
-86.299126
-86.299126
-86.299126
-86.299126
-86.299126
-86.299126
-86.299126
-86.299126
-86.299126
-86.299126
