-86.199997
-86.603943
-86.595840
-86.591080
-86.587677
-86.584999
-86.582008
-86.550446
-85.607246
-57.711220
20.538830
22.048866
20.618536
18.465513
16.611126
15.283220
14.454156
14.033145
13.923889
14.041195
14.315271
14.691859
15.130657
15.602997
16.089298
16.576651
17.056505
17.522593
17.970781
18.398600
18.804489
19.187386
19.546513
19.881298
20.191338
20.476431
20.736567
20.971973
21.183081
21.370525
21.535151
21.677944
21.800032
21.902637
21.987041
22.054571
22.106544
22.144266
22.168999
22.181953
22.184280
22.177059
22.161283
22.137882
22.107687
22.071468
22.029909
21.983643
21.933218
21.879141
21.821854
21.761742
21.699158
21.634396
21.567726
21.499388
21.429583
21.358494
21.286274
21.213053
21.138952
21.064070
20.988501
20.912313
20.835567
20.758322
20.680620
20.602509
20.524015
20.445173
20.365997
20.286512
20.206730
20.126661
20.046322
19.965708
19.884834
19.803701
19.722319
19.640671
19.558767
19.476597
19.394167
19.311468
19.228504
19.145254
19.061729
18.977919
18.893812
18.809406
18.724697
18.639673
18.554325
18.468645
18.382631
18.296278
18.209560
18.122492
18.035046
17.947229
17.859020
17.770416
17.681408
17.591986
17.502136
17.411850
17.321127
17.229940
17.138292
17.046167
16.953560
16.860453
16.766842
16.672710
16.578053
16.482857
16.387104
16.290791
16.193899
16.096416
15.998336
15.899644
15.800334
15.700387
15.599788
15.498525
15.396585
15.293953
15.190616
15.086558
14.981769
14.876232
14.769936
14.662858
14.554990
14.446310
14.336804
14.226456
14.115246
14.003162
13.890186
13.776299
13.661485
13.545720
13.428989
13.311272
13.192549
13.072800
12.952003
12.830140
12.707192
12.583138
12.457953
12.331615
12.204102
12.075387
11.945450
11.814266
11.681808
11.548055
11.412976
11.276547
11.138739
10.999526
10.858882
10.716776
10.573179
10.428062
10.281396
10.133148
9.983291
9.831783
9.678596
9.523695
9.367040
9.208603
9.048347
8.886229
8.722217
8.556274
8.388365
8.218447
8.046478
7.872419
7.696224
7.517849
7.337248
7.154376
6.969183
6.781626
6.591658
6.399230
6.204289
6.006785
5.806662
5.603867
5.398346
5.190039
4.978885
4.764821
4.547785
4.327718
4.104550
3.878213
3.648632
3.415731
3.179433
2.939658
2.696324
2.449342
2.198619
1.944062
1.685565
1.423025
1.156332
0.885367
0.610007
0.330119
0.045562
-0.243808
-0.538154
-0.837641
-1.142452
-1.452775
-1.768816
-2.090791
-2.418936
-2.753492
-3.094721
-3.442906
-3.798346
-4.161356
-4.532271
-4.911453
-5.299277
-5.696144
-6.102476
-6.518713
-6.945327
-7.382802
-7.831651
-8.292403
-8.765609
-9.251839
-9.751680
-10.265738
-10.794619
-11.338951
-11.899356
-12.476465
-13.070909
-13.683309
-14.314280
-14.964415
-15.634296
-16.324488
-17.035536
-17.767950
-18.522230
-19.298857
-20.098293
-20.920988
-21.767393
-22.637968
-23.533186
-24.453558
-25.399628
-26.372013
-27.371397
-28.398516
-29.454021
-30.538033
-31.649858
-32.787975
-33.950455
-35.135540
-36.342113
-37.569393
-38.825333
-40.121483
-41.465290
-42.861858
-44.314732
-45.826500
-47.398903
-49.032673
-50.727188
-52.480095
-54.286797
-56.139984
-58.029362
-59.941479
-61.860031
-63.766422
-65.640778
-67.463135
-69.214767
-70.879417
-72.444283
-73.900360
-75.242691
-76.470055
-77.584435
-78.590271
-79.493835
-80.302444
-81.023956
-81.666252
-82.236931
-82.743088
-83.191170
-83.587112
-83.936234
-84.243240
-84.512459
-84.747742
-84.952614
-85.130341
-85.283920
-85.416100
-85.529465
-85.626343
-85.708847
-85.778931
-85.838249
-85.888382
-85.930733
-85.966423
-85.996552
-86.021942
-86.043350
-86.061523
-86.076920
-86.090034
-86.101303
-86.110954
-86.119331
-86.126671
-86.133148
-86.138939
-86.144104
-86.148796
-86.153076
-86.157036
-86.160736
-86.164223
-86.167526
-86.170677
-86.173729
-86.176682
-86.179512
-86.182350
-86.185158
-86.187897
-86.190605
-86.193314
-86.196037
-86.198730
-86.201294
-86.203911
-86.206551
-86.209167
-86.211685
-86.214241
-86.216850
-86.219437
-86.222061
-86.224609
-86.227127
-86.229645
-86.232170
-86.234726
-86.237274
-86.239815
-86.242279
-86.244720
-86.247139
-86.249496
-86.251945
-86.254303
-86.256683
-86.259048
-86.261398
-86.263710
-86.265999
-86.268394
-86.270721
-86.273033
-86.275360
-86.277657
-86.279953
-86.282196
-86.284462
-86.286751
-86.288971
-86.291283
-86.293564
-86.295815
-86.298073
-86.300278
-86.302483
-86.304619
-86.306763
-86.308945
-86.311035
-86.313164
-86.315216
-86.317253
-86.319275
-86.321342
-86.323387
-86.325386
-86.327370
-86.329292
-86.331230
-86.333206
-86.335106
-86.337013
-86.338959
-86.340866
-86.342751
-86.344589
-86.346451
-86.348244
-86.349770
-86.351196
-86.352341
-86.353378
-86.354355
-86.355148
-86.355949
-86.356651
-86.357346
-86.357964
-86.358505
-86.359055
-86.359550
-86.360085
-86.360603
-86.361008
-86.361412
-86.361885
-86.362335
-86.362732
-86.363106
-86.363510
-86.363945
-86.364372
-86.364777
-86.365112
-86.365486
-86.365913
-86.366302
-86.366638
-86.366997
-86.367424
-86.367828
-86.368156
-86.368500
-86.368904
-86.369286
-86.369644
-86.370010
-86.370392
-86.370773
-86.371170
-86.371468
-86.371773
-86.372147
-86.372536
-86.372917
-86.373299
-86.373634
-86.373947
-86.374161
-86.374344
-86.374390
-86.374496
-86.374542
-86.374542
-86.374557
-86.374580
-86.374580
-86.374580
-86.374580
-86.374580
-86.374580
-86.374580
-86.374580
-86.374580
-86.374580
-86.374580
-86.374580
-86.374580
-86.374580
-86.374573
-86.374550
-86.374451
-86.374374
-86.374306
-86.374252
-86.374237
-86.374184
-86.374146
-86.374107
-86.374062
-86.374023
-86.374001
-86.373978
-86.373955
-86.373940
-86.373894
-86.373856
-86.373833
-86.373817
-86.373787
-86.373764
-86.373741
-86.373703
-86.373680
-86.373657
-86.373611
-86.373611
-86.373566
-86.373550
-86.373528
-86.373505
-86.373466
-86.373421
-86.373375
-86.373329
-86.373283
-86.373268
-86.373268
-86.373245
-86.373207
-86.373184
-86.373169
-86.373154
-86.373138
-86.373123
-86.373100
-86.373062
-86.373032
-86.373032
-86.373032
-86.373032
-86.373032
-86.373016
-86.373009
-86.372978
-86.372955
-86.372940
-86.372925
-86.372917
-86.372910
-86.372902
-86.372894
-86.372879
-86.372871
-86.372864
-86.372856
-86.372849
-86.372841
-86.372826
-86.372803
-86.372780
-86.372772
-86.372749
-86.372719
-86.372711
-86.372696
-86.372673
-86.372650
-86.372643
-86.372627
-86.372612
-86.372589
-86.372581
-86.372574
-86.372566
-86.372551
-86.372536
-86.372528
-86.372513
-86.372505
-86.372498
-86.372498
-86.372482
-86.372467
-86.372459
-86.372444
-86.372437
-86.372437
-86.372429
-86.372414
-86.372398
-86.372383
-86.372368
-86.372353
-86.372337
-86.372322
-86.372314
-86.372299
-86.372284
-86.372276
-86.372261
-86.372253
-86.372238
-86.372231
-86.372215
-86.372208
-86.372192
-86.372185
-86.372169
-86.372162
-86.372154
-86.372139
-86.372131
-86.372124
-86.372116
-86.372108
-86.372093
-86.372086
-86.372078
-86.372070
-86.372063
-86.372055
-86.372047
-86.372040
-86.372032
-86.372025
-86.372017
-86.372017
-86.372009
-86.372009
-86.372009
-86.372002
-86.371994
-86.371986
-86.371986
-86.371979
-86.371971
-86.371964
-86.371964
-86.371956
-86.371948
-86.371948
-86.371941
-86.371941
-86.371933
-86.371925
-86.371925
-86.371918
-86.371918
-86.371910
-86.371902
-86.371902
-86.371895
-86.371895
-86.371887
-86.371887
-86.371880
-86.371880
-86.371872
-86.371872
-86.371872
-86.371864
-86.371864
-86.371857
-86.371857
-86.371849
-86.371849
-86.371849
-86.371841
-86.371841
-86.371834
-86.371834
-86.371834
-86.371826
-86.371826
-86.371826
-86.371819
-86.371819
-86.371819
-86.371811
-86.371811
-86.371811
-86.371803
-86.371803
-86.371803
-86.371796
-86.371796
-86.371796
-86.371796
-86.371788
-86.371788
-86.371788
-86.371788
-86.371780
-86.371780
-86.371780
-86.371780
-86.371773
-86.371773
-86.371773
-86.371773
-86.371765
-86.371765
-86.371765
-86.371765
-86.371765
-86.371758
-86.371758
-86.371758
-86.371758
-86.371758
-86.371750
-86.371750
-86.371750
-86.371750
-86.371750
-86.371750
-86.371742
-86.371742
-86.371742
-86.371742
-86.371742
-86.371742
-86.371742
-86.371742
-86.371742
-86.371742
-86.371742
-86.371742
-86.371735
-86.371735
-86.371735
-86.371735
-86.371735
-86.371735
-86.371735
-86.371735
-86.371735
-86.371735
-86.371735
-86.371735
-86.371735
-86.371735
-86.371727
-86.371727
-86.371727
-86.371727
-86.371727
-86.371727
-86.371727
-86.371727
-86.371727
-86.371727
-86.371727
-86.371727
-86.371727
-86.371727
-86.371727
-86.371727
-86.371727
-86.371719
-86.371719
-86.371719
-86.371719
-86.371719
-86.371719
-86.371719
-86.371719
-86.371719
-86.371719
-86.371719
-86.371719
-86.371719
-86.371719
-86.371719
-86.371719
-86.371719
-86.371719
-86.371719
-86.371719
-86.371719
-86.371719
-86.371719
-86.371719
-86.371712
-86.371712
-86.371712
-86.371712
-86.371712
-86.371712
-86.371712
-86.371712
-86.371712
-86.371712
-86.371712
-86.371712
-86.371712
-86.371712
-86.371712
-86.371712
-86.371712
-86.371712
-86.371712
-86.371712
-86.371712
-86.371712
-86.371712
-86.371712
-86.371712
-86.371712
-86.371712
-86.371712
-86.371712
-86.371712
-86.371712
-86.371712
-86.371712
-86.371712
-86.371704
-86.371704
-86.371704
-86.371704
-86.371704
-86.371704
-86.371704
-86.371704
-86.371704
-86.371704
-86.371704
-86.371704
-86.371704
-86.371704
-86.371727
-86.371727
-86.371727
-86.371727
-86.371742
-86.371742
-86.371742
-86.371742
-86.371742
-86.371742
-86.371742
-86.371742
-86.371742
-86.371742
-86.371742
-86.371750
-86.371750
-86.371750
-86.371750
-86.371750
-86.371750
-86.371758
-86.371780
-86.371780
-86.371780
-86.371780
-86.371780
-86.371780
-86.371780
-86.371803
-86.371803
-86.371803
-86.371803
-86.371803
-86.371803
-86.371803
-86.371803
-86.371803
-86.371803
-86.371819
-86.371819
-86.371819
-86.371819
-86.371819
-86.371819
-86.371819
-86.371819
-86.371841
-86.371841
-86.371849
-86.371849
-86.371849
-86.371849
-86.371849
-86.371849
-86.371849
-86.371849
-86.371849
-86.371849
-86.371857
-86.371857
-86.371857
-86.371857
-86.371857
-86.371857
-86.371857
-86.371857
-86.371857
-86.371857
-86.371857
-86.371857
-86.371857
-86.371857
-86.371872
-86.371872
-86.371872
-86.371872
-86.371872
-86.371872
-86.371872
-86.371872
-86.371872
-86.371872
-86.371872
-86.371872
-86.371872
-86.371872
-86.371872
-86.371872
-86.371872
-86.371872
-86.371872
-86.371872
-86.371872
-86.371872
-86.371880
-86.371880
-86.371880
-86.371880
-86.371880
-86.371880
-86.371880
-86.371880
-86.371880
-86.371880
-86.371880
-86.371880
-86.371880
-86.371880
-86.371880
-86.371880
-86.371880
-86.371880
-86.371880
-86.371880
-86.371880
-86.371880
-86.371880
-86.371880
-86.371880
-86.371880
-86.371880
-86.371880
-86.371880
-86.371880
-86.371880
-86.371880
-86.371880
-86.371880
-86.371880
-86.371880
-86.371880
-86.371880
-86.371880
-86.371880
-86.371880
-86.371880
-86.371880
-86.371880
-86.371880
-86.371880
-86.371880
-86.371880
-86.371880
-86.371880
-86.371880
-86.371880
-86.371880
-86.371880
-86.371880
-86.371880
-86.371880
-86.371880
-86.371880
-86.371880
-86.371880
-86.371880
-86.371872
-86.371010
-86.342636
-85.457779
-59.278885
20.185514
21.889608
20.434759
18.262028
16.406401
15.088653
14.275340
13.871896
13.779766
13.912549
14.199917
14.587509
15.035183
15.514557
16.006390
16.498104
16.981405
17.450275
17.900839
18.330809
18.738756
19.123697
19.484913
19.821850
20.134106
20.421463
20.683912
20.921640
21.135061
21.324795
21.491648
21.636595
21.760742
21.865295
21.951527
22.020756
22.074297
22.113455
22.139490
22.153624
22.157001
22.150711
22.135756
22.113068
22.083492
22.047806
22.006701
21.960804
21.910686
21.856852
21.799751
21.739782
21.677294
21.612589
21.545944
21.477596
21.407755
21.336601
21.264296
21.190971
21.116749
21.041733
20.966013
20.889660
20.812742
20.735315
20.657429
20.579121
20.500423
20.421371
20.341984
20.262272
20.182266
20.101974
20.021402
19.940548
19.859432
19.778061
19.696432
19.614536
19.532393
19.449972
19.367292
19.284348
19.201120
19.117620
19.033834
18.949764
18.865398
18.780727
18.695749
18.610458
18.524843
18.438902
18.352615
18.265987
18.179005
18.091654
18.003927
17.915823
17.827326
17.738430
17.649132
17.559410
17.469267
17.378689
17.287663
17.196182
17.104231
17.011808
16.918890
16.825474
16.731552
16.637102
16.542124
16.446606
16.350531
16.253887
16.156668
16.058851
15.960437
15.861405
15.761747
15.661450
15.560501
15.458887
15.356591
15.253598
15.149899
15.045479
14.940320
14.834406
14.727726
14.620264
14.512006
14.402931
14.293028
14.182275
14.070659
13.958159
13.844760
13.730445
13.615197
13.498997
13.381823
13.263660
13.144486
13.024280
12.903022
12.780691
12.657265
12.532722
12.407045
12.280210
12.152190
12.022964
11.892509
11.760795
11.627803
11.493504
11.357872
11.220883
11.082510
10.942727
10.801498
10.658798
10.514599
10.368873
10.221584
10.072705
9.922202
9.770041
9.616196
9.460621
9.303286
9.144157
8.983197
8.820367
8.655630
8.488948
8.320281
8.149594
7.976846
7.801993
7.624991
7.445800
7.264370
7.080657
6.894610
6.706183
6.515328
6.321997
6.126136
5.927698
5.726627
5.522868
5.316361
5.107052
4.894880
4.679784
4.461697
4.240556
4.016294
3.788841
3.558127
3.324074
3.086604
2.845633
2.601075
2.352844
2.100848
1.844988
1.585162
1.321262
1.053177
0.780784
0.503963
0.222578
-0.063512
-0.354461
-0.650429
-0.951587
-1.258116
-1.570213
-1.888084
-2.211951
-2.542043
-2.878615
-3.221934
-3.572284
-3.929963
-4.295294
-4.668617
-5.050299
-5.440722
-5.840286
-6.249425
-6.668583
-7.098232
-7.538862
-7.990990
-8.455149
-8.931894
-9.421797
-9.925450
-10.443454
-10.976419
-11.524973
-12.089736
-12.671338
-13.270403
-13.887547
-14.523378
-15.178486
-15.853448
-16.548809
-17.265110
-18.002863
-18.762554
-19.544651
-20.349613
-21.177896
-22.029947
-22.906225
-23.807217
-24.733427
-25.685425
-26.663836
-27.669374
-28.702791
-29.764669
-30.855013
-31.972916
-33.116669
-34.284187
-35.473682
-36.683987
-37.915520
-39.178761
-40.484291
-41.839024
-43.247459
-44.712898
-46.237759
-47.823586
-49.470894
-51.178741
-52.944347
-54.762566
-56.625454
-58.521961
-60.437904
-62.356281
-64.257980
-66.122810
-67.930847
-69.663696
-71.305695
-72.844856
-74.273140
-75.586510
-76.784645
-77.870201
-78.848244
-79.725479
-80.509476
-81.208214
-81.829567
-82.381050
-82.869659
-83.301781
-83.683182
-84.019028
-84.313972
-84.572227
-84.797569
-84.993507
-85.163216
-85.309654
-85.435509
-85.543297
-85.635284
-85.713539
-85.779900
-85.836090
-85.883575
-85.923615
-85.957390
-85.985832
-86.009872
-86.030197
-86.047386
-86.061996
-86.074486
-86.085205
-86.094475
-86.102524
-86.109558
-86.115784
-86.121391
-86.126434
-86.130989
-86.135208
-86.139061
-86.142700
-86.146118
-86.149345
-86.152405
-86.155457
-86.158356
-86.161102
-86.163803
-86.166595
-86.169373
-86.172081
-86.174767
-86.177460
-86.180138
-86.182808
-86.185471
-86.188095
-86.190575
-86.193146
-86.195686
-86.198296
-86.200867
-86.203438
-86.205910
-86.208435
-86.210983
-86.213493
-86.215988
-86.218506
-86.220970
-86.223450
-86.225937
-86.228409
-86.230797
-86.233200
-86.235596
-86.237961
-86.240349
-86.242775
-86.245132
-86.247437
-86.249771
-86.252060
-86.254387
-86.256721
-86.259041
-86.261337
-86.263504
-86.265709
-86.267944
-86.270157
-86.272362
-86.274582
-86.276772
-86.278893
-86.281029
-86.283173
-86.285301
-86.287369
-86.289467
-86.291565
-86.293556
-86.295563
-86.297577
-86.299576
-86.301628
-86.303604
-86.305588
-86.307579
-86.309509
-86.311485
-86.313423
-86.315323
-86.317276
-86.319237
-86.321144
-86.323013
-86.324867
-86.326767
-86.328674
-86.330544
-86.332329
-86.334160
-86.335930
-86.337692
-86.339455
-86.341217
-86.342957
-86.344688
-86.346252
-86.347786
-86.349152
-86.350281
-86.351265
-86.352112
-86.352913
-86.353676
-86.354301
-86.354881
-86.355469
-86.355965
-86.356430
-86.356979
-86.357452
-86.357849
-86.358253
-86.358704
-86.359123
-86.359444
-86.359795
-86.360214
-86.360680
-86.361015
-86.361366
-86.361740
-86.362122
-86.362526
-86.362854
-86.363220
-86.363548
-86.363815
-86.364029
-86.364220
-86.364311
-86.364433
-86.364517
-86.364601
-86.364693
-86.364861
-86.364975
-86.364975
-86.365036
-86.365036
-86.365036
-86.365036
-86.365036
-86.365036
-86.365036
-86.365028
-86.364998
-86.364952
-86.364937
-86.364914
-86.364868
-86.364815
-86.364784
-86.364761
-86.364746
-86.364609
-86.364525
-86.364487
-86.364487
-86.364441
-86.364410
-86.364326
-86.364296
-86.364204
-86.364182
-86.364105
-86.364075
-86.364006
-86.363976
-86.363914
-86.363914
-86.363838
-86.363777
-86.363762
-86.363739
-86.363716
-86.363693
-86.363670
-86.363647
-86.363594
-86.363525
-86.363510
-86.363457
-86.363434
-86.363388
-86.363335
-86.363289
-86.363243
-86.363205
-86.363144
-86.363091
-86.363068
-86.363045
-86.362999
-86.362968
-86.362946
-86.362892
-86.362869
-86.362846
-86.362823
-86.362808
-86.362801
-86.362793
-86.362785
-86.362778
-86.362770
-86.362762
-86.362740
-86.362724
-86.362717
-86.362709
-86.362686
-86.362671
-86.362663
-86.362663
-86.362648
-86.362617
-86.362587
-86.362556
-86.362526
-86.362518
-86.362518
-86.362511
-86.362495
-86.362465
-86.362434
-86.362419
-86.362396
-86.362366
-86.362350
-86.362335
-86.362312
-86.362282
-86.362274
-86.362251
-86.362228
-86.362213
-86.362198
-86.362175
-86.362152
-86.362144
-86.362144
-86.362137
-86.362114
-86.362091
-86.362076
-86.362053
-86.362038
-86.362015
-86.362000
-86.361977
-86.361961
-86.361946
-86.361923
-86.361908
-86.361893
-86.361877
-86.361862
-86.361847
-86.361832
-86.361816
-86.361801
-86.361786
-86.361771
-86.361755
-86.361755
-86.361755
-86.361748
-86.361740
-86.361732
-86.361732
-86.361732
-86.361732
-86.361732
-86.361732
-86.361732
-86.361732
-86.361732
-86.361732
-86.361725
-86.361717
-86.361717
-86.361717
-86.361717
-86.361717
-86.361717
-86.361717
-86.361717
-86.361717
-86.361717
-86.361717
-86.361717
-86.361710
-86.361702
-86.361702
-86.361702
-86.361702
-86.361702
-86.361702
-86.361702
-86.361702
-86.361702
-86.361702
-86.361702
-86.361702
-86.361702
-86.361702
-86.361694
-86.361694
-86.361687
-86.361687
-86.361687
-86.361687
-86.361687
-86.361687
-86.361687
-86.361687
-86.361687
-86.361687
-86.361687
-86.361679
-86.361679
-86.361671
-86.361671
-86.361664
-86.361664
-86.361656
-86.361656
-86.361649
-86.361649
-86.361641
-86.361641
-86.361641
-86.361633
-86.361633
-86.361633
-86.361633
-86.361633
-86.361633
-86.361633
-86.361633
-86.361633
-86.361633
-86.361633
-86.361633
-86.361633
-86.361633
-86.361633
-86.361626
-86.361626
-86.361626
-86.361618
-86.361618
-86.361618
-86.361618
-86.361610
-86.361610
-86.361610
-86.361603
-86.361603
-86.361603
-86.361603
-86.361603
-86.361603
-86.361603
-86.361603
-86.361603
-86.361603
-86.361603
-86.361603
-86.361603
-86.361603
-86.361603
-86.361603
-86.361603
-86.361603
-86.361603
-86.361603
-86.361603
-86.361603
-86.361603
-86.361603
-86.361603
-86.361603
-86.361603
-86.361595
-86.361595
-86.361595
-86.361595
-86.361595
-86.361595
-86.361588
-86.361588
-86.361588
-86.361588
-86.361588
-86.361588
-86.361588
-86.361580
-86.361580
-86.361580
-86.361580
-86.361580
-86.361580
-86.361580
-86.361572
-86.361572
-86.361572
-86.361572
-86.361572
-86.361572
-86.361572
-86.361572
-86.361572
-86.361572
-86.361572
-86.361572
-86.361572
-86.361572
-86.361572
-86.361572
-86.361572
-86.361572
-86.361572
-86.361572
-86.361572
-86.361572
-86.361572
-86.361572
-86.361572
-86.361572
-86.361572
-86.361572
-86.361572
-86.361572
-86.361572
-86.361572
-86.361572
-86.361572
-86.361572
-86.361572
-86.361572
-86.361572
-86.361572
-86.361572
-86.361572
-86.361572
-86.361572
-86.361572
-86.361572
-86.361572
-86.361572
-86.361572
-86.361572
-86.361572
-86.361572
-86.361572
-86.361572
-86.361572
-86.361572
-86.361572
-86.361572
-86.361572
-86.361572
-86.361572
-86.361572
-86.361572
-86.361572
-86.361572
-86.361572
-86.361572
-86.361572
-86.361572
-86.361572
-86.361572
-86.361572
-86.361572
-86.361572
-86.361572
-86.361572
-86.361572
-86.361572
-86.361572
-86.361572
-86.361572
-86.361572
-86.361572
-86.361572
-86.361572
-86.361572
-86.361572
-86.361572
-86.361572
-86.361572
-86.361572
-86.361572
-86.361572
-86.361572
-86.361572
-86.361572
-86.361572
-86.361572
-86.361572
-86.361572
-86.361572
-86.361572
-86.361572
-86.361572
-86.361572
-86.361572
-86.361572
-86.361572
-86.361572
-86.361572
-86.361572
-86.361572
-86.361572
-86.361572
-86.361572
-86.361572
-86.361572
-86.361572
-86.361572
-86.361572
-86.361572
-86.361572
-86.361572
-86.361572
-86.361572
-86.361572
-86.361572
-86.361572
-86.361572
-86.361572
-86.361572
-86.361572
-86.361572
-86.361572
-86.361572
-86.361572
-86.361572
-86.361572
-86.361572
-86.361572
-86.361572
-86.361572
-86.361572
-86.361572
-86.361572
-86.361572
-86.361572
-86.361572
-86.361572
-86.361572
-86.361572
-86.361572
-86.361572
-86.361572
-86.361572
-86.361572
-86.361572
-86.361572
-86.361572
-86.361572
-86.361572
-86.361572
-86.361572
-86.361572
-86.361572
-86.361572
-86.361572
-86.361572
-86.361572
-86.361572
-86.361572
-86.361572
-86.361572
-86.361572
-86.361572
-86.361572
-86.361572
-86.361572
-86.361572
-86.361572
-86.361572
-86.361572
-86.361572
-86.361572
-86.361572
-86.361572
-86.361572
-86.361572
-86.361572
-86.361572
-86.361572
-86.361572
-86.361572
-86.361572
-86.361572
-86.361572
-86.361572
-86.361572
-86.361572
-86.361572
-86.361572
-86.361572
-86.361572
-86.361572
-86.361572
-86.361572
-86.361572
-86.361572
-86.361572
-86.361572
-86.361572
-86.361572
-86.361572
-86.361572
-86.361572
-86.361572
-86.361572
-86.361572
-86.361572
-86.361572
-86.361572
-86.361572
-86.361572
-86.361572
-86.361572
-86.361572
-86.361572
-86.361572
-86.361572
-86.361572
-86.361572
-86.361572
-86.361572
-86.361572
-86.361572
-86.361572
-86.361572
-86.361572
-86.361572
-86.361572
-86.361572
-86.361572
-86.361572
-86.361572
-86.361572
-86.361572
-86.361572
-86.361572
-86.361572
-86.361572
-86.361572
-86.361572
-86.361572
-86.361572
-86.361519
-86.360558
-86.332214
-85.449478
-59.378422
20.179106
21.874153
20.394300
18.212431
16.356266
15.041584
14.232540
13.833396
13.745071
13.880965
14.170745
14.560118
15.009042
15.489244
15.981583
16.473558
16.956957
17.425819
17.876314
18.306202
18.714077
19.098972
19.460167
19.797115
20.109428
20.396887
20.659472
20.897371
21.110991
21.300940
21.468023
21.613201
21.737583
21.842375
21.928839
21.998276
22.052011
22.091343
22.117535
22.131805
22.135296
22.129095
22.114212
22.091564
22.062014
22.026327
21.985203
21.939278
21.889109
21.835213
21.778028
21.717962
21.655361
21.590538
21.523760
21.455273
21.385284
21.313974
21.241503
21.168009
21.093611
21.018414
20.942501
20.865953
20.788837
20.711208
20.633112
20.554592
20.475681
20.396414
20.316803
20.236874
20.156649
20.076122
19.995312
19.914238
19.832895
19.751284
19.669418
19.587288
19.504881
19.422222
19.339293
19.256096
19.172623
19.088877
19.004835
18.920507
18.835880
18.750952
18.665712
18.580151
18.494268
18.408051
18.321497
18.234589
18.147326
18.059700
17.971691
17.883301
17.794519
17.705336
17.615738
17.525723
17.435276
17.344395
17.253061
17.161268
17.069006
16.976265
16.883026
16.789288
16.695034
16.600258
16.504950
16.409094
16.312683
16.215702
16.118137
16.019978
15.921208
15.821823
15.721805
15.621141
15.519823
15.417834
15.315160
15.211788
15.107701
15.002888
14.897331
14.791018
14.683930
14.576055
14.467379
14.357884
14.247554
14.136371
14.024317
13.911377
13.797532
13.682764
13.567053
13.450385
13.332739
13.214096
13.094435
12.973740
12.851986
12.729151
12.605212
12.480153
12.353947
12.226572
12.098012
11.968235
11.837218
11.704940
11.571371
11.436487
11.300262
11.162668
11.023678
10.883268
10.741407
10.598073
10.453232
10.306852
10.158903
10.009349
9.858161
9.705304
9.550747
9.394453
9.236387
9.076513
8.914801
8.751206
8.585690
8.418218
8.248753
8.077249
7.903666
7.727966
7.550108
7.370045
7.187730
7.003117
6.816158
6.626803
6.435004
6.240711
6.043872
5.844435
5.642347
5.437552
5.229994
5.019612
4.806348
4.590139
4.370923
4.148635
3.923205
3.694561
3.462629
3.227336
2.988603
2.746346
2.500479
2.250912
1.997553
1.740302
1.479053
1.213701
0.944130
0.670217
0.391834
0.108846
-0.178892
-0.471532
-0.769237
-1.072179
-1.380546
-1.694533
-2.014354
-2.340231
-2.672406
-3.011131
-3.356680
-3.709337
-4.069409
-4.437229
-4.813138
-5.197498
-5.590696
-5.993148
-6.405282
-6.827554
-7.260439
-7.704437
-8.160064
-8.627860
-9.108381
-9.602202
-10.109920
-10.632132
-11.169456
-11.722515
-12.291930
-12.878329
-13.482332
-14.104550
-14.745584
-15.406023
-16.086432
-16.787357
-17.509329
-18.252838
-19.018379
-19.806412
-20.617395
-21.451778
-22.310003
-23.192541
-24.099876
-25.032534
-25.991091
-26.976196
-27.988583
-29.029009
-30.098017
-31.195477
-32.320267
-33.470448
-34.643806
-35.838440
-37.053402
-38.290241
-39.562286
-40.878880
-42.245930
-43.667656
-45.147148
-46.686680
-48.287617
-49.950222
-51.673206
-53.453331
-55.284859
-57.159107
-59.064228
-60.985172
-62.904175
-64.801506
-66.656654
-68.449669
-70.162521
-71.780281
-73.291779
-74.690010
-75.972008
-77.138367
-78.192574
-79.140358
-79.988823
-80.745834
-81.419456
-82.017624
-82.547783
-83.016853
-83.431107
-83.796165
-84.117081
-84.398407
-84.644241
-84.858299
-85.044044
-85.204575
-85.342796
-85.461342
-85.562653
-85.648972
-85.722298
-85.784386
-85.836861
-85.881180
-85.918518
-85.950012
-85.976555
-85.998947
-86.017914
-86.033958
-86.047630
-86.059357
-86.069420
-86.078125
-86.085739
-86.092514
-86.098442
-86.103806
-86.108604
-86.112984
-86.117020
-86.120796
-86.124313
-86.127678
-86.130905
-86.133904
-86.136940
-86.139854
-86.142586
-86.145256
-86.147926
-86.150597
-86.153267
-86.155937
-86.158607
-86.161263
-86.163857
-86.166489
-86.169106
-86.171722
-86.174332
-86.176834
-86.179306
-86.181808
-86.184387
-86.186943
-86.189468
-86.191948
-86.194458
-86.196915
-86.199387
-86.201828
-86.204292
-86.206772
-86.209221
-86.211639
-86.214043
-86.216431
-86.218758
-86.221115
-86.223434
-86.225761
-86.228081
-86.230392
-86.232712
-86.234970
-86.237259
-86.239548
-86.241798
-86.244034
-86.246284
-86.248528
-86.250763
-86.252953
-86.255081
-86.257217
-86.259361
-86.261536
-86.263672
-86.265724
-86.267769
-86.269829
-86.271889
-86.274025
-86.276093
-86.278099
-86.280045
-86.282021
-86.284004
-86.285995
-86.287987
-86.289917
-86.291878
-86.293892
-86.295799
-86.297676
-86.299591
-86.301537
-86.303421
-86.305321
-86.307114
-86.308929
-86.310806
-86.312599
-86.314362
-86.316055
-86.317757
-86.319305
-86.320808
-86.322166
-86.323517
-86.324692
-86.325890
-86.327034
-86.328209
-86.329361
-86.330505
-86.331673
-86.332817
-86.333954
-86.335052
-86.335999
-86.336838
-86.337601
-86.338295
-86.338837
-86.339432
-86.339973
-86.340446
-86.340927
-86.341393
-86.341911
-86.342331
-86.342766
-86.343163
-86.343651
-86.344040
-86.344421
-86.344833
-86.345215
-86.345566
-86.345863
-86.346024
-86.346184
-86.346268
-86.346344
-86.346413
-86.346474
-86.346497
-86.346603
-86.346649
-86.346649
-86.346649
-86.346649
-86.346649
-86.346649
-86.346649
-86.346649
-86.346634
-86.346634
-86.346619
-86.346596
-86.346596
-86.346596
-86.346596
-86.346596
-86.346596
-86.346596
-86.346573
-86.346519
-86.346413
-86.346329
-86.346268
-86.346214
-86.346161
-86.346115
-86.346077
-86.346077
-86.346054
-86.346008
-86.345909
-86.345833
-86.345787
-86.345718
-86.345650
-86.345596
-86.345551
-86.345528
-86.345459
-86.345383
-86.345345
-86.345337
-86.345322
-86.345306
-86.345291
-86.345284
-86.345276
-86.345261
-86.345253
-86.345238
-86.345222
-86.345215
-86.345200
-86.345184
-86.345154
-86.345139
-86.345131
-86.345123
-86.345108
-86.345100
-86.345100
-86.345085
-86.345078
-86.345078
-86.345070
-86.345062
-86.345055
-86.345047
-86.345039
-86.345032
-86.345024
-86.345024
-86.345016
-86.345009
-86.345001
-86.344994
-86.344986
-86.344978
-86.344978
-86.344963
-86.344948
-86.344933
-86.344933
-86.344925
-86.344917
-86.344917
-86.344910
-86.344910
-86.344902
-86.344894
-86.344894
-86.344887
-86.344887
-86.344879
-86.344879
-86.344879
-86.344872
-86.344872
-86.344864
-86.344864
-86.344864
-86.344849
-86.344841
-86.344818
-86.344795
-86.344772
-86.344765
-86.344757
-86.344757
-86.344757
-86.344757
-86.344749
-86.344749
-86.344727
-86.344711
-86.344704
-86.344704
-86.344696
-86.344696
-86.344688
-86.344673
-86.344666
-86.344666
-86.344666
-86.344666
-86.344650
-86.344635
-86.344620
-86.344604
-86.344589
-86.344574
-86.344566
-86.344566
-86.344559
-86.344551
-86.344536
-86.344528
-86.344528
-86.344528
-86.344528
-86.344521
-86.344513
-86.344513
-86.344513
-86.344513
-86.344513
-86.344513
-86.344513
-86.344513
-86.344513
-86.344513
-86.344513
-86.344513
-86.344513
-86.344513
-86.344513
-86.344513
-86.344513
-86.344513
-86.344513
-86.344513
-86.344513
-86.344513
-86.344513
-86.344513
-86.344513
-86.344513
-86.344513
-86.344513
-86.344505
-86.344498
-86.344498
-86.344498
-86.344498
-86.344498
-86.344498
-86.344498
-86.344490
-86.344490
-86.344482
-86.344482
-86.344482
-86.344482
-86.344482
-86.344482
-86.344482
-86.344482
-86.344482
-86.344482
-86.344482
-86.344482
-86.344482
-86.344482
-86.344482
-86.344482
-86.344482
-86.344482
-86.344482
-86.344482
-86.344482
-86.344482
-86.344482
-86.344482
-86.344482
-86.344482
-86.344482
-86.344482
-86.344482
-86.344482
-86.344482
-86.344482
-86.344482
-86.344482
-86.344482
-86.344482
-86.344482
-86.344482
-86.344482
-86.344482
-86.344482
-86.344482
-86.344482
-86.344482
-86.344482
-86.344482
-86.344482
-86.344482
-86.344482
-86.344482
-86.344482
-86.344482
-86.344482
-86.344482
-86.344482
-86.344482
-86.344482
-86.344482
-86.344482
-86.344482
-86.344482
-86.344482
-86.344482
-86.344482
-86.344482
-86.344482
-86.344482
-86.344482
-86.344482
-86.344482
-86.344482
-86.344482
-86.344482
-86.344482
-86.344482
-86.344482
-86.344482
-86.344482
-86.344482
-86.344482
-86.344482
-86.344482
-86.344482
-86.344482
-86.344482
-86.344482
-86.344482
-86.344482
-86.344482
-86.344482
-86.344482
-86.344482
-86.344482
-86.344482
-86.344482
-86.344482
-86.344482
-86.344482
-86.344482
-86.344482
-86.344482
-86.344482
-86.344482
-86.344482
-86.344482
-86.344482
-86.344482
-86.344482
-86.344482
-86.344482
-86.344482
-86.344482
-86.344482
-86.344482
-86.344482
-86.344482
-86.344482
-86.344482
-86.344482
-86.344482
-86.344482
-86.344482
-86.344482
-86.344482
-86.344482
-86.344482
-86.344482
-86.344482
-86.344482
-86.344482
-86.344482
-86.344482
-86.344482
-86.344482
-86.344482
-86.344482
-86.344482
-86.344482
-86.344482
-86.344482
-86.344482
-86.344482
-86.344482
-86.344482
-86.344482
-86.344482
-86.344482
-86.344482
-86.344482
-86.344482
-86.344482
-86.344482
-86.344482
-86.344482
-86.344482
-86.344482
-86.344482
-86.344482
-86.344482
-86.344482
-86.344482
-86.344482
-86.344482
-86.344482
-86.344482
-86.344482
-86.344482
-86.344482
-86.344482
-86.344482
-86.344482
-86.344482
-86.344482
-86.344482
-86.344482
-86.344482
-86.344482
-86.344482
-86.344482
-86.344482
-86.344482
-86.344482
-86.344482
-86.344482
-86.344482
-86.344482
-86.344482
-86.344482
-86.344482
-86.344482
-86.344482
-86.344482
-86.344482
-86.344482
-86.344482
-86.344482
-86.344482
-86.344482
-86.344482
-86.344482
-86.344482
-86.344482
-86.344482
-86.344482
-86.344482
-86.344482
-86.344482
-86.344482
-86.344482
-86.344482
-86.344482
-86.344482
-86.344482
-86.344482
-86.344482
-86.344482
-86.344482
-86.344482
-86.344482
-86.344482
-86.344482
-86.344482
-86.344482
-86.344482
-86.344482
-86.344482
-86.344482
-86.344482
-86.344482
-86.344482
-86.344482
-86.344482
-86.344482
-86.344482
-86.344482
-86.344482
-86.344482
-86.344482
-86.344482
-86.344482
-86.344482
-86.344482
-86.344482
-86.344482
-86.344482
-86.344482
-86.344482
-86.344482
-86.344482
-86.344482
-86.344482
-86.344482
-86.344482
-86.344482
-86.344482
-86.344482
-86.344482
-86.344482
-86.344482
-86.344482
-86.344482
-86.344482
-86.344482
-86.344482
-86.344482
-86.344482
-86.344482
-86.344482
-86.344482
-86.344482
-86.344482
-86.344482
-86.344482
-86.344482
-86.344482
-86.344482
-86.344482
-86.344482
-86.344482
-86.344482
-86.344482
-86.344482
-86.344482
-86.344482
-86.344482
-86.344482
-86.344482
-86.344482
-86.344482
-86.344482
-86.344482
-86.344482
-86.344482
-86.344482
-86.344482
-86.344482
-86.344482
-86.344482
-86.344482
-86.344482
-86.344482
-86.344482
-86.344482
-86.344482
-86.344482
-86.344482
-86.344482
-86.344482
-86.344482
-86.344482
-86.344482
-86.344482
-86.344482
-86.344482
-86.344482
-86.344482
-86.344482
-86.344482
-86.344482
-86.344482
-86.344482
-86.344482
-86.344482
-86.344482
-86.344482
-86.344482
-86.344482
-86.344482
-86.344482
-86.344482
-86.344482
-86.344482
-86.344482
-86.344482
-86.344482
-86.344482
-86.344482
-86.344482
-86.344482
-86.344482
-86.344482
-86.344482
-86.344482
-86.344482
-86.344482
-86.343620
-86.315361
-85.436531
-59.530323
20.160006
21.856764
20.356718
18.166956
16.310530
14.998805
14.193585
13.798111
13.712926
13.851346
14.143060
14.533849
14.983763
15.464617
15.957348
16.449522
16.932974
17.401800
17.852221
18.282015
18.689793
19.074615
19.435768
19.772713
20.085056
20.372587
20.635283
20.873322
21.087107
21.277248
21.444538
21.589935
21.714540
21.819542
21.906212
21.975855
22.029772
22.069273
22.095608
22.110003
22.113602
22.107487
22.092669
22.070063
22.040535
22.004850
21.963713
21.917755
21.867542
21.813574
21.756313
21.696154
21.633451
21.568518
21.501617
21.432995
21.362860
21.291399
21.218771
21.145115
21.070541
20.995167
20.919077
20.842346
20.765041
20.687218
20.608927
20.530205
20.451094
20.371616
20.291796
20.211657
20.131207
20.050461
19.969433
19.888140
19.806576
19.724741
19.642630
19.560259
19.477631
19.394735
19.311567
19.228121
19.144409
19.060410
18.976124
18.891539
18.806658
18.721476
18.635973
18.550154
18.464005
18.377523
18.290695
18.203514
18.115976
18.028070
17.939785
17.851110
17.762045
17.672573
17.582684
17.492373
17.401625
17.310436
17.218792
17.126690
17.034109
16.941051
16.847492
16.753431
16.658857
16.563751
16.468109
16.371916
16.275160
16.177830
16.079916
15.981400
15.882278
15.782537
15.682156
15.581124
15.479431
15.377062
15.274005
15.170247
15.065769
14.960559
14.854603
14.747883
14.640386
14.532092
14.422993
14.313068
14.202302
14.090677
13.978178
13.864790
13.750487
13.635256
13.519076
13.401930
13.283798
13.164662
13.044504
12.923302
12.801037
12.677684
12.553222
12.427629
12.300881
12.172959
12.043837
11.913494
11.781902
11.649040
11.514878
11.379393
11.242558
11.104345
10.964726
10.823674
10.681161
10.537160
10.391641
10.244570
10.095922
9.945660
9.793753
9.640171
9.484875
9.327830
9.169006
9.008357
8.845856
8.681461
8.515137
8.346843
8.176538
8.004184
7.829738
7.653159
7.474402
7.293427
7.110185
6.924634
6.736721
6.546397
6.353613
6.158319
5.960463
5.759991
5.556849
5.350982
5.142332
4.930840
4.716448
4.499095
4.278715
4.055242
3.828605
3.598734
3.365554
3.128989
2.888958
2.645379
2.398164
2.147223
1.892460
1.633775
1.371063
1.104216
0.833114
0.557635
0.277648
-0.006986
-0.296413
-0.590790
-0.890280
-1.195062
-1.505321
-1.821258
-2.143086
-2.471036
-2.805348
-3.146282
-3.494112
-3.849133
-4.211654
-4.582010
-4.960550
-5.347641
-5.743684
-6.149091
-6.564292
-6.989750
-7.425943
-7.873378
-8.332577
-8.804081
-9.288458
-9.786278
-10.298142
-10.824652
-11.366425
-11.924079
-12.498241
-13.089538
-13.698582
-14.325980
-14.972333
-15.638218
-16.324196
-17.030804
-17.758566
-18.507973
-19.279507
-20.073629
-20.890791
-21.731436
-22.596016
-23.485001
-24.398884
-25.338202
-26.303549
-27.295589
-28.315081
-29.362795
-30.439230
-31.544085
-32.676025
-33.832848
-35.012123
-36.211845
-37.430763
-38.674728
-39.956638
-41.284813
-42.664837
-44.100487
-45.594688
-47.149548
-48.766224
-50.444740
-52.183479
-53.978668
-55.823944
-57.709846
-59.623631
-61.549397
-63.468575
-65.360794
-67.205284
-68.982117
-70.673714
-72.265869
-73.748413
-75.115417
-76.364952
-77.498596
-78.520691
-79.437546
-80.256691
-80.986275
-81.634460
-82.209198
-82.717834
-83.167183
-83.563354
-83.911865
-84.217651
-84.485153
-84.718391
-84.921036
-85.096458
-85.247688
-85.377579
-85.488762
-85.583572
-85.664215
-85.732567
-85.790367
-85.839203
-85.880371
-85.915062
-85.944252
-85.968910
-85.989716
-86.007347
-86.022339
-86.035141
-86.046089
-86.055534
-86.063759
-86.070976
-86.077309
-86.082954
-86.088051
-86.092674
-86.096901
-86.100800
-86.104446
-86.107880
-86.111160
-86.114212
-86.117264
-86.120178
-86.122917
-86.125595
-86.128281
-86.130981
-86.133667
-86.136337
-86.139008
-86.141731
-86.144417
-86.147087
-86.149719
-86.152199
-86.154732
-86.157394
-86.160034
-86.162560
-86.165085
-86.167595
-86.170052
-86.172546
-86.174942
-86.177383
-86.179832
-86.182304
-86.184692
-86.187111
-86.189560
-86.191940
-86.194313
-86.196671
-86.198997
-86.201324
-86.203621
-86.205963
-86.208275
-86.210533
-86.212776
-86.214996
-86.217216
-86.219383
-86.221672
-86.223961
-86.226219
-86.228439
-86.230667
-86.232864
-86.235092
-86.237350
-86.239487
-86.241692
-86.243874
-86.245987
-86.248108
-86.250175
-86.252274
-86.254326
-86.256363
-86.258408
-86.260399
-86.262375
-86.264381
-86.266380
-86.268311
-86.270264
-86.272240
-86.274178
-86.276161
-86.278099
-86.280014
-86.281921
-86.283821
-86.285728
-86.287628
-86.289482
-86.291306
-86.293007
-86.294708
-86.296249
-86.297737
-86.299164
-86.300415
-86.301559
-86.302650
-86.303619
-86.304466
-86.305252
-86.305969
-86.306618
-86.307281
-86.307777
-86.308311
-86.308868
-86.309296
-86.309685
-86.310158
-86.310623
-86.310982
-86.311325
-86.311745
-86.312141
-86.312469
-86.312820
-86.313202
-86.313591
-86.313904
-86.314278
-86.314613
-86.314957
-86.315346
-86.315674
-86.316010
-86.316353
-86.316666
-86.316986
-86.317223
-86.317429
-86.317543
-86.317612
-86.317612
-86.317642
-86.317642
-86.317642
-86.317642
-86.317642
-86.317612
-86.317581
-86.317528
-86.317451
-86.317398
-86.317345
-86.317314
-86.317207
-86.317085
-86.317009
-86.316940
-86.316879
-86.316826
-86.316772
-86.316734
-86.316681
-86.316605
-86.316536
-86.316444
-86.316399
-86.316307
-86.316193
-86.316078
-86.315971
-86.315895
-86.315811
-86.315727
-86.315651
-86.315575
-86.315506
-86.315445
-86.315392
-86.315369
-86.315277
-86.315247
-86.315163
-86.315163
-86.315163
-86.315163
-86.315155
-86.315155
-86.315155
-86.315155
-86.315147
-86.315140
-86.315140
-86.315109
-86.315025
-86.314987
-86.314972
-86.314949
-86.314919
-86.314857
-86.314796
-86.314743
-86.314690
-86.314674
-86.314621
-86.314568
-86.314537
-86.314476
-86.314423
-86.314400
-86.314346
-86.314301
-86.314285
-86.314232
-86.314186
-86.314163
-86.314156
-86.314148
-86.314133
-86.314125
-86.314117
-86.314110
-86.314064
-86.314034
-86.314011
-86.313995
-86.313988
-86.313988
-86.313980
-86.313972
-86.313972
-86.313965
-86.313965
-86.313965
-86.313957
-86.313950
-86.313950
-86.313934
-86.313934
-86.313919
-86.313919
-86.313911
-86.313904
-86.313896
-86.313896
-86.313896
-86.313896
-86.313896
-86.313896
-86.313889
-86.313889
-86.313889
-86.313881
-86.313881
-86.313881
-86.313873
-86.313873
-86.313866
-86.313866
-86.313858
-86.313850
-86.313850
-86.313850
-86.313850
-86.313850
-86.313850
-86.313850
-86.313843
-86.313843
-86.313843
-86.313843
-86.313843
-86.313843
-86.313843
-86.313843
-86.313843
-86.313843
-86.313843
-86.313843
-86.313843
-86.313843
-86.313843
-86.313843
-86.313843
-86.313843
-86.313843
-86.313843
-86.313843
-86.313843
-86.313835
-86.313828
-86.313828
-86.313820
-86.313812
-86.313805
-86.313797
-86.313789
-86.313782
-86.313774
-86.313774
-86.313774
-86.313774
-86.313774
-86.313774
-86.313774
-86.313774
-86.313774
-86.313774
-86.313774
-86.313774
-86.313774
-86.313774
-86.313774
-86.313774
-86.313774
-86.313774
-86.313774
-86.313774
-86.313774
-86.313774
-86.313774
-86.313774
-86.313774
-86.313774
-86.313774
-86.313774
-86.313774
-86.313774
-86.313774
-86.313774
-86.313774
-86.313774
-86.313774
-86.313774
-86.313774
-86.313774
-86.313774
-86.313774
-86.313774
-86.313774
-86.313774
-86.313774
-86.313774
-86.313774
-86.313774
-86.313774
-86.313774
-86.313774
-86.313774
-86.313774
-86.313774
-86.313774
-86.313774
-86.313774
-86.313774
-86.313774
-86.313774
-86.313774
-86.313774
-86.313774
-86.313774
-86.313774
-86.313774
-86.313774
-86.313774
-86.313774
-86.313774
-86.313774
-86.313774
-86.313774
-86.313774
-86.313774
-86.313774
-86.313774
-86.313774
-86.313774
-86.313774
-86.313774
-86.313774
-86.313774
-86.313774
-86.313774
-86.313774
-86.313774
-86.313774
-86.313774
-86.313774
-86.313774
-86.313774
-86.313774
-86.313774
-86.313774
-86.313774
-86.313774
-86.313774
-86.313774
-86.313774
-86.313774
-86.313774
-86.313774
-86.313774
-86.313774
-86.313774
-86.313774
-86.313774
-86.313774
-86.313774
-86.313774
-86.313774
-86.313774
-86.313774
-86.313774
-86.313774
-86.313774
-86.313774
-86.313774
-86.313774
-86.313774
-86.313774
-86.313774
-86.313774
-86.313774
-86.313774
-86.313774
-86.313774
-86.313774
-86.313774
-86.313774
-86.313774
-86.313774
-86.313774
-86.313774
-86.313774
-86.313774
-86.313774
-86.313774
-86.313774
-86.313774
-86.313774
-86.313774
-86.313774
-86.313774
-86.313774
-86.313774
-86.313774
-86.313774
-86.313774
-86.313774
-86.313774
-86.313774
-86.313774
-86.313774
-86.313774
-86.313774
-86.313774
-86.313774
-86.313774
-86.313774
-86.313774
-86.313774
-86.313774
-86.313774
-86.313774
-86.313774
-86.313774
-86.313774
-86.313774
-86.313774
-86.313774
-86.313774
-86.313774
-86.313774
-86.313774
-86.313774
-86.313774
-86.313774
-86.313774
-86.313774
-86.313774
-86.313774
-86.313774
-86.313774
-86.313774
-86.313774
-86.313774
-86.313774
-86.313774
-86.313774
-86.313774
-86.313774
-86.313774
-86.313774
-86.313774
-86.313774
-86.313774
-86.313774
-86.313774
-86.313774
-86.313774
-86.313774
-86.313774
-86.313774
-86.313774
-86.313774
-86.313774
-86.313774
-86.313774
-86.313774
-86.313774
-86.313774
-86.313774
-86.313774
-86.313774
-86.313774
-86.313774
-86.313774
-86.313774
-86.313774
-86.313774
-86.313774
-86.313774
-86.313774
-86.313774
-86.313774
-86.313774
-86.313774
-86.313774
-86.313774
-86.313774
-86.313774
-86.313774
-86.313774
-86.313774
-86.313774
-86.313774
-86.313774
-86.313774
-86.313774
-86.313774
-86.313774
-86.313774
-86.313774
-86.313774
-86.313774
-86.313774
-86.313774
-86.313774
-86.313774
-86.313774
-86.313774
-86.313774
-86.313774
-86.313774
-86.313774
-86.313774
-86.313774
-86.313774
-86.313774
-86.313774
-86.313774
-86.313774
-86.313774
-86.313774
-86.313774
-86.313774
-86.313774
-86.313774
-86.313774
-86.313774
-86.313774
-86.313812
-86.313927
-86.314110
-86.314301
-86.314430
-86.314453
-86.314453
-86.314453
-86.314453
-86.314453
-86.314453
-86.314453
-86.314453
-86.314453
-86.314461
-86.314461
-86.314468
-86.314468
-86.314476
-86.314476
-86.314484
-86.314484
-86.314491
-86.314491
-86.314499
-86.314499
-86.314507
-86.314507
-86.314514
-86.314514
-86.314522
-86.314522
-86.314529
-86.314529
-86.314537
-86.314537
-86.314545
-86.314545
-86.314552
-86.314552
-86.314560
-86.314560
-86.314568
-86.314568
-86.314575
-86.314575
-86.314583
-86.314583
-86.314590
-86.314590
-86.314590
-86.314590
-86.314598
-86.314598
-86.314606
-86.314606
-86.314613
-86.314613
-86.314613
-86.314613
-86.314613
-86.314613
-86.314613
-86.314613
-86.314613
-86.314613
-86.314613
-86.314613
-86.314613
-86.314613
-86.314613
-86.314613
-86.314613
-86.314613
-86.314613
-86.314613
-86.314613
-86.314613
-86.314613
-86.314613
-86.314613
-86.314613
-86.314613
-86.314613
-86.314613
-86.314613
-86.314613
-86.314613
-86.314613
-86.314613
-86.314613
-86.314613
-86.314613
-86.314613
-86.314613
