-86.199997
-86.550117
-86.545090
-86.542336
-86.540482
-86.539055
-86.537018
-86.506310
-85.565376
-57.671028
20.304607
21.890448
20.575972
18.487785
16.637278
15.278684
14.403078
13.930568
13.770990
13.842561
14.077237
14.421428
14.834784
15.288142
15.761209
16.240292
16.716257
17.182362
17.633930
18.068058
18.482857
18.877018
19.249557
19.599707
19.926880
20.230665
20.510834
20.767366
21.000444
21.210457
21.397980
21.563761
21.708696
21.833803
21.940184
22.029003
22.101450
22.158730
22.202034
22.232519
22.251305
22.259453
22.257961
22.247776
22.229761
22.204721
22.173386
22.136425
22.094448
22.048004
21.997578
21.943613
21.886509
21.826618
21.764250
21.699690
21.633183
21.564947
21.495171
21.424025
21.351648
21.278191
21.203751
21.128429
21.052317
20.975491
20.898014
20.819946
20.741316
20.662189
20.582588
20.502554
20.422102
20.341259
20.260038
20.178457
20.096527
20.014259
19.931664
19.848736
19.765484
19.681913
19.598015
19.513800
19.429260
19.344391
19.259195
19.173666
19.087795
19.001587
18.915028
18.828112
18.740835
18.653193
18.565168
18.476761
18.387957
18.298759
18.209152
18.119129
18.028679
17.937799
17.846472
17.754688
17.662451
17.569735
17.476540
17.382847
17.288647
17.193935
17.098705
17.002935
16.906618
16.809750
16.712309
16.614288
16.515686
16.416471
16.316639
16.216183
16.115084
16.013330
15.910912
15.807822
15.704036
15.599545
15.494333
15.388388
15.281694
15.174236
15.066003
14.956976
14.847144
14.736489
14.624994
14.512644
14.399421
14.285309
14.170289
14.054346
13.937464
13.819624
13.700809
13.581000
13.460174
13.338314
13.215402
13.091414
12.966331
12.840134
12.712802
12.584314
12.454647
12.323777
12.191685
12.058344
11.923728
11.787816
11.650584
11.512007
11.372059
11.230715
11.087948
10.943730
10.798033
10.650829
10.502090
10.351784
10.199883
10.046363
9.891191
9.734324
9.575744
9.415413
9.253297
9.089362
8.923573
8.755896
8.586294
8.414731
8.241171
8.065577
7.887907
7.708121
7.526181
7.342045
7.155670
6.967015
6.776034
6.582686
6.386926
6.188707
5.987981
5.784698
5.578808
5.370262
5.159005
4.944987
4.728150
4.508437
4.285791
4.060154
3.831465
3.599659
3.364670
3.126427
2.884860
2.639893
2.391449
2.139446
1.883799
1.624418
1.361208
1.094071
0.822902
0.547590
0.268018
-0.015941
-0.304420
-0.597560
-0.895514
-1.198440
-1.506512
-1.819910
-2.138828
-2.463474
-2.794071
-3.130849
-3.474055
-3.823957
-4.180839
-4.544999
-4.916751
-5.296434
-5.684396
-6.081008
-6.486662
-6.901763
-7.326741
-7.762040
-8.208123
-8.665467
-9.134571
-9.615934
-10.110087
-10.617554
-11.138878
-11.674597
-12.225261
-12.791413
-13.373593
-13.972339
-14.588168
-15.221594
-15.873118
-16.543213
-17.232355
-17.940985
-18.669544
-19.418457
-20.188141
-20.979015
-21.791502
-22.626043
-23.483122
-24.363224
-25.266918
-26.194828
-27.147673
-28.126253
-29.131395
-30.163717
-31.223278
-32.309364
-33.420658
-34.555531
-35.712566
-36.890842
-38.091721
-39.326519
-40.605858
-41.936573
-43.323910
-44.771904
-46.283779
-47.861946
-49.507721
-51.220818
-52.998867
-54.836689
-56.725754
-58.653809
-60.604862
-62.559628
-64.496468
-66.392845
-68.226799
-69.978752
-71.632469
-73.176147
-74.602478
-75.908569
-77.095367
-78.166779
-79.129036
-79.989685
-80.757034
-81.439476
-82.045158
-82.581726
-83.056160
-83.474785
-83.843239
-84.166634
-84.449570
-84.696220
-84.910355
-85.095535
-85.254982
-85.391716
-85.508469
-85.607780
-85.691978
-85.763092
-85.823074
-85.873520
-85.915894
-85.951492
-85.981369
-86.006462
-86.027588
-86.045425
-86.060539
-86.073410
-86.084427
-86.093925
-86.102188
-86.109428
-86.115799
-86.121475
-86.126656
-86.131393
-86.135735
-86.139778
-86.143532
-86.147064
-86.150513
-86.153770
-86.156876
-86.159927
-86.162941
-86.165833
-86.168724
-86.171585
-86.174362
-86.177147
-86.179871
-86.182594
-86.185318
-86.187988
-86.190598
-86.193207
-86.195839
-86.198380
-86.200912
-86.203453
-86.206070
-86.208641
-86.211136
-86.213722
-86.216293
-86.218727
-86.221260
-86.223770
-86.226212
-86.228622
-86.231071
-86.233459
-86.235825
-86.238152
-86.240501
-86.242790
-86.245102
-86.247429
-86.249741
-86.252022
-86.254318
-86.256607
-86.258904
-86.261139
-86.263382
-86.265663
-86.267838
-86.270020
-86.272232
-86.274429
-86.276604
-86.278709
-86.280762
-86.282806
-86.284935
-86.287003
-86.289032
-86.291039
-86.293083
-86.295044
-86.296967
-86.298889
-86.300819
-86.302734
-86.304649
-86.306557
-86.308426
-86.310211
-86.312042
-86.313919
-86.315697
-86.317459
-86.319214
-86.320900
-86.322693
-86.324448
-86.326103
-86.327782
-86.329407
-86.331001
-86.332634
-86.334274
-86.335854
-86.337433
-86.339035
-86.340645
-86.342247
-86.343826
-86.345367
-86.346886
-86.348351
-86.349945
-86.351486
-86.352974
-86.354439
-86.355949
-86.357407
-86.358894
-86.360390
-86.361832
-86.363235
-86.364700
-86.366089
-86.367386
-86.368591
-86.369736
-86.370865
-86.371666
-86.372429
-86.373070
-86.373619
-86.374184
-86.374771
-86.375267
-86.375748
-86.376251
-86.376732
-86.377136
-86.377449
-86.377800
-86.378235
-86.378632
-86.378975
-86.379318
-86.379677
-86.380074
-86.380478
-86.380798
-86.380997
-86.381218
-86.381355
-86.381424
-86.381493
-86.381493
-86.381500
-86.381500
-86.381500
-86.381500
-86.381500
-86.381500
-86.381500
-86.381500
-86.381500
-86.381500
-86.381500
-86.381500
-86.381500
-86.381485
-86.381485
-86.381485
-86.381485
-86.381485
-86.381477
-86.381447
-86.381424
-86.381393
-86.381393
-86.381363
-86.381363
-86.381325
-86.381279
-86.381241
-86.381203
-86.381149
-86.381142
-86.381126
-86.381088
-86.381088
-86.381088
-86.381088
-86.381073
-86.381035
-86.381027
-86.381027
-86.381027
-86.381027
-86.381004
-86.380974
-86.380959
-86.380943
-86.380920
-86.380905
-86.380890
-86.380875
-86.380859
-86.380844
-86.380829
-86.380798
-86.380768
-86.380730
-86.380699
-86.380669
-86.380630
-86.380600
-86.380569
-86.380539
-86.380516
-86.380486
-86.380455
-86.380440
-86.380432
-86.380424
-86.380409
-86.380402
-86.380394
-86.380386
-86.380371
-86.380356
-86.380348
-86.380341
-86.380333
-86.380325
-86.380310
-86.380302
-86.380295
-86.380287
-86.380280
-86.380272
-86.380264
-86.380249
-86.380234
-86.380219
-86.380203
-86.380188
-86.380173
-86.380157
-86.380150
-86.380135
-86.380119
-86.380112
-86.380096
-86.380081
-86.380074
-86.380058
-86.380051
-86.380043
-86.380035
-86.380028
-86.380020
-86.380013
-86.380005
-86.379997
-86.379990
-86.379982
-86.379982
-86.379974
-86.379967
-86.379959
-86.379951
-86.379944
-86.379929
-86.379921
-86.379913
-86.379906
-86.379898
-86.379890
-86.379875
-86.379868
-86.379860
-86.379852
-86.379845
-86.379837
-86.379829
-86.379822
-86.379814
-86.379807
-86.379807
-86.379799
-86.379791
-86.379784
-86.379776
-86.379768
-86.379761
-86.379761
-86.379753
-86.379745
-86.379738
-86.379738
-86.379730
-86.379723
-86.379723
-86.379715
-86.379707
-86.379707
-86.379700
-86.379692
-86.379692
-86.379684
-86.379677
-86.379677
-86.379669
-86.379669
-86.379662
-86.379662
-86.379654
-86.379654
-86.379646
-86.379639
-86.379639
-86.379639
-86.379631
-86.379631
-86.379623
-86.379623
-86.379623
-86.379623
-86.379616
-86.379616
-86.379608
-86.379608
-86.379608
-86.379601
-86.379601
-86.379593
-86.379593
-86.379593
-86.379585
-86.379585
-86.379585
-86.379578
-86.379578
-86.379578
-86.379570
-86.379570
-86.379570
-86.379562
-86.379562
-86.379562
-86.379562
-86.379555
-86.379555
-86.379555
-86.379547
-86.379547
-86.379547
-86.379547
-86.379539
-86.379539
-86.379539
-86.379539
-86.379532
-86.379532
-86.379532
-86.379532
-86.379524
-86.379524
-86.379524
-86.379524
-86.379524
-86.379517
-86.379517
-86.379517
-86.379517
-86.379517
-86.379509
-86.379509
-86.379509
-86.379509
-86.379509
-86.379501
-86.379501
-86.379501
-86.379501
-86.379501
-86.379501
-86.379501
-86.379494
-86.379494
-86.379494
-86.379494
-86.379494
-86.379494
-86.379486
-86.379486
-86.379486
-86.379486
-86.379486
-86.379486
-86.379486
-86.379486
-86.379478
-86.379478
-86.379478
-86.379478
-86.379478
-86.379478
-86.379478
-86.379478
-86.379471
-86.379471
-86.379471
-86.379471
-86.379471
-86.379471
-86.379471
-86.379471
-86.379471
-86.379471
-86.379463
-86.379463
-86.379463
-86.379463
-86.379463
-86.379463
-86.379463
-86.379463
-86.379463
-86.379463
-86.379463
-86.379456
-86.379456
-86.379456
-86.379456
-86.379456
-86.379456
-86.379456
-86.379456
-86.379456
-86.379456
-86.379456
-86.379456
-86.379456
-86.379456
-86.379456
-86.379448
-86.379448
-86.379448
-86.379448
-86.379448
-86.379448
-86.379448
-86.379448
-86.379448
-86.379448
-86.379448
-86.379448
-86.379448
-86.379448
-86.379448
-86.379448
-86.379448
-86.379440
-86.379440
-86.379440
-86.379440
-86.379440
-86.379440
-86.379440
-86.379440
-86.379440
-86.379440
-86.379440
-86.379440
-86.379440
-86.379440
-86.379440
-86.379440
-86.379440
-86.379440
-86.379440
-86.379440
-86.379440
-86.379440
-86.379440
-86.379440
-86.379433
-86.379433
-86.379433
-86.379433
-86.379433
-86.379433
-86.379433
-86.379433
-86.379433
-86.379433
-86.379433
-86.379433
-86.379433
-86.379433
-86.379433
-86.379433
-86.379433
-86.379433
-86.379433
-86.379433
-86.379433
-86.379433
-86.379433
-86.379433
-86.379433
-86.379433
-86.379433
-86.379433
-86.379433
-86.379433
-86.379433
-86.379433
-86.379433
-86.379433
-86.379433
-86.379433
-86.379425
-86.379425
-86.379425
-86.379425
-86.379425
-86.379425
-86.379425
-86.379425
-86.379425
-86.379425
-86.379425
-86.379425
-86.379425
-86.379425
-86.379425
-86.379425
-86.379425
-86.379425
-86.379425
-86.379425
-86.379425
-86.379425
-86.379425
-86.379425
-86.379425
-86.379425
-86.379425
-86.379425
-86.379425
-86.379425
-86.379425
-86.379425
-86.379425
-86.379425
-86.379425
-86.379425
-86.379425
-86.379425
-86.379425
-86.379425
-86.379425
-86.379425
-86.379425
-86.379425
-86.379425
-86.379425
-86.379425
-86.379425
-86.379425
-86.379425
-86.379425
-86.379425
-86.379425
-86.379425
-86.379425
-86.379425
-86.379425
-86.379425
-86.379425
-86.379425
-86.379425
-86.379425
-86.379425
-86.379425
-86.379425
-86.379425
-86.379425
-86.379425
-86.379425
-86.379425
-86.379425
-86.379425
-86.379425
-86.379417
-86.379417
-86.379417
-86.379417
-86.379417
-86.379417
-86.379417
-86.379417
-86.379417
-86.379417
-86.379417
-86.379417
-86.379417
-86.379417
-86.379417
-86.379417
-86.379417
-86.379417
-86.379417
-86.379417
-86.379417
-86.379417
-86.379417
-86.379417
-86.379417
-86.379417
-86.379417
-86.379417
-86.379417
-86.379417
-86.379417
-86.379417
-86.379417
-86.379417
-86.379417
-86.379417
-86.379417
-86.379417
-86.379417
-86.379417
-86.379417
-86.379417
-86.379417
-86.379417
-86.379417
-86.379417
-86.379417
-86.379417
-86.379417
-86.379417
-86.379417
-86.379417
-86.379417
-86.379417
-86.379417
-86.379417
-86.379417
-86.379417
-86.379417
-86.379417
-86.379417
-86.379417
-86.379417
-86.379417
-86.379417
-86.379417
-86.379417
-86.379417
-86.379417
-86.379417
-86.379417
-86.379417
-86.379417
-86.379410
-86.379402
-86.379318
-86.378380
-86.350060
-85.468010
-59.332596
20.013359
21.754921
20.388239
18.259718
16.399185
15.048591
14.189813
13.737333
13.597778
13.687671
13.938206
14.295600
14.719636
15.181452
15.661126
16.145346
16.625299
17.094522
17.548635
17.984957
18.401768
18.797869
19.172342
19.524467
19.853685
20.159586
20.441933
20.700693
20.936020
21.148291
21.338053
21.506035
21.653107
21.780272
21.888611
21.979279
22.053463
22.112354
22.157141
22.188986
22.209007
22.218273
22.217783
22.208483
22.191246
22.166883
22.136127
22.099669
22.058107
22.012005
21.961853
21.908110
21.851166
21.791386
21.729080
21.664543
21.598013
21.529724
21.459867
21.388609
21.316107
21.242491
21.167873
21.092363
21.016037
20.938984
20.861263
20.782942
20.704060
20.624666
20.544792
20.464472
20.383726
20.302580
20.221054
20.139166
20.056913
19.974325
19.891401
19.808140
19.724556
19.640644
19.556412
19.471849
19.386963
19.301746
19.216196
19.130310
19.044081
18.957510
18.870583
18.783297
18.695648
18.607630
18.519232
18.430447
18.341269
18.251686
18.161694
18.071280
17.980433
17.889151
17.797421
17.705236
17.612581
17.519459
17.425844
17.331736
17.237122
17.141985
17.046322
16.950121
16.853371
16.756060
16.658176
16.559711
16.460636
16.360956
16.260664
16.159729
16.058155
15.955913
15.853006
15.749414
15.645130
15.540133
15.434413
15.327951
15.220736
15.112750
15.003981
14.894412
14.784029
14.672819
14.560761
14.447844
14.334045
14.219353
14.103745
13.987206
13.869719
13.751265
13.631826
13.511387
13.389924
13.267420
13.143853
13.019204
12.893450
12.766570
12.638545
12.509352
12.378972
12.247380
12.114552
11.980468
11.845099
11.708425
11.570415
11.431047
11.290295
11.148135
11.004539
10.859483
10.712934
10.564863
10.415245
10.264050
10.111242
9.956791
9.800675
9.642859
9.483312
9.321994
9.158876
8.993925
8.827101
8.658372
8.487698
8.315045
8.140373
7.963647
7.784829
7.603876
7.420751
7.235408
7.047807
6.857904
6.665654
6.471012
6.273932
6.074369
5.872274
5.667600
5.460295
5.250309
5.037588
4.822080
4.603727
4.382472
4.158257
3.931020
3.700698
3.467228
3.230544
2.990573
2.747245
2.500481
2.250201
1.996323
1.738760
1.477417
1.212200
0.943004
0.669724
0.392244
0.110445
-0.175802
-0.466634
-0.762197
-1.062647
-1.368148
-1.678878
-1.995025
-2.316788
-2.644381
-2.978029
-3.317974
-3.664474
-4.017803
-4.378242
-4.746100
-5.121701
-5.505390
-5.897526
-6.298485
-6.708671
-7.128494
-7.558393
-7.998817
-8.450235
-8.913136
-9.388019
-9.875395
-10.375785
-10.889724
-11.417751
-11.960409
-12.518244
-13.091791
-13.681589
-14.288165
-14.912036
-15.553701
-16.213652
-16.892359
-17.590269
-18.307838
-19.045486
-19.803635
-20.582701
-21.383106
-22.205276
-23.049662
-23.916754
-24.807074
-25.721220
-26.659851
-27.623714
-28.613644
-29.630444
-30.674522
-31.745609
-32.842670
-33.964104
-35.108284
-36.273872
-37.459892
-38.672981
-39.925373
-41.225628
-42.579731
-43.992264
-45.466957
-47.006710
-48.613499
-50.288033
-52.029217
-53.833565
-55.694489
-57.601894
-59.541855
-61.496780
-63.446178
-65.367729
-67.238876
-69.038406
-70.748024
-72.353378
-73.844589
-75.216408
-76.467705
-77.600906
-78.621101
-79.535248
-80.351357
-81.077881
-81.723183
-82.295227
-82.801369
-83.248360
-83.642212
-83.988350
-84.291649
-84.556503
-84.786903
-84.986565
-85.158829
-85.306885
-85.433578
-85.541573
-85.633286
-85.710945
-85.776474
-85.831657
-85.878105
-85.917107
-85.949875
-85.977379
-86.000542
-86.020027
-86.036552
-86.050613
-86.062599
-86.072884
-86.081818
-86.089638
-86.096519
-86.102669
-86.108170
-86.113190
-86.117744
-86.121956
-86.125885
-86.129578
-86.133095
-86.136528
-86.139771
-86.142906
-86.145988
-86.149048
-86.151955
-86.154831
-86.157715
-86.160530
-86.163284
-86.166016
-86.168755
-86.171486
-86.174164
-86.176834
-86.179474
-86.182091
-86.184715
-86.187332
-86.189888
-86.192413
-86.195015
-86.197578
-86.200089
-86.202667
-86.205254
-86.207710
-86.210205
-86.212692
-86.215126
-86.217606
-86.220078
-86.222496
-86.224838
-86.227196
-86.229591
-86.231926
-86.234215
-86.236504
-86.238792
-86.241066
-86.243355
-86.245659
-86.247948
-86.250198
-86.252403
-86.254616
-86.256836
-86.259018
-86.261253
-86.263405
-86.265511
-86.267662
-86.269737
-86.271805
-86.273857
-86.275902
-86.277893
-86.279938
-86.281952
-86.283905
-86.285873
-86.287827
-86.289749
-86.291664
-86.293640
-86.295517
-86.297348
-86.299156
-86.300911
-86.302704
-86.304565
-86.306328
-86.308052
-86.309799
-86.311485
-86.313255
-86.314934
-86.316612
-86.318329
-86.319992
-86.321678
-86.323318
-86.324966
-86.326546
-86.328072
-86.329651
-86.331245
-86.332718
-86.334206
-86.335785
-86.337296
-86.338821
-86.340347
-86.341812
-86.343285
-86.344788
-86.346245
-86.347694
-86.349144
-86.350548
-86.352005
-86.353394
-86.354713
-86.355858
-86.357002
-86.358109
-86.359062
-86.359970
-86.360786
-86.361580
-86.362389
-86.363152
-86.363953
-86.364677
-86.365318
-86.365837
-86.366310
-86.366745
-86.367142
-86.367500
-86.367706
-86.367828
-86.367950
-86.368034
-86.368034
-86.368080
-86.368126
-86.368156
-86.368156
-86.368156
-86.368195
-86.368195
-86.368195
-86.368195
-86.368195
-86.368195
-86.368195
-86.368187
-86.368179
-86.368172
-86.368172
-86.368172
-86.368156
-86.368156
-86.368156
-86.368156
-86.368156
-86.368156
-86.368134
-86.368103
-86.368103
-86.368080
-86.368057
-86.368042
-86.368011
-86.367996
-86.367950
-86.367905
-86.367859
-86.367813
-86.367760
-86.367714
-86.367661
-86.367638
-86.367599
-86.367554
-86.367538
-86.367508
-86.367470
-86.367424
-86.367371
-86.367325
-86.367302
-86.367287
-86.367264
-86.367256
-86.367233
-86.367210
-86.367188
-86.367149
-86.367134
-86.367096
-86.367065
-86.367035
-86.367012
-86.366982
-86.366951
-86.366913
-86.366882
-86.366852
-86.366821
-86.366791
-86.366760
-86.366730
-86.366714
-86.366699
-86.366684
-86.366676
-86.366669
-86.366661
-86.366638
-86.366623
-86.366600
-86.366585
-86.366577
-86.366570
-86.366570
-86.366562
-86.366554
-86.366547
-86.366547
-86.366539
-86.366531
-86.366531
-86.366524
-86.366516
-86.366508
-86.366493
-86.366486
-86.366470
-86.366463
-86.366463
-86.366455
-86.366455
-86.366455
-86.366447
-86.366447
-86.366447
-86.366440
-86.366440
-86.366440
-86.366440
-86.366432
-86.366432
-86.366432
-86.366425
-86.366417
-86.366409
-86.366409
-86.366409
-86.366409
-86.366409
-86.366402
-86.366402
-86.366402
-86.366402
-86.366402
-86.366402
-86.366402
-86.366402
-86.366402
-86.366402
-86.366394
-86.366386
-86.366386
-86.366379
-86.366379
-86.366379
-86.366379
-86.366379
-86.366379
-86.366379
-86.366379
-86.366379
-86.366371
-86.366364
-86.366364
-86.366364
-86.366364
-86.366364
-86.366364
-86.366364
-86.366364
-86.366364
-86.366364
-86.366356
-86.366356
-86.366348
-86.366348
-86.366348
-86.366348
-86.366371
-86.366371
-86.366402
-86.366432
-86.366463
-86.366508
-86.366508
-86.366570
-86.366570
-86.366577
-86.366577
-86.366577
-86.366577
-86.366577
-86.366577
-86.366577
-86.366577
-86.366600
-86.366631
-86.366638
-86.366699
-86.366783
-86.366920
-86.366959
-86.367119
-86.367188
-86.367310
-86.367409
-86.367485
-86.367546
-86.367546
-86.367554
-86.367554
-86.367554
-86.367638
-86.367706
-86.367722
-86.367767
-86.367859
-86.367912
-86.367943
-86.367943
-86.368050
-86.368065
-86.368065
-86.368065
-86.368065
-86.368065
-86.368065
-86.368065
-86.368065
-86.368065
-86.368065
-86.368065
-86.368065
-86.368065
-86.368065
-86.368065
-86.368073
-86.368073
-86.368073
-86.368080
-86.368080
-86.368080
-86.368080
-86.368080
-86.368088
-86.368088
-86.368088
-86.368088
-86.368088
-86.368088
-86.368088
-86.368088
-86.368156
-86.368195
-86.368309
-86.368317
-86.368347
-86.368347
-86.368347
-86.368347
-86.368393
-86.368477
-86.368477
-86.368500
-86.368553
-86.368652
-86.368721
-86.368744
-86.368759
-86.368759
-86.368759
-86.368759
-86.368767
-86.368767
-86.368767
-86.368767
-86.368767
-86.368767
-86.368767
-86.368767
-86.368767
-86.368767
-86.368767
-86.368767
-86.368767
-86.368767
-86.368767
-86.368767
-86.368767
-86.368767
-86.368767
-86.368767
-86.368767
-86.368767
-86.368767
-86.368767
-86.368767
-86.368767
-86.368767
-86.368767
-86.368767
-86.368767
-86.368767
-86.368767
-86.368767
-86.368767
-86.368767
-86.368835
-86.368858
-86.368858
-86.368858
-86.368858
-86.368858
-86.368858
-86.368858
-86.368858
-86.368858
-86.368858
-86.368858
-86.368858
-86.368858
-86.368858
-86.368858
-86.368858
-86.368858
-86.368858
-86.368858
-86.368858
-86.368858
-86.368858
-86.368858
-86.368866
-86.368866
-86.368874
-86.368874
-86.368881
-86.368881
-86.368942
-86.368965
-86.369049
-86.369141
-86.369209
-86.369278
-86.369339
-86.369347
-86.369354
-86.369354
-86.369362
-86.369362
-86.369370
-86.369370
-86.369377
-86.369377
-86.369385
-86.369385
-86.369385
-86.369392
-86.369392
-86.369400
-86.369400
-86.369408
-86.369408
-86.369415
-86.369415
-86.369423
-86.369423
-86.369431
-86.369431
-86.369438
-86.369438
-86.369446
-86.369446
-86.369453
-86.369461
-86.369461
-86.369469
-86.369476
-86.369484
-86.369484
-86.369492
-86.369492
-86.369499
-86.369499
-86.369507
-86.369507
-86.369514
-86.369514
-86.369522
-86.369530
-86.369537
-86.369537
-86.369537
-86.369545
-86.369545
-86.369545
-86.369545
-86.369553
-86.369553
-86.369560
-86.369568
-86.369576
-86.369583
-86.369591
-86.369591
-86.369598
-86.369598
-86.369606
-86.369606
-86.369614
-86.369614
-86.369621
-86.369621
-86.369629
-86.369629
-86.369629
-86.369637
-86.369637
-86.369644
-86.369644
-86.369652
-86.369652
-86.369652
-86.369652
-86.369659
-86.369659
-86.369667
-86.369667
-86.369667
-86.369667
-86.369675
-86.369675
-86.369682
-86.369682
-86.369690
-86.369690
-86.369698
-86.369698
-86.369705
-86.369705
-86.369713
-86.369713
-86.369720
-86.369720
-86.369728
-86.369728
-86.369728
-86.369728
-86.369728
-86.369736
-86.369736
-86.369743
-86.369743
-86.369751
-86.369751
-86.369759
-86.369759
-86.369766
-86.369766
-86.369774
-86.369774
-86.369781
-86.369781
-86.369781
-86.369781
-86.369781
-86.369781
-86.369781
-86.369781
-86.369781
-86.369781
-86.369781
-86.369781
-86.369781
-86.369781
-86.369781
-86.369781
-86.369781
-86.369781
-86.369781
-86.369781
-86.369781
-86.369781
-86.369781
-86.369781
-86.369781
-86.369781
-86.369781
-86.369781
-86.369781
-86.369781
-86.369781
-86.369781
-86.369781
-86.369781
-86.369781
-86.369781
-86.369781
-86.369781
-86.369781
-86.369781
-86.369781
-86.369781
-86.369781
-86.369781
-86.369781
-86.369781
-86.369781
-86.369781
-86.369781
-86.369781
-86.369781
-86.369781
-86.369781
-86.369781
-86.369789
-86.369789
-86.369797
-86.369797
-86.369804
-86.369804
-86.369804
-86.369804
-86.369804
-86.369804
-86.369804
-86.369804
-86.369804
-86.369804
-86.369804
-86.369804
-86.369804
-86.369804
-86.369804
-86.369804
-86.369812
-86.369812
-86.369820
-86.369820
-86.369820
-86.369820
-86.369820
-86.369820
-86.369820
-86.369820
-86.369820
-86.369820
-86.369003
-86.340805
-85.460922
-59.438282
20.000919
21.736139
20.339186
18.197254
16.333954
14.985718
14.131439
13.683935
13.549001
13.642796
13.896429
14.256147
14.681838
15.144753
15.625084
16.109619
16.589640
17.058762
17.512686
17.948774
18.365347
18.761221
19.135508
19.487490
19.816614
20.122475
20.404839
20.663666
20.899113
21.111532
21.301474
21.469664
21.616964
21.744366
21.852943
21.943846
22.018250
22.077347
22.122324
22.154339
22.174505
22.183887
22.183498
22.174263
22.157072
22.132727
22.101969
22.065470
22.023853
21.977671
21.927425
21.873562
21.816488
21.756559
21.694092
21.629372
21.562653
21.494156
21.424076
21.352592
21.279852
21.205988
21.131121
21.055346
20.978756
20.901426
20.823427
20.744816
20.665640
20.585943
20.505768
20.425137
20.344082
20.262625
20.180777
20.098564
20.015993
19.933071
19.849808
19.766211
19.682285
19.598030
19.513451
19.428539
19.343298
19.257729
19.171818
19.085566
18.998974
18.912029
18.824732
18.737070
18.649040
18.560640
18.471853
18.382679
18.293108
18.203129
18.112738
18.021919
17.930670
17.838978
17.746830
17.654230
17.561159
17.467606
17.373562
17.279016
17.183964
17.088385
16.992273
16.895617
16.798401
16.700624
16.602272
16.503334
16.403791
16.303625
16.202845
16.101425
15.999345
15.896597
15.793179
15.689066
15.584252
15.478721
15.372458
15.265448
15.157680
15.049132
14.939794
14.829648
14.718681
14.606876
14.494219
14.380691
14.266278
14.150963
14.034725
13.917548
13.799414
13.680304
13.560198
13.439080
13.316931
13.193732
13.069462
12.944098
12.817620
12.690010
12.561242
12.431294
12.300147
12.167773
12.034157
11.899270
11.763089
11.625587
11.486742
11.346524
11.204909
11.061872
10.917382
10.771416
10.623946
10.474940
10.324373
10.172215
10.018425
9.862988
9.705856
9.547009
9.386407
9.224024
9.059820
8.893765
8.725821
8.555952
8.384123
8.210294
8.034427
7.856483
7.676422
7.494208
7.309799
7.123154
6.934228
6.742979
6.549361
6.353328
6.154836
5.953834
5.750275
5.544111
5.335293
5.123768
4.909484
4.692384
4.472412
4.249510
4.023618
3.794672
3.562611
3.327367
3.088870
2.847052
2.601838
2.353152
2.100910
1.845027
1.585414
1.321975
1.054613
0.783222
0.507689
0.227898
-0.056276
-0.344965
-0.638310
-0.936460
-1.239574
-1.547823
-1.861389
-2.180465
-2.505258
-2.835986
-3.172886
-3.516203
-3.866203
-4.223163
-4.587382
-4.959174
-5.338874
-5.726822
-6.123393
-6.528970
-6.943965
-7.368800
-7.803914
-8.249774
-8.706850
-9.175636
-9.656638
-10.150370
-10.657356
-11.178139
-11.713257
-12.263248
-12.828653
-13.410010
-14.007852
-14.622698
-15.255054
-15.905422
-16.574274
-17.262074
-17.969269
-18.696293
-19.443573
-20.211517
-21.000546
-21.811079
-22.643559
-23.498440
-24.376236
-25.277502
-26.202848
-27.152988
-28.128717
-29.130882
-30.160192
-31.216827
-32.300156
-33.408791
-34.540932
-35.694897
-36.869259
-38.065109
-39.293823
-40.566380
-41.889809
-43.269382
-44.709248
-46.212746
-47.782425
-49.419792
-51.124859
-52.895588
-54.727200
-56.611599
-58.536953
-60.487564
-62.444275
-64.385429
-66.288147
-68.130165
-69.891212
-71.554535
-73.107811
-74.543236
-75.857613
-77.051613
-78.129120
-79.096291
-79.960785
-80.730980
-81.415421
-82.022377
-82.559616
-83.034233
-83.452660
-83.820671
-84.143440
-84.425613
-84.671410
-84.884705
-85.069046
-85.227692
-85.363670
-85.479782
-85.578506
-85.662201
-85.732964
-85.792603
-85.842781
-85.884972
-85.920410
-85.950165
-85.975197
-85.996292
-86.014076
-86.029167
-86.042053
-86.053116
-86.062668
-86.071007
-86.078323
-86.084801
-86.090561
-86.095779
-86.100548
-86.104927
-86.109039
-86.112854
-86.116539
-86.119972
-86.123329
-86.126511
-86.129646
-86.132713
-86.135750
-86.138756
-86.141693
-86.144547
-86.147331
-86.150162
-86.153008
-86.155838
-86.158539
-86.161255
-86.163963
-86.166656
-86.169266
-86.171867
-86.174507
-86.177078
-86.179680
-86.182289
-86.184898
-86.187447
-86.189995
-86.192535
-86.195076
-86.197563
-86.200134
-86.202606
-86.205055
-86.207535
-86.209930
-86.212418
-86.214783
-86.217171
-86.219521
-86.221916
-86.224174
-86.226425
-86.228691
-86.230911
-86.233177
-86.235519
-86.237808
-86.240005
-86.242210
-86.244461
-86.246658
-86.248848
-86.251045
-86.253143
-86.255234
-86.257385
-86.259438
-86.261444
-86.263519
-86.265587
-86.267624
-86.269592
-86.271584
-86.273499
-86.275368
-86.277222
-86.279076
-86.280975
-86.282875
-86.284691
-86.286545
-86.288383
-86.290215
-86.292046
-86.293823
-86.295517
-86.297264
-86.298935
-86.300644
-86.302368
-86.304031
-86.305634
-86.307213
-86.308838
-86.310539
-86.312149
-86.313690
-86.315254
-86.316795
-86.318367
-86.319908
-86.321495
-86.323021
-86.324547
-86.326035
-86.327522
-86.329086
-86.330605
-86.332016
-86.333496
-86.334961
-86.336273
-86.337578
-86.338776
-86.339920
-86.341057
-86.342163
-86.343010
-86.343948
-86.344849
-86.345695
-86.346603
-86.347427
-86.348228
-86.349098
-86.349869
-86.350685
-86.351448
-86.352211
-86.352982
-86.353615
-86.354126
-86.354553
-86.354988
-86.355370
-86.355751
-86.356079
-86.356331
-86.356560
-86.356674
-86.356773
-86.356873
-86.356956
-86.357040
-86.357086
-86.357086
-86.357086
-86.357170
-86.357285
-86.357391
-86.357513
-86.357590
-86.357658
-86.357819
-86.357994
-86.358086
-86.358162
-86.358215
-86.358215
-86.358215
-86.358238
-86.358322
-86.358368
-86.358444
-86.358498
-86.358498
-86.358498
-86.358566
-86.358582
-86.358597
-86.358604
-86.358620
-86.358627
-86.358627
-86.358635
-86.358643
-86.358643
-86.358658
-86.358727
-86.358780
-86.358795
-86.358833
-86.358902
-86.358902
-86.358902
-86.358902
-86.358994
-86.359032
-86.359062
-86.359085
-86.359085
-86.359108
-86.359192
-86.359207
-86.359207
-86.359207
-86.359276
-86.359352
-86.359398
-86.359406
-86.359459
-86.359505
-86.359558
-86.359558
-86.359558
-86.359558
-86.359558
-86.359558
-86.359558
-86.359558
-86.359558
-86.359558
-86.359566
-86.359581
-86.359604
-86.359604
-86.359604
-86.359604
-86.359612
-86.359619
-86.359634
-86.359634
-86.359634
-86.359634
-86.359634
-86.359657
-86.359657
-86.359657
-86.359673
-86.359680
-86.359703
-86.359726
-86.359726
-86.359726
-86.359726
-86.359726
-86.359726
-86.359726
-86.359726
-86.359726
-86.359726
-86.359726
-86.359726
-86.359726
-86.359726
-86.359726
-86.359726
-86.359726
-86.359726
-86.359726
-86.359726
-86.359726
-86.359726
-86.359726
-86.359726
-86.359726
-86.359726
-86.359734
-86.359749
-86.359787
-86.359848
-86.359848
-86.359879
-86.359894
-86.359894
-86.359894
-86.359894
-86.359894
-86.359909
-86.359962
-86.360092
-86.360237
-86.360382
-86.360535
-86.360687
-86.360771
-86.360786
-86.360786
-86.360802
-86.360863
-86.360870
-86.360962
-86.361076
-86.361198
-86.361244
-86.361366
-86.361465
-86.361496
-86.361511
-86.361519
-86.361519
-86.361519
-86.361526
-86.361580
-86.361610
-86.361626
-86.361687
-86.361740
-86.361740
-86.361740
-86.361740
-86.361740
-86.361748
-86.361763
-86.361763
-86.361763
-86.361763
-86.361763
-86.361763
-86.361794
-86.361801
-86.361839
-86.361847
-86.361870
-86.361893
-86.361916
-86.361923
-86.361946
-86.361992
-86.362022
-86.362106
-86.362228
-86.362335
-86.362419
-86.362541
-86.362679
-86.362808
-86.362831
-86.362839
-86.362839
-86.362885
-86.362900
-86.362900
-86.362900
-86.362923
-86.362938
-86.362938
-86.362976
-86.362976
-86.363029
-86.363068
-86.363068
-86.363136
-86.363144
-86.363144
-86.363144
-86.363152
-86.363152
-86.363152
-86.363159
-86.363159
-86.363167
-86.363205
-86.363228
-86.363297
-86.363304
-86.363304
-86.363312
-86.363312
-86.363312
-86.363319
-86.363319
-86.363327
-86.363327
-86.363380
-86.363419
-86.363449
-86.363472
-86.363472
-86.363472
-86.363487
-86.363487
-86.363518
-86.363548
-86.363602
-86.363609
-86.363663
-86.363663
-86.363663
-86.363663
-86.363663
-86.363663
-86.363663
-86.363663
-86.363678
-86.363762
-86.363838
-86.363869
-86.363869
-86.363869
-86.363907
-86.363907
-86.363914
-86.363914
-86.363945
-86.363983
-86.363983
-86.363983
-86.363983
-86.363991
-86.363991
-86.363998
-86.363998
-86.363998
-86.364006
-86.364006
-86.364037
-86.364037
-86.364044
-86.364044
-86.364044
-86.364052
-86.364052
-86.364052
-86.364052
-86.364052
-86.364052
-86.364052
-86.364052
-86.364059
-86.364059
-86.364059
-86.364067
-86.364067
-86.364075
-86.364075
-86.364082
-86.364082
-86.364090
-86.364090
-86.364098
-86.364098
-86.364098
-86.364105
-86.364105
-86.364113
-86.364113
-86.364120
-86.364120
-86.364120
-86.364120
-86.364120
-86.364120
-86.364120
-86.364120
-86.364120
-86.364120
-86.364120
-86.364120
-86.364120
-86.364120
-86.364120
-86.364120
-86.364120
-86.364120
-86.364120
-86.364128
-86.364128
-86.364136
-86.364136
-86.364143
-86.364143
-86.364151
-86.364151
-86.364159
-86.364159
-86.364166
-86.364166
-86.364166
-86.364166
-86.364166
-86.364166
-86.364166
-86.364174
-86.364174
-86.364174
-86.364174
-86.364174
-86.364174
-86.364174
-86.364174
-86.364174
-86.364174
-86.364174
-86.364174
-86.364174
-86.364174
-86.364174
-86.364174
-86.364174
-86.364174
-86.364174
-86.364182
-86.364182
-86.364189
-86.364189
-86.364197
-86.364197
-86.364204
-86.364204
-86.364212
-86.364212
-86.364220
-86.364220
-86.364227
-86.364227
-86.364227
-86.364227
-86.364227
-86.364227
-86.364227
-86.364227
-86.364227
-86.364227
-86.364227
-86.364227
-86.364227
-86.364227
-86.364227
-86.364227
-86.364227
-86.364227
-86.364227
-86.364235
-86.364235
-86.364243
-86.364243
-86.364250
-86.364250
-86.364258
-86.364258
-86.364265
-86.364265
-86.364273
-86.364273
-86.364281
-86.364281
-86.364281
-86.364281
-86.364281
-86.364281
-86.364281
-86.364281
-86.364281
-86.364281
-86.364281
-86.364281
-86.364281
-86.364281
-86.364281
-86.364281
-86.364281
-86.364281
-86.364334
-86.364334
-86.364372
-86.364372
-86.364441
-86.364441
-86.364441
-86.364441
-86.364441
-86.364441
-86.364441
-86.364441
-86.364441
-86.364441
-86.364441
-86.364441
-86.364441
-86.364441
-86.364441
-86.364441
-86.364441
-86.364441
-86.364441
-86.364441
-86.364441
-86.364441
-86.364441
-86.364441
-86.364441
-86.364441
-86.364441
-86.364441
-86.364441
-86.364441
-86.364441
-86.364441
-86.364449
-86.364449
-86.364456
-86.364456
-86.364464
-86.364464
-86.364464
-86.364464
-86.364464
-86.364464
-86.364464
-86.364464
-86.364464
-86.364464
-86.364464
-86.364464
-86.364464
-86.364464
-86.364464
-86.364464
-86.364464
-86.364464
-86.364471
-86.364471
-86.364479
-86.364479
-86.364487
-86.364487
-86.364487
-86.364487
-86.364487
-86.364487
-86.364487
-86.364487
-86.364487
-86.364487
-86.364487
-86.364487
-86.364487
-86.364487
-86.364487
-86.364487
-86.364487
-86.364494
-86.364494
-86.364502
-86.364502
-86.364510
-86.364510
-86.364510
-86.364510
-86.364510
-86.364510
-86.364510
-86.364510
-86.364510
-86.364510
-86.364510
-86.364510
-86.364510
-86.364510
-86.364510
-86.364510
-86.364510
-86.364517
-86.364517
-86.364525
-86.364525
-86.364532
-86.364532
-86.364532
-86.364532
-86.364532
-86.363762
-86.335724
-85.459999
-59.600765
19.989754
21.723026
20.305264
18.153784
16.288435
14.941586
14.089940
13.645301
13.512978
13.608944
13.864263
14.225215
14.651736
15.115162
15.595733
16.080301
16.560196
17.029106
17.482758
17.918558
18.334833
18.730431
19.104464
19.456240
19.785200
20.090946
20.373240
20.632040
20.867500
21.079977
21.270002
21.438301
21.585726
21.713266
21.821993
21.913044
21.987589
22.046827
22.091925
22.124050
22.144308
22.153767
22.153429
22.144234
22.127058
22.102711
22.071926
22.035389
21.993706
21.947447
21.897104
21.843128
21.785923
21.725853
21.663235
21.598349
21.531456
21.462769
21.392498
21.320808
21.247850
21.173769
21.098673
21.022659
20.945829
20.868254
20.789993
20.711121
20.631680
20.551720
20.471266
20.390356
20.309019
20.227270
20.145138
20.062628
19.979755
19.896538
19.812975
19.729073
19.644835
19.560266
19.475365
19.390133
19.304571
19.218670
19.132433
19.045849
18.958916
18.871632
18.783993
18.695986
18.607607
18.518852
18.429714
18.340181
18.250246
18.159901
18.069138
17.977945
17.886316
17.794243
17.701715
17.608727
17.515259
17.421305
17.326862
17.231915
17.136450
17.040459
16.943928
16.846844
16.749201
16.650997
16.552206
16.452826
16.352827
16.252209
16.150970
16.049091
15.946535
15.843317
15.739420
15.634824
15.529516
15.423486
15.316716
15.209195
15.100906
14.991836
14.881964
14.771278
14.659764
14.547403
14.434180
14.320079
14.205084
14.089177
13.972342
13.854560
13.735814
13.616084
13.495350
13.373592
13.250793
13.126934
13.001994
12.875953
12.748788
12.620479
12.491001
12.360335
12.228455
12.095342
11.960970
11.825315
11.688355
11.550067
11.410420
11.269390
11.126952
10.983075
10.837735
10.690902
10.542550
10.392650
10.241170
10.088089
9.933364
9.776969
9.618869
9.459035
9.297431
9.134027
8.968786
8.801676
8.632662
8.461705
8.288768
8.113815
7.936805
7.757700
7.576461
7.393045
7.207412
7.019523
6.829334
6.636800
6.441877
6.244520
6.044681
5.842310
5.637360
5.429780
5.219519
5.006525
4.790745
4.572124
4.350605
4.126127
3.898630
3.668050
3.434324
3.197383
2.957157
2.713574
2.466558
2.216031
1.961909
1.704107
1.442532
1.177088
0.907672
0.634177
0.356489
0.074485
-0.211961
-0.502985
-0.798734
-1.099360
-1.405028
-1.715911
-2.032196
-2.354082
-2.681780
-3.015518
-3.355533
-3.702084
-4.055437
-4.415883
-4.783722
-5.159281
-5.542895
-5.934922
-6.335742
-6.745749
-7.165353
-7.594984
-8.035093
-8.486148
-8.948634
-9.423046
-9.909896
-10.409702
-10.922997
-11.450310
-11.992191
-12.549179
-13.121810
-13.710620
-14.316135
-14.938870
-15.579326
-16.237991
-16.915337
-17.611820
-18.327871
-19.063936
-19.820414
-20.597723
-21.396294
-22.216539
-23.058912
-23.923885
-24.811991
-25.723810
-26.659973
-27.621243
-28.608448
-29.622450
-30.663820
-31.732485
-32.827446
-33.946983
-35.089115
-36.251987
-37.434235
-38.641956
-39.887894
-41.180996
-42.527462
-43.932011
-45.398434
-46.929790
-48.528271
-50.194874
-51.928909
-53.727318
-55.584038
-57.489433
-59.429985
-61.388321
-63.343887
-65.274094
-67.155846
-68.967247
-70.689278
-72.306824
-73.809425
-75.191376
-76.451286
-77.591461
-78.617012
-79.535011
-80.353615
-81.081474
-81.727165
-82.298820
-82.803986
-83.249512
-83.641556
-83.985657
-84.286758
-84.549339
-84.777473
-84.974892
-85.145035
-85.291061
-85.415886
-85.522232
-85.612442
-85.688759
-85.753159
-85.807358
-85.852959
-85.891243
-85.923386
-85.950401
-85.973175
-85.992363
-86.008614
-86.022469
-86.034294
-86.044479
-86.053368
-86.061127
-86.068008
-86.074097
-86.079620
-86.084641
-86.089233
-86.093506
-86.097557
-86.101372
-86.104958
-86.108406
-86.111656
-86.114807
-86.117912
-86.120964
-86.124008
-86.127007
-86.129860
-86.132683
-86.135536
-86.138374
-86.141129
-86.143898
-86.146675
-86.149406
-86.152122
-86.154823
-86.157509
-86.160149
-86.162727
-86.165298
-86.167862
-86.170502
-86.173035
-86.175659
-86.178268
-86.180779
-86.183304
-86.185913
-86.188454
-86.190948
-86.193489
-86.195969
-86.198395
-86.200874
-86.203300
-86.205734
-86.208122
-86.210464
-86.212830
-86.215141
-86.217461
-86.219749
-86.222069
-86.224319
-86.226486
-86.228668
-86.230881
-86.233116
-86.235344
-86.237518
-86.239662
-86.241760
-86.243927
-86.246048
-86.248093
-86.250122
-86.252205
-86.254234
-86.256218
-86.258278
-86.260239
-86.262161
-86.264114
-86.266083
-86.268044
-86.269958
-86.271881
-86.273788
-86.275642
-86.277458
-86.279289
-86.281120
-86.282928
-86.284683
-86.286446
-86.288223
-86.289902
-86.291733
-86.293449
-86.295074
-86.296730
-86.298393
-86.300003
-86.301628
-86.303284
-86.304871
-86.306458
-86.307991
-86.309563
-86.311111
-86.312706
-86.314240
-86.315697
-86.317177
-86.318726
-86.320175
-86.321655
-86.323158
-86.324585
-86.325943
-86.327255
-86.328606
-86.329971
-86.331177
-86.332329
-86.333405
-86.334213
-86.334976
-86.335686
-86.336304
-86.336868
-86.337463
-86.337959
-86.338516
-86.339012
-86.339432
-86.339806
-86.340195
-86.340576
-86.340843
-86.341003
-86.341087
-86.341217
-86.341217
-86.341339
-86.341393
-86.341446
-86.341484
-86.341530
-86.341583
-86.341583
-86.341644
-86.341644
-86.341644
-86.341644
-86.341660
-86.341660
-86.341660
-86.341682
-86.341682
-86.341682
-86.341682
-86.341682
-86.341682
-86.341682
-86.341682
-86.341682
-86.341682
-86.341682
-86.341682
-86.341682
-86.341652
-86.341621
-86.341614
-86.341599
-86.341568
-86.341537
-86.341522
-86.341522
-86.341522
-86.341522
-86.341476
-86.341415
-86.341354
-86.341293
-86.341240
-86.341225
-86.341202
-86.341187
-86.341171
-86.341156
-86.341133
-86.341095
-86.341057
-86.341026
-86.341011
-86.340996
-86.340981
-86.340950
-86.340919
-86.340897
-86.340858
-86.340836
-86.340797
-86.340767
-86.340744
-86.340706
-86.340698
-86.340675
-86.340645
-86.340614
-86.340591
-86.340576
-86.340561
-86.340530
-86.340523
-86.340508
-86.340492
-86.340485
-86.340469
-86.340454
-86.340446
-86.340439
-86.340424
-86.340408
-86.340401
-86.340401
-86.340393
-86.340385
-86.340378
-86.340378
-86.340370
-86.340370
-86.340355
-86.340347
-86.340332
-86.340317
-86.340302
-86.340302
-86.340294
-86.340286
-86.340286
-86.340279
-86.340279
-86.340263
-86.340256
-86.340233
-86.340225
-86.340210
-86.340195
-86.340179
-86.340164
-86.340149
-86.340134
-86.340126
-86.340118
-86.340111
-86.340103
-86.340096
-86.340088
-86.340073
-86.340065
-86.340050
-86.340042
-86.340027
-86.340019
-86.340012
-86.339996
-86.339989
-86.339981
-86.339966
-86.339958
-86.339951
-86.339943
-86.339935
-86.339920
-86.339912
-86.339905
-86.339897
-86.339890
-86.339882
-86.339874
-86.339867
-86.339859
-86.339859
-86.339859
-86.339851
-86.339851
-86.339851
-86.339844
-86.339836
-86.339828
-86.339821
-86.339813
-86.339813
-86.339806
-86.339798
-86.339790
-86.339790
-86.339783
-86.339775
-86.339767
-86.339767
-86.339760
-86.339752
-86.339752
-86.339745
-86.339745
-86.339737
-86.339729
-86.339729
-86.339722
-86.339722
-86.339714
-86.339714
-86.339714
-86.339714
-86.339714
-86.339714
-86.339706
-86.339706
-86.339706
-86.339706
-86.339706
-86.339706
-86.339699
-86.339699
-86.339691
-86.339691
-86.339691
-86.339684
-86.339684
-86.339676
-86.339676
-86.339676
-86.339668
-86.339668
-86.339668
-86.339661
-86.339661
-86.339653
-86.339653
-86.339653
-86.339653
-86.339645
-86.339645
-86.339645
-86.339638
-86.339638
-86.339638
-86.339638
-86.339638
-86.339638
-86.339638
-86.339638
-86.339638
-86.339638
-86.339638
-86.339630
-86.339630
-86.339630
-86.339630
-86.339630
-86.339630
-86.339630
-86.339630
-86.339622
-86.339622
-86.339622
-86.339622
-86.339622
-86.339615
-86.339615
-86.339615
-86.339615
-86.339615
-86.339607
-86.339607
-86.339607
-86.339607
-86.339607
-86.339607
-86.339600
-86.339600
-86.339600
-86.339600
-86.339600
-86.339600
-86.339592
-86.339592
-86.339592
-86.339592
-86.339592
-86.339592
-86.339592
-86.339592
-86.339592
-86.339592
-86.339592
-86.339592
-86.339592
-86.339592
-86.339592
-86.339592
-86.339592
-86.339592
-86.339592
-86.339592
-86.339592
-86.339592
-86.339592
-86.339592
-86.339592
-86.339592
-86.339592
-86.339592
-86.339592
-86.339592
-86.339592
-86.339592
-86.339592
-86.339592
-86.339592
-86.339592
-86.339592
-86.339592
-86.339592
-86.339592
-86.339592
-86.339592
-86.339592
-86.339592
-86.339592
-86.339592
-86.339592
-86.339592
-86.339592
-86.339592
-86.339592
-86.339592
-86.339592
-86.339592
-86.339592
-86.339592
-86.339592
-86.339592
-86.339592
-86.339592
-86.339592
-86.339592
-86.339592
-86.339592
-86.339592
-86.339592
-86.339592
-86.339592
-86.339592
-86.339592
-86.339592
-86.339592
-86.339592
-86.339592
-86.339592
-86.339592
-86.339592
-86.339592
-86.339592
-86.339592
-86.339592
-86.339592
-86.339592
-86.339592
-86.339592
-86.339592
-86.339592
-86.339615
-86.339645
-86.339699
-86.339752
-86.339783
-86.339783
-86.339783
-86.339783
-86.339783
-86.339783
-86.339783
-86.339783
-86.339783
-86.339783
-86.339783
-86.339783
-86.339783
-86.339783
-86.339783
-86.339783
-86.339783
-86.339783
-86.339783
-86.339783
-86.339783
-86.339783
-86.339783
-86.339783
-86.339783
-86.339783
-86.339783
-86.339783
-86.339783
-86.339783
-86.339783
-86.339783
-86.339783
-86.339783
-86.339783
-86.339783
-86.339783
-86.339783
-86.339783
-86.339783
-86.339783
-86.339783
-86.339783
-86.339783
-86.339783
-86.339783
-86.339783
-86.339783
-86.339783
-86.339783
-86.339783
-86.339828
-86.339920
-86.339973
-86.339973
-86.340019
-86.340019
-86.340019
-86.340019
-86.340019
-86.340088
-86.340126
-86.340256
-86.340332
-86.340332
-86.340332
-86.340332
-86.340332
-86.340332
-86.340332
-86.340332
-86.340332
-86.340332
-86.340332
-86.340332
-86.340332
-86.340332
-86.340332
-86.340332
-86.340332
-86.340332
-86.340332
-86.340332
-86.340332
-86.340340
-86.340340
-86.340340
-86.340347
-86.340347
-86.340347
-86.340347
-86.340355
-86.340355
-86.340355
-86.340355
-86.340355
-86.340355
-86.340355
-86.340355
-86.340355
-86.340355
-86.340363
-86.340363
-86.340363
-86.340363
-86.340363
-86.340363
-86.340363
-86.340363
-86.340363
-86.340363
-86.340363
-86.340363
-86.340363
-86.340363
-86.340363
-86.340363
-86.340363
-86.340363
-86.340363
-86.340363
-86.340363
-86.340363
-86.340363
-86.340424
-86.340446
-86.340446
-86.340523
-86.340546
-86.340553
-86.340553
-86.340561
-86.340622
-86.340630
-86.340645
-86.340660
-86.340683
-86.340683
-86.340683
-86.340691
-86.340691
-86.340691
-86.340691
-86.340691
-86.340698
-86.340729
-86.340775
-86.340843
-86.340897
-86.340927
-86.340973
-86.340973
-86.340973
-86.340981
-86.340981
-86.340981
-86.340981
-86.340981
-86.340981
-86.340988
-86.340988
-86.340988
-86.340988
-86.340988
-86.340988
-86.340988
-86.340988
-86.340988
-86.340988
-86.340988
-86.340988
-86.340988
-86.340996
-86.340996
-86.341003
-86.341003
-86.341011
-86.341011
-86.341019
-86.341019
-86.341026
-86.341026
-86.341034
-86.341034
-86.341042
-86.341042
