0.000000
0.004366
0.986946
0.995312
0.991940
0.988569
0.985198
0.981828
0.978458
0.975089
0.971719
0.968350
0.964980
0.961610
0.958239
0.954867
0.951495
0.948121
0.944746
0.941369
0.937990
0.934609
0.931226
0.927841
0.924453
0.921062
0.917667
0.914270
0.910868
0.907462
0.904052
0.900637
0.897217
0.893792
0.890361
0.886924
0.883481
0.880030
0.876573
0.873108
0.869634
0.866153
0.862661
0.859161
0.855650
0.852128
0.848596
0.845051
0.841493
0.837922
0.834337
0.830737
0.827122
0.823489
0.819840
0.816171
0.812484
0.808775
0.805044
0.801290
0.797512
0.793707
0.789874
0.786012
0.782119
0.778191
0.774228
0.770227
0.766185
0.762099
0.757965
0.753781
0.749542
0.745243
0.740880
0.736446
0.731936
0.727341
0.722653
0.717862
0.712956
0.707921
0.702740
0.697391
0.691851
0.686086
0.680054
0.673700
0.666947
0.659686
0.651750
0.642866
0.632539
0.619698
0.601275
0.559761
0.057540
0.000029
0.000000
0.000000
0.000000
0.000000
0.000000
0.000000
0.000000
0.000000
0.000000
0.000000
0.000000
0.000000
0.000000
0.000000
0.000000
0.000000
0.000000
0.000000
0.000000
0.000000
0.000000
0.000000
0.000000
0.000000
0.000000
0.000000
0.000000
0.000000
0.000000
0.000000
0.000000
0.000000
0.000000
0.000000
0.000000
0.000000
0.000000
0.000000
0.000000
0.000000
0.000000
0.000000
0.000000
0.000000
0.000000
0.000000
0.000000
0.000000
0.000000
0.000000
0.000000
0.000000
0.000000
0.000000
0.000000
0.000000
0.000000
0.000000
0.000000
0.000000
0.000000
0.000000
0.000000
0.000000
0.000000
0.000000
0.000000
0.000000
0.000000
0.000000
0.000000
0.000000
0.000000
0.000000
0.000000
0.000000
0.000000
0.000000
0.000000
0.000000
0.000000
0.000000
0.000000
0.000000
0.000000
0.000000
0.000000
0.000000
0.000000
0.000000
0.000000
0.000000
0.000000
0.000000
0.000000
0.000000
0.000000
0.000000
0.000000
0.000000
0.000000
0.000000
0.000000
