0.000000
0.000000
0.000000
0.000000
0.000000
0.000000
0.000457
0.923714
0.995946
0.992575
0.989203
0.985832
0.982462
0.979092
0.975723
0.972353
0.968984
0.965614
0.962244
0.958873
0.955501
0.952129
0.948755
0.945380
0.942004
0.938625
0.935245
0.931862
0.928478
0.925090
0.921699
0.918306
0.914908
0.911507
0.908102
0.904693
0.901279
0.897860
0.894436
0.891006
0.887570
0.884128
0.880679
0.877223
0.873759
0.870288
0.866807
0.863318
0.859819
0.856310
0.852791
0.849260
0.845717
0.842162
0.838594
0.835011
0.831414
0.827802
0.824173
0.820526
0.816861
0.813177
0.809472
0.805746
0.801996
0.798223
0.794423
0.790595
0.786739
0.782851
0.778930
0.774974
0.770980
0.766946
0.762868
0.758743
0.754569
0.750340
0.746053
0.741702
0.737282
0.732786
0.728207
0.723537
0.718766
0.713882
0.708871
0.703718
0.698402
0.692899
0.687178
0.681198
0.674907
0.668233
0.661075
0.653272
0.644577
0.634544
0.622222
0.604739
0.403281
0.001460
0.000002
0.000000
0.000000
0.000000
0.000000
0.000000
0.000000
0.000000
0.000000
0.000000
0.000000
0.000000
0.000000
0.000000
0.000000
0.000000
0.000000
0.000000
0.000000
0.000000
0.000000
0.000000
0.000000
0.000000
0.000000
0.000000
0.000000
0.000000
0.000000
0.000000
0.000000
0.000000
0.000000
0.000000
0.000000
0.000000
0.000000
0.000000
0.000000
0.000000
0.000000
0.000000
0.000000
0.000000
0.000000
0.000000
0.000000
0.000000
0.000000
0.000000
0.000000
0.000000
0.000000
0.000000
0.000000
0.000000
0.000000
0.000000
0.000000
0.000000
0.000000
0.000000
0.000000
0.000000
0.000000
0.000000
0.000000
0.000000
0.000000
0.000000
0.000000
0.000000
0.000000
0.000000
0.000000
0.000000
0.000000
0.000000
0.000000
0.000000
0.000000
0.000000
0.000000
0.000000
0.000000
0.000000
0.000000
0.000000
0.000000
0.000000
0.000000
0.000000
0.000000
0.000000
0.000000
0.000000
0.000000
0.000000
0.000000
