-86.199997
-86.558876
-86.555008
-86.553261
-86.552254
-86.551491
-86.550026
-86.519974
-85.584030
-57.770992
20.174515
21.520739
20.387552
18.619345
16.980909
15.721011
14.863824
14.359299
14.138808
14.135310
14.290592
14.557346
14.898912
15.287931
15.704608
16.134916
16.568670
16.997890
17.416945
17.822094
18.210793
18.581238
18.932104
19.262403
19.571421
19.858664
20.123867
20.366987
20.588181
20.787802
20.966389
21.124628
21.263348
21.383472
21.486015
21.572035
21.642614
21.698860
21.741850
21.772640
21.792259
21.801672
21.801809
21.793524
21.777628
21.754860
21.725908
21.691391
21.651878
21.607893
21.559906
21.508333
21.453562
21.395922
21.335726
21.273235
21.208700
21.142326
21.074312
21.004826
20.934019
20.862017
20.788933
20.714878
20.639938
20.564198
20.487719
20.410563
20.332777
20.254412
20.175507
20.096094
20.016209
19.935869
19.855093
19.773909
19.692318
19.610340
19.527985
19.445263
19.362165
19.278713
19.194895
19.110729
19.026199
18.941313
18.856058
18.770452
18.684479
18.598131
18.511419
18.424316
18.336838
18.248959
18.160683
18.072002
17.982906
17.893391
17.803450
17.713074
17.622252
17.530979
17.439243
17.347033
17.254343
17.161165
17.067486
16.973297
16.878588
16.783348
16.687569
16.591236
16.494350
16.396889
16.298841
16.200199
16.100943
16.001070
15.900567
15.799421
15.697623
15.595157
15.492011
15.388173
15.283628
15.178364
15.072365
14.965617
14.858109
14.749822
14.640747
14.530869
14.420170
14.308637
14.196252
14.082999
13.968863
13.853827
13.737876
13.620988
13.503153
13.384351
13.264563
13.143772
13.021959
12.899105
12.775190
12.650192
12.524095
12.396879
12.268524
12.139009
12.008312
11.876411
11.743284
11.608909
11.473261
11.336316
11.198053
11.058451
10.917485
10.775128
10.631355
10.486141
10.339457
10.191278
10.041575
9.890325
9.737494
9.583062
9.426994
9.269262
9.109835
8.948677
8.785767
8.621064
8.454541
8.286161
8.115895
7.943710
7.769571
7.593447
7.415301
7.235096
7.052793
6.868355
6.681745
6.492922
6.301848
6.108482
5.912787
5.714718
5.514235
5.311291
5.105840
4.897837
4.687237
4.473993
4.258054
4.039369
3.817885
3.593553
3.366315
3.136117
2.902900
2.666600
2.427155
2.184497
1.938557
1.689261
1.436535
1.180296
0.920463
0.656946
0.389650
0.118478
-0.156677
-0.435925
-0.719384
-1.007179
-1.299444
-1.596316
-1.897951
-2.204503
-2.516144
-2.833052
-3.155423
-3.483451
-3.817351
-4.157349
-4.503687
-4.856618
-5.216405
-5.583334
-5.957692
-6.339792
-6.729954
-7.128516
-7.535835
-7.952271
-8.378207
-8.814036
-9.260161
-9.716999
-10.184978
-10.664535
-11.156117
-11.660168
-12.177149
-12.707518
-13.251740
-13.810281
-14.383595
-14.972149
-15.576401
-16.196802
-16.833801
-17.487854
-18.159405
-18.848911
-19.556826
-20.283627
-21.029787
-21.795813
-22.582247
-23.389673
-24.218714
-25.070074
-25.944525
-26.842939
-27.766310
-28.715742
-29.692438
-30.697514
-31.731745
-32.795372
-33.888096
-35.009239
-36.158054
-37.333836
-38.540562
-39.788902
-41.088699
-42.447849
-43.872982
-45.369797
-46.943241
-48.597168
-50.333874
-52.153152
-54.051270
-56.019974
-58.045643
-60.109043
-62.185898
-64.248390
-66.267448
-68.215294
-70.067711
-71.805817
-73.416779
-74.893921
-76.235977
-77.446060
-78.530548
-79.497925
-80.357704
-81.119781
-81.793777
-82.388657
-82.912651
-83.373062
-83.776512
-84.128899
-84.435524
-84.701233
-84.930450
-85.127266
-85.295464
-85.438560
-85.559753
-85.661995
-85.747940
-85.819977
-85.880188
-85.930435
-85.972305
-86.007172
-86.036217
-86.060448
-86.080734
-86.097710
-86.112030
-86.124161
-86.134499
-86.143402
-86.151108
-86.157875
-86.163864
-86.169220
-86.174049
-86.178444
-86.182579
-86.186386
-86.189980
-86.193405
-86.196648
-86.199730
-86.202782
-86.205795
-86.208672
-86.211487
-86.214302
-86.217056
-86.219833
-86.222580
-86.225281
-86.228035
-86.230736
-86.233376
-86.235954
-86.238556
-86.241135
-86.243584
-86.246094
-86.248711
-86.251244
-86.253723
-86.256180
-86.258652
-86.261093
-86.263542
-86.266006
-86.268333
-86.270737
-86.273102
-86.275421
-86.277710
-86.279945
-86.282173
-86.284409
-86.286636
-86.288841
-86.291077
-86.293243
-86.295425
-86.297539
-86.299675
-86.301788
-86.303886
-86.305939
-86.308052
-86.310181
-86.312248
-86.314194
-86.316147
-86.318108
-86.320061
-86.322090
-86.324036
-86.325943
-86.327850
-86.329704
-86.331520
-86.333359
-86.335121
-86.336861
-86.338646
-86.340408
-86.342201
-86.343925
-86.345589
-86.347298
-86.348930
-86.350624
-86.352264
-86.353951
-86.355568
-86.357147
-86.358749
-86.360390
-86.361992
-86.363548
-86.365074
-86.366600
-86.368126
-86.369652
-86.371132
-86.372643
-86.374146
-86.375641
-86.377029
-86.378448
-86.379707
-86.380852
-86.381912
-86.382950
-86.383965
-86.384926
-86.385902
-86.386749
-86.387634
-86.388412
-86.389191
-86.389915
-86.390587
-86.391273
-86.391922
-86.392540
-86.393173
-86.393761
-86.394325
-86.394852
-86.395370
-86.395912
-86.396347
-86.396812
-86.397263
-86.397682
-86.398125
-86.398590
-86.399033
-86.399445
-86.399910
-86.400345
-86.400749
-86.401054
-86.401405
-86.401840
-86.402267
-86.402649
-86.403015
-86.403351
-86.403732
-86.403999
-86.404228
-86.404533
-86.404655
-86.404823
-86.404854
-86.404854
-86.404854
-86.404877
-86.404877
-86.404877
-86.404877
-86.404877
-86.404877
-86.404877
-86.404877
-86.404877
-86.404877
-86.404877
-86.404877
-86.404877
-86.404877
-86.404877
-86.404877
-86.404877
-86.404877
-86.404877
-86.404877
-86.404877
-86.404877
-86.404877
-86.404877
-86.404877
-86.404877
-86.404877
-86.404877
-86.404877
-86.404877
-86.404877
-86.404877
-86.404877
-86.404877
-86.404877
-86.404877
-86.404877
-86.404877
-86.404877
-86.404877
-86.404877
-86.404877
-86.404877
-86.404877
-86.404877
-86.404877
-86.404877
-86.404877
-86.404877
-86.404877
-86.404877
-86.404877
-86.404877
-86.404877
-86.404877
-86.404877
-86.404877
-86.404877
-86.404877
-86.404877
-86.404877
-86.404877
-86.404877
-86.404877
-86.404877
-86.404869
-86.404869
-86.404869
-86.404869
-86.404869
-86.404869
-86.404861
-86.404861
-86.404854
-86.404846
-86.404839
-86.404831
-86.404823
-86.404816
-86.404808
-86.404800
-86.404793
-86.404785
-86.404785
-86.404785
-86.404785
-86.404778
-86.404770
-86.404762
-86.404762
-86.404755
-86.404747
-86.404739
-86.404732
-86.404724
-86.404716
-86.404716
-86.404709
-86.404701
-86.404694
-86.404686
-86.404686
-86.404678
-86.404671
-86.404671
-86.404663
-86.404655
-86.404648
-86.404648
-86.404640
-86.404633
-86.404633
-86.404625
-86.404625
-86.404617
-86.404610
-86.404610
-86.404602
-86.404602
-86.404594
-86.404594
-86.404587
-86.404587
-86.404579
-86.404579
-86.404572
-86.404572
-86.404564
-86.404564
-86.404556
-86.404556
-86.404549
-86.404549
-86.404541
-86.404541
-86.404541
-86.404541
-86.404541
-86.404541
-86.404541
-86.404541
-86.404541
-86.404541
-86.404541
-86.404541
-86.404541
-86.404541
-86.404541
-86.404541
-86.404541
-86.404533
-86.404533
-86.404533
-86.404526
-86.404526
-86.404526
-86.404526
-86.404518
-86.404518
-86.404518
-86.404518
-86.404510
-86.404510
-86.404510
-86.404510
-86.404503
-86.404503
-86.404503
-86.404503
-86.404503
-86.404495
-86.404495
-86.404495
-86.404495
-86.404495
-86.404488
-86.404488
-86.404488
-86.404488
-86.404488
-86.404480
-86.404480
-86.404480
-86.404480
-86.404480
-86.404472
-86.404472
-86.404472
-86.404472
-86.404472
-86.404472
-86.404472
-86.404465
-86.404465
-86.404465
-86.404465
-86.404465
-86.404465
-86.404457
-86.404457
-86.404457
-86.404457
-86.404457
-86.404457
-86.404457
-86.404457
-86.404449
-86.404449
-86.404449
-86.404449
-86.404449
-86.404449
-86.404449
-86.404449
-86.404449
-86.404449
-86.404449
-86.404449
-86.404449
-86.404449
-86.404449
-86.404449
-86.404449
-86.404449
-86.404442
-86.404442
-86.404442
-86.404442
-86.404442
-86.404442
-86.404442
-86.404442
-86.404442
-86.404442
-86.404442
-86.404442
-86.404434
-86.404434
-86.404434
-86.404434
-86.404434
-86.404434
-86.404434
-86.404434
-86.404434
-86.404434
-86.404434
-86.404434
-86.404434
-86.404427
-86.404427
-86.404427
-86.404427
-86.404427
-86.404427
-86.404427
-86.404427
-86.404427
-86.404427
-86.404427
-86.404427
-86.404427
-86.404427
-86.404427
-86.404427
-86.404427
-86.404419
-86.404419
-86.404419
-86.404419
-86.404419
-86.404419
-86.404419
-86.404419
-86.404419
-86.404419
-86.404419
-86.404419
-86.404419
-86.404419
-86.404419
-86.404419
-86.404419
-86.404419
-86.404419
-86.404419
-86.404419
-86.404411
-86.404411
-86.404411
-86.404411
-86.404411
-86.404411
-86.404411
-86.404411
-86.404411
-86.404411
-86.404411
-86.404411
-86.404411
-86.404411
-86.404411
-86.404411
-86.404411
-86.404411
-86.404411
-86.404411
-86.404411
-86.404411
-86.404411
-86.404411
-86.404411
-86.404411
-86.404411
-86.404411
-86.404411
-86.404411
-86.404404
-86.404404
-86.404404
-86.404404
-86.404404
-86.404404
-86.404404
-86.404404
-86.404404
-86.404404
-86.404404
-86.404404
-86.404404
-86.404404
-86.404404
-86.404404
-86.404404
-86.404404
-86.404404
-86.404404
-86.404404
-86.404404
-86.404404
-86.404404
-86.404404
-86.404404
-86.404404
-86.404404
-86.404404
-86.404404
-86.404404
-86.404404
-86.404404
-86.404404
-86.404404
-86.404404
-86.404404
-86.404404
-86.404404
-86.404404
-86.404404
-86.404404
-86.404404
-86.404404
-86.404404
-86.404404
-86.404404
-86.404404
-86.404404
-86.404404
-86.404396
-86.404396
-86.404396
-86.404396
-86.404396
-86.404396
-86.404396
-86.404396
-86.404396
-86.404396
-86.404396
-86.404396
-86.404396
-86.404396
-86.404396
-86.404396
-86.404396
-86.404396
-86.404396
-86.404396
-86.404396
-86.404396
-86.404396
-86.404396
-86.404396
-86.404396
-86.404396
-86.404396
-86.404396
-86.404396
-86.404396
-86.404396
-86.404396
-86.404396
-86.404396
-86.404396
-86.404396
-86.404396
-86.404396
-86.404396
-86.404396
-86.404396
-86.404396
-86.404396
-86.404396
-86.404396
-86.404396
-86.404396
-86.404396
-86.404396
-86.404396
-86.404396
-86.404396
-86.404396
-86.404396
-86.404396
-86.404396
-86.404396
-86.404396
-86.404396
-86.404396
-86.404396
-86.404396
-86.404396
-86.404396
-86.404396
-86.404396
-86.404396
-86.404396
-86.404396
-86.404396
-86.404396
-86.404396
-86.404396
-86.404396
-86.404396
-86.404396
-86.404396
-86.404396
-86.404396
-86.404396
-86.404396
-86.404396
-86.404396
-86.404396
-86.404396
-86.404396
-86.404396
-86.404396
-86.404396
-86.404396
-86.404396
-86.404396
-86.404396
-86.404396
-86.404396
-86.404396
-86.404396
-86.404396
-86.404396
-86.404396
-86.404396
-86.404396
-86.404396
-86.404396
-86.404396
-86.404396
-86.404396
-86.404396
-86.404396
-86.404396
-86.404396
-86.404396
-86.404396
-86.404396
-86.404396
-86.404396
-86.404396
-86.404396
-86.404396
-86.404396
-86.404396
-86.404396
-86.404396
-86.404396
-86.404396
-86.404396
-86.404396
-86.404396
-86.404396
-86.404396
-86.404396
-86.404396
-86.404396
-86.404396
-86.404396
-86.404396
-86.404396
-86.404396
-86.404396
-86.404396
-86.404396
-86.404396
-86.404396
-86.404396
-86.404320
-86.404121
-86.403107
-86.374893
-85.497101
-59.424191
19.908178
21.391357
20.210592
18.370518
16.698709
15.434845
14.590343
14.106279
13.908575
13.927130
14.102195
14.385850
14.741377
15.141644
15.567227
16.004517
16.443703
16.877193
17.299736
17.707859
18.099226
18.472172
18.825466
19.158180
19.469633
19.759352
20.027084
20.272764
20.496548
20.698761
20.879923
21.040703
21.181890
21.304409
21.409241
21.497433
21.570070
21.628233
21.673014
21.705469
21.726606
21.737408
21.738804
21.731653
21.716768
21.694897
21.666729
21.632900
21.593981
21.550507
21.502943
21.451721
21.397219
21.339792
21.279747
21.217358
21.152874
21.086512
21.018465
20.948912
20.877993
20.805853
20.732613
20.658369
20.583218
20.507233
20.430500
20.353071
20.275002
20.196337
20.117123
20.037382
19.957155
19.876463
19.795324
19.713764
19.631796
19.549427
19.466673
19.383541
19.300043
19.216169
19.131933
19.047335
18.962366
18.877043
18.791344
18.705284
18.618851
18.532038
18.444843
18.357273
18.269304
18.180939
18.092175
18.003000
17.913410
17.823389
17.732939
17.642046
17.550705
17.458902
17.366634
17.273893
17.180664
17.086943
16.992712
16.897970
16.802702
16.706898
16.610546
16.513638
16.416164
16.318108
16.219465
16.120216
16.020359
15.919870
15.818747
15.716969
15.614531
15.511416
15.407617
15.303115
15.197901
15.091960
14.985276
14.877838
14.769628
14.660625
14.550830
14.440218
14.328776
14.216492
14.103346
13.989326
13.874408
13.758583
13.641829
13.524130
13.405468
13.285828
13.165188
13.043536
12.920849
12.797109
12.672296
12.546388
12.419369
12.291214
12.161902
12.031417
11.899734
11.766837
11.632697
11.497296
11.360606
11.222607
11.083269
10.942572
10.800490
10.657001
10.512082
10.365705
10.217840
10.068463
9.917543
9.765058
9.610970
9.455256
9.297886
9.138833
8.978066
8.815551
8.651258
8.485154
8.317204
8.147380
7.975641
7.801960
7.626297
7.448623
7.268900
7.087092
6.903160
6.717066
6.528772
6.338239
6.145427
5.950295
5.752801
5.552903
5.350560
5.145727
4.938358
4.728407
4.515825
4.300564
4.082574
3.861805
3.638205
3.411716
3.182281
2.949846
2.714347
2.475722
2.233906
1.988829
1.740420
1.488603
1.233298
0.974423
0.711888
0.445604
0.175474
-0.098607
-0.376748
-0.659063
-0.945675
-1.236713
-1.532317
-1.832634
-2.137821
-2.448044
-2.763476
-3.084308
-3.410734
-3.742964
-4.081223
-4.425746
-4.776776
-5.134574
-5.499416
-5.871591
-6.251405
-6.639174
-7.035231
-7.439920
-7.853607
-8.276658
-8.709463
-9.152423
-9.605949
-10.070463
-10.546395
-11.034183
-11.534276
-12.047130
-12.573195
-13.112932
-13.666804
-14.235269
-14.818783
-15.417807
-16.032791
-16.664179
-17.312426
-17.977972
-18.661272
-19.362783
-20.082962
-20.822287
-21.581249
-22.360388
-23.160261
-23.981478
-24.824717
-25.690729
-26.580359
-27.494551
-28.434380
-29.401024
-30.395653
-31.419172
-32.471996
-33.553970
-34.664474
-35.802746
-36.968021
-38.161419
-39.392677
-40.672367
-42.008945
-43.409348
-44.879532
-46.424709
-48.049137
-49.755718
-51.545193
-53.415192
-55.359127
-57.365269
-59.416298
-61.489574
-63.558277
-65.593506
-67.566750
-69.452362
-71.229500
-72.883247
-74.404846
-75.791267
-77.044296
-78.169334
-79.174217
-80.068230
-80.861237
-81.563019
-82.182777
-82.728989
-83.209335
-83.630661
-83.999092
-84.320114
-84.598732
-84.839485
-85.046600
-85.223930
-85.375069
-85.503326
-85.611710
-85.702972
-85.779556
-85.843681
-85.897247
-85.941940
-85.979187
-86.010246
-86.036171
-86.057823
-86.075966
-86.091263
-86.104202
-86.115196
-86.124619
-86.132767
-86.139908
-86.146225
-86.151863
-86.156929
-86.161537
-86.165817
-86.169846
-86.173653
-86.177132
-86.180542
-86.183830
-86.186951
-86.189987
-86.192970
-86.195839
-86.198624
-86.201378
-86.204124
-86.206902
-86.209679
-86.212425
-86.215111
-86.217804
-86.220474
-86.223145
-86.225731
-86.228333
-86.230911
-86.233498
-86.236046
-86.238548
-86.241005
-86.243515
-86.246010
-86.248459
-86.250893
-86.253372
-86.255768
-86.258156
-86.260544
-86.262840
-86.265129
-86.267418
-86.269707
-86.271912
-86.274094
-86.276283
-86.278503
-86.280685
-86.282776
-86.284943
-86.287041
-86.289192
-86.291252
-86.293358
-86.295456
-86.297577
-86.299576
-86.301575
-86.303543
-86.305481
-86.307465
-86.309395
-86.311333
-86.313240
-86.315147
-86.317055
-86.318924
-86.320755
-86.322563
-86.324371
-86.326164
-86.327927
-86.329590
-86.331276
-86.333046
-86.334808
-86.336563
-86.338242
-86.339951
-86.341629
-86.343216
-86.344810
-86.346367
-86.348030
-86.349640
-86.351227
-86.352783
-86.354324
-86.355827
-86.357353
-86.358879
-86.360390
-86.361870
-86.363335
-86.364799
-86.366211
-86.367592
-86.369003
-86.370415
-86.371803
-86.373116
-86.374542
-86.375923
-86.377350
-86.378700
-86.379852
-86.381020
-86.382034
-86.382874
-86.383644
-86.384377
-86.384995
-86.385506
-86.386108
-86.386681
-86.387154
-86.387718
-86.388206
-86.388672
-86.389168
-86.389694
-86.390129
-86.390587
-86.391075
-86.391457
-86.391838
-86.392189
-86.392563
-86.392761
-86.392982
-86.393135
-86.393234
-86.393311
-86.393349
-86.393372
-86.393410
-86.393425
-86.393448
-86.393471
-86.393471
-86.393471
-86.393471
-86.393471
-86.393471
-86.393471
-86.393471
-86.393471
-86.393471
-86.393471
-86.393471
-86.393471
-86.393471
-86.393471
-86.393471
-86.393471
-86.393471
-86.393471
-86.393471
-86.393471
-86.393471
-86.393471
-86.393471
-86.393471
-86.393471
-86.393471
-86.393471
-86.393471
-86.393471
-86.393471
-86.393471
-86.393471
-86.393471
-86.393471
-86.393471
-86.393471
-86.393471
-86.393440
-86.393417
-86.393417
-86.393417
-86.393417
-86.393417
-86.393417
-86.393417
-86.393417
-86.393417
-86.393417
-86.393410
-86.393394
-86.393387
-86.393387
-86.393387
-86.393387
-86.393387
-86.393364
-86.393349
-86.393333
-86.393326
-86.393318
-86.393318
-86.393318
-86.393318
-86.393311
-86.393295
-86.393288
-86.393272
-86.393257
-86.393257
-86.393242
-86.393234
-86.393219
-86.393211
-86.393196
-86.393196
-86.393196
-86.393196
-86.393196
-86.393196
-86.393196
-86.393196
-86.393196
-86.393196
-86.393188
-86.393188
-86.393181
-86.393166
-86.393158
-86.393150
-86.393143
-86.393135
-86.393120
-86.393112
-86.393105
-86.393097
-86.393089
-86.393082
-86.393082
-86.393074
-86.393074
-86.393074
-86.393066
-86.393066
-86.393066
-86.393059
-86.393059
-86.393059
-86.393051
-86.393051
-86.393044
-86.393044
-86.393036
-86.393028
-86.393021
-86.393021
-86.393013
-86.393005
-86.393005
-86.392998
-86.392990
-86.392990
-86.392982
-86.392975
-86.392975
-86.392967
-86.392967
-86.392960
-86.392952
-86.392952
-86.392944
-86.392944
-86.392937
-86.392937
-86.392929
-86.392929
-86.392921
-86.392921
-86.392914
-86.392914
-86.392906
-86.392906
-86.392906
-86.392899
-86.392899
-86.392891
-86.392891
-86.392891
-86.392883
-86.392883
-86.392876
-86.392876
-86.392876
-86.392868
-86.392868
-86.392868
-86.392860
-86.392860
-86.392860
-86.392860
-86.392860
-86.392860
-86.392860
-86.392860
-86.392860
-86.392860
-86.392860
-86.392860
-86.392860
-86.392860
-86.392860
-86.392860
-86.392860
-86.392860
-86.392860
-86.392860
-86.392860
-86.392860
-86.392860
-86.392860
-86.392860
-86.392860
-86.392860
-86.392860
-86.392860
-86.392860
-86.392860
-86.392860
-86.392860
-86.392860
-86.392853
-86.392853
-86.392853
-86.392853
-86.392853
-86.392845
-86.392845
-86.392845
-86.392845
-86.392845
-86.392845
-86.392838
-86.392838
-86.392838
-86.392838
-86.392838
-86.392838
-86.392830
-86.392830
-86.392830
-86.392830
-86.392830
-86.392830
-86.392822
-86.392822
-86.392822
-86.392822
-86.392822
-86.392822
-86.392822
-86.392815
-86.392815
-86.392815
-86.392815
-86.392815
-86.392815
-86.392815
-86.392815
-86.392807
-86.392807
-86.392807
-86.392807
-86.392807
-86.392807
-86.392807
-86.392807
-86.392807
-86.392799
-86.392799
-86.392799
-86.392799
-86.392799
-86.392799
-86.392799
-86.392799
-86.392799
-86.392799
-86.392792
-86.392792
-86.392792
-86.392792
-86.392792
-86.392792
-86.392792
-86.392792
-86.392792
-86.392792
-86.392792
-86.392792
-86.392792
-86.392792
-86.392792
-86.392792
-86.392792
-86.392792
-86.392792
-86.392792
-86.392792
-86.392792
-86.392792
-86.392792
-86.392792
-86.392792
-86.392792
-86.392792
-86.392792
-86.392792
-86.392792
-86.392792
-86.392792
-86.392792
-86.392792
-86.392792
-86.392792
-86.392792
-86.392792
-86.392792
-86.392792
-86.392792
-86.392792
-86.392792
-86.392792
-86.392792
-86.392792
-86.392792
-86.392792
-86.392792
-86.392792
-86.392792
-86.392784
-86.392784
-86.392784
-86.392784
-86.392784
-86.392784
-86.392784
-86.392784
-86.392784
-86.392784
-86.392784
-86.392784
-86.392784
-86.392784
-86.392784
-86.392784
-86.392784
-86.392784
-86.392784
-86.392784
-86.392784
-86.392784
-86.392784
-86.392784
-86.392784
-86.392784
-86.392784
-86.392784
-86.392784
-86.392784
-86.392784
-86.392784
-86.392784
-86.392784
-86.392784
-86.392784
-86.392784
-86.392784
-86.392776
-86.392776
-86.392776
-86.392776
-86.392776
-86.392776
-86.392776
-86.392776
-86.392776
-86.392776
-86.392776
-86.392776
-86.392776
-86.392776
-86.392776
-86.392776
-86.392776
-86.392776
-86.392776
-86.392776
-86.392776
-86.392776
-86.392776
-86.392776
-86.392776
-86.392776
-86.392776
-86.392776
-86.392776
-86.392776
-86.392776
-86.392776
-86.392776
-86.392776
-86.392776
-86.392776
-86.392776
-86.392776
-86.392776
-86.392776
-86.392776
-86.392776
-86.392776
-86.392776
-86.392776
-86.392776
-86.392776
-86.392776
-86.392776
-86.392776
-86.392776
-86.392776
-86.392776
-86.392776
-86.392776
-86.392776
-86.392776
-86.392776
-86.392776
-86.392776
-86.392776
-86.392776
-86.392776
-86.392776
-86.392776
-86.392776
-86.392776
-86.392776
-86.392776
-86.392776
-86.392776
-86.392776
-86.392776
-86.392776
-86.392776
-86.392776
-86.392776
-86.392776
-86.392776
-86.392776
-86.392776
-86.392776
-86.392776
-86.392776
-86.392776
-86.392776
-86.392776
-86.392776
-86.392776
-86.392776
-86.392776
-86.392776
-86.392776
-86.392776
-86.392776
-86.392776
-86.392776
-86.392776
-86.392776
-86.392776
-86.392776
-86.392776
-86.392776
-86.392776
-86.392776
-86.392776
-86.392776
-86.392776
-86.392776
-86.392776
-86.392776
-86.392776
-86.392776
-86.392776
-86.392776
-86.392776
-86.392776
-86.392776
-86.392776
-86.392776
-86.392776
-86.392776
-86.392776
-86.392776
-86.392776
-86.392776
-86.392776
-86.392776
-86.392776
-86.392776
-86.392776
-86.392776
-86.392776
-86.392776
-86.392776
-86.392776
-86.392776
-86.392776
-86.392776
-86.392776
-86.392776
-86.392776
-86.392776
-86.392776
-86.392776
-86.392776
-86.392776
-86.392776
-86.392776
-86.392776
-86.392776
-86.392776
-86.392776
-86.392776
-86.392776
-86.392776
-86.392776
-86.392776
-86.392776
-86.392776
-86.392776
-86.392776
-86.392776
-86.392776
-86.392776
-86.392776
-86.392776
-86.392776
-86.392776
-86.392776
-86.392776
-86.392776
-86.392776
-86.392776
-86.392776
-86.392776
-86.392776
-86.392776
-86.392776
-86.392776
-86.392776
-86.392776
-86.392776
-86.392776
-86.391838
-86.363701
-85.487923
-59.524925
19.896338
21.372829
20.155104
18.288588
16.606682
15.342096
14.501295
14.022663
13.830772
13.854778
14.034559
14.322059
14.680549
15.082970
15.510003
15.948159
16.387796
16.821472
17.244028
17.652075
18.043318
18.416140
18.769337
19.101997
19.413456
19.703253
19.971123
20.217012
20.441057
20.643587
20.825111
20.986286
21.127895
21.250853
21.356136
21.444778
21.517843
21.576431
21.621605
21.654419
21.675886
21.686981
21.688637
21.681709
21.667025
21.645306
21.617264
21.583521
21.544661
21.501196
21.453623
21.402359
21.347797
21.290277
21.230120
21.167591
21.102945
21.036404
20.968161
20.898396
20.827250
20.754866
20.681364
20.606850
20.531422
20.455149
20.378111
20.300367
20.221973
20.142981
20.063423
19.983339
19.902761
19.821709
19.740208
19.658274
19.575930
19.493177
19.410040
19.326515
19.242607
19.158337
19.073689
18.988678
18.903296
18.817543
18.731417
18.644924
18.558048
18.470795
18.383160
18.295132
18.206709
18.117882
18.028646
17.938999
17.848923
17.758421
17.667479
17.576094
17.484253
17.391947
17.299170
17.205912
17.112160
17.017912
16.923151
16.827871
16.732059
16.635706
16.538799
16.441330
16.343287
16.244654
16.145424
16.045589
15.945135
15.844049
15.742321
15.639935
15.536878
15.433137
15.328699
15.223553
15.117688
15.011086
14.903734
14.795620
14.686728
14.577040
14.466545
14.355226
14.243065
14.130049
14.016164
13.901394
13.785717
13.669124
13.551593
13.433105
13.313645
13.193196
13.071735
12.949248
12.825714
12.701114
12.575429
12.448638
12.320723
12.191660
12.061430
11.930010
11.797379
11.663516
11.528397
11.392000
11.254302
11.115281
10.974908
10.833160
10.690012
10.545439
10.399415
10.251913
10.102910
9.952380
9.800291
9.646613
9.491323
9.334386
9.175775
9.015454
8.853399
8.689579
8.523957
8.356504
8.187184
8.015967
7.842815
7.667697
7.490576
7.311415
7.130177
6.946827
6.761328
6.573645
6.383737
6.191564
5.997084
5.800259
5.601044
5.399396
5.195273
4.988631
4.779425
4.567610
4.353135
4.135950
3.916002
3.693242
3.467613
3.239061
3.007527
2.772953
2.535274
2.294426
2.050344
1.802958
1.552193
1.297970
1.040209
0.778823
0.513721
0.244808
-0.028019
-0.304867
-0.585847
-0.871079
-1.160692
-1.454819
-1.753601
-2.057195
-2.365760
-2.679470
-2.998506
-3.323061
-3.653342
-3.989564
-4.331956
-4.680761
-5.036235
-5.398646
-5.768283
-6.145434
-6.530410
-6.923540
-7.325166
-7.735644
-8.155339
-8.584633
-9.023920
-9.473604
-9.934101
-10.405842
-10.889256
-11.384791
-11.892895
-12.414019
-12.948620
-13.497157
-14.060087
-14.637867
-15.230949
-15.839791
-16.464838
-17.106541
-17.765339
-18.441683
-19.136021
-19.848806
-20.580511
-21.331627
-22.102665
-22.894169
-23.706732
-24.541004
-25.397703
-26.277641
-27.181711
-28.110933
-29.066463
-30.049511
-31.061138
-32.101982
-33.172112
-34.270992
-35.397736
-36.551365
-37.731411
-38.944828
-40.202660
-41.514225
-42.886967
-44.327164
-45.840336
-47.431171
-49.103237
-50.858299
-52.695419
-54.609909
-56.592266
-58.627491
-60.694965
-62.769295
-64.821983
-66.823875
-68.747742
-70.570435
-72.274506
-73.848686
-75.287773
-76.591774
-77.764877
-78.814163
-79.748589
-80.577896
-81.312050
-81.960594
-82.532349
-83.035347
-83.476761
-83.863022
-84.199921
-84.492638
-84.745895
-84.964050
-85.151100
-85.310730
-85.446388
-85.561172
-85.657928
-85.739227
-85.807327
-85.864250
-85.911781
-85.951408
-85.984474
-86.012054
-86.035103
-86.054451
-86.070679
-86.084412
-86.096130
-86.106140
-86.114807
-86.122314
-86.128952
-86.134857
-86.140152
-86.144966
-86.149422
-86.153572
-86.157402
-86.161057
-86.164474
-86.167809
-86.170998
-86.174072
-86.177124
-86.180176
-86.183067
-86.185822
-86.188629
-86.191399
-86.194168
-86.196930
-86.199646
-86.202385
-86.205124
-86.207893
-86.210587
-86.213272
-86.215904
-86.218460
-86.221001
-86.223625
-86.226219
-86.228783
-86.231224
-86.233742
-86.236237
-86.238701
-86.241104
-86.243546
-86.245949
-86.248268
-86.250603
-86.252892
-86.255219
-86.257507
-86.259758
-86.261925
-86.264130
-86.266235
-86.268402
-86.270531
-86.272667
-86.274742
-86.276787
-86.278885
-86.280952
-86.283035
-86.285095
-86.287163
-86.289284
-86.291367
-86.293358
-86.295341
-86.297287
-86.299210
-86.301163
-86.303009
-86.304893
-86.306778
-86.308609
-86.310478
-86.312286
-86.314117
-86.315865
-86.317581
-86.319328
-86.321007
-86.322670
-86.324310
-86.326065
-86.327789
-86.329430
-86.331055
-86.332726
-86.334320
-86.335892
-86.337433
-86.339020
-86.340561
-86.342110
-86.343643
-86.345154
-86.346680
-86.348183
-86.349655
-86.351158
-86.352638
-86.354080
-86.355446
-86.356918
-86.358345
-86.359673
-86.360909
-86.362076
-86.363266
-86.364410
-86.365555
-86.366608
-86.367409
-86.368195
-86.368782
-86.369370
-86.369896
-86.370430
-86.370934
-86.371384
-86.371765
-86.372231
-86.372681
-86.373062
-86.373459
-86.373886
-86.374252
-86.374634
-86.375008
-86.375435
-86.375801
-86.376160
-86.376465
-86.376656
-86.376816
-86.376907
-86.376968
-86.377129
-86.377281
-86.377304
-86.377342
-86.377388
-86.377411
-86.377441
-86.377464
-86.377464
-86.377464
-86.377464
-86.377464
-86.377464
-86.377464
-86.377464
-86.377457
-86.377457
-86.377457
-86.377457
-86.377457
-86.377457
-86.377457
-86.377457
-86.377457
-86.377457
-86.377457
-86.377449
-86.377449
-86.377449
-86.377449
-86.377441
-86.377434
-86.377434
-86.377434
-86.377426
-86.377396
-86.377365
-86.377350
-86.377319
-86.377289
-86.377258
-86.377228
-86.377205
-86.377174
-86.377144
-86.377144
-86.377144
-86.377144
-86.377144
-86.377144
-86.377136
-86.377121
-86.377106
-86.377083
-86.377060
-86.377037
-86.377029
-86.377029
-86.377029
-86.377029
-86.377029
-86.377022
-86.377007
-86.376999
-86.376984
-86.376968
-86.376953
-86.376938
-86.376923
-86.376907
-86.376892
-86.376877
-86.376869
-86.376854
-86.376839
-86.376823
-86.376816
-86.376801
-86.376785
-86.376778
-86.376762
-86.376747
-86.376740
-86.376724
-86.376717
-86.376709
-86.376694
-86.376686
-86.376671
-86.376663
-86.376656
-86.376648
-86.376633
-86.376625
-86.376617
-86.376610
-86.376595
-86.376587
-86.376579
-86.376564
-86.376556
-86.376549
-86.376534
-86.376526
-86.376518
-86.376511
-86.376495
-86.376488
-86.376480
-86.376480
-86.376472
-86.376465
-86.376457
-86.376450
-86.376442
-86.376434
-86.376427
-86.376419
-86.376411
-86.376404
-86.376396
-86.376389
-86.376381
-86.376373
-86.376373
-86.376366
-86.376358
-86.376350
-86.376343
-86.376343
-86.376335
-86.376328
-86.376328
-86.376320
-86.376320
-86.376312
-86.376312
-86.376305
-86.376297
-86.376297
-86.376289
-86.376289
-86.376282
-86.376274
-86.376274
-86.376266
-86.376266
-86.376259
-86.376259
-86.376251
-86.376251
-86.376244
-86.376244
-86.376244
-86.376244
-86.376236
-86.376236
-86.376228
-86.376228
-86.376228
-86.376221
-86.376221
-86.376213
-86.376213
-86.376213
-86.376213
-86.376213
-86.376213
-86.376213
-86.376213
-86.376213
-86.376213
-86.376213
-86.376213
-86.376213
-86.376213
-86.376213
-86.376213
-86.376213
-86.376213
-86.376213
-86.376213
-86.376213
-86.376213
-86.376213
-86.376213
-86.376213
-86.376213
-86.376213
-86.376213
-86.376213
-86.376213
-86.376213
-86.376213
-86.376213
-86.376213
-86.376213
-86.376213
-86.376213
-86.376213
-86.376213
-86.376213
-86.376213
-86.376213
-86.376213
-86.376213
-86.376213
-86.376213
-86.376213
-86.376213
-86.376213
-86.376213
-86.376213
-86.376213
-86.376213
-86.376213
-86.376213
-86.376213
-86.376213
-86.376213
-86.376213
-86.376213
-86.376213
-86.376213
-86.376213
-86.376213
-86.376213
-86.376213
-86.376213
-86.376213
-86.376213
-86.376213
-86.376213
-86.376213
-86.376213
-86.376213
-86.376213
-86.376213
-86.376213
-86.376213
-86.376213
-86.376213
-86.376213
-86.376213
-86.376213
-86.376213
-86.376213
-86.376213
-86.376213
-86.376213
-86.376213
-86.376213
-86.376213
-86.376213
-86.376213
-86.376213
-86.376213
-86.376213
-86.376213
-86.376213
-86.376213
-86.376213
-86.376213
-86.376213
-86.376213
-86.376213
-86.376213
-86.376213
-86.376213
-86.376213
-86.376213
-86.376213
-86.376213
-86.376213
-86.376213
-86.376213
-86.376213
-86.376213
-86.376213
-86.376213
-86.376213
-86.376213
-86.376213
-86.376213
-86.376213
-86.376213
-86.376213
-86.376213
-86.376213
-86.376213
-86.376213
-86.376213
-86.376213
-86.376213
-86.376213
-86.376213
-86.376213
-86.376213
-86.376213
-86.376213
-86.376213
-86.376213
-86.376213
-86.376213
-86.376213
-86.376213
-86.376213
-86.376213
-86.376213
-86.376213
-86.376213
-86.376213
-86.376213
-86.376213
-86.376213
-86.376213
-86.376213
-86.376213
-86.376213
-86.376213
-86.376213
-86.376213
-86.376213
-86.376213
-86.376213
-86.376213
-86.376213
-86.376213
-86.376213
-86.376213
-86.376213
-86.376213
-86.376213
-86.376213
-86.376213
-86.376213
-86.376213
-86.376213
-86.376213
-86.376213
-86.376213
-86.376213
-86.376213
-86.376213
-86.376213
-86.376213
-86.376213
-86.376213
-86.376213
-86.376213
-86.376213
-86.376213
-86.376213
-86.376213
-86.376213
-86.376213
-86.376213
-86.376213
-86.376213
-86.376213
-86.376213
-86.376213
-86.376213
-86.376213
-86.376213
-86.376213
-86.376213
-86.376213
-86.376213
-86.376213
-86.376213
-86.376213
-86.376213
-86.376213
-86.376213
-86.376213
-86.376213
-86.376213
-86.376213
-86.376213
-86.376213
-86.376213
-86.376213
-86.376213
-86.376213
-86.376213
-86.376213
-86.376213
-86.376213
-86.376213
-86.376213
-86.376213
-86.376213
-86.376213
-86.376213
-86.376213
-86.376213
-86.376213
-86.376213
-86.376213
-86.376213
-86.376213
-86.376213
-86.376213
-86.376213
-86.376213
-86.376213
-86.376213
-86.376213
-86.376213
-86.376213
-86.376213
-86.376213
-86.376213
-86.376213
-86.376213
-86.376213
-86.376213
-86.376213
-86.376213
-86.376213
-86.376213
-86.376213
-86.376213
-86.376213
-86.376213
-86.376213
-86.376213
-86.376213
-86.376213
-86.376213
-86.376213
-86.376213
-86.376213
-86.376213
-86.376213
-86.376213
-86.376213
-86.376213
-86.376213
-86.376213
-86.376213
-86.376213
-86.376213
-86.376213
-86.376213
-86.376213
-86.376213
-86.376213
-86.376213
-86.376213
-86.376213
-86.376221
-86.376228
-86.376244
-86.376244
-86.376244
-86.376244
-86.376244
-86.376244
-86.376244
-86.376244
-86.376244
-86.376244
-86.376244
-86.376244
-86.376244
-86.376244
-86.376244
-86.376244
-86.376244
-86.376244
-86.376244
-86.376244
-86.376244
-86.376244
-86.376244
-86.376244
-86.376244
-86.376244
-86.376244
-86.376244
-86.376244
-86.376244
-86.376244
-86.376244
-86.376244
-86.376244
-86.376244
-86.376244
-86.376244
-86.376244
-86.376244
-86.376244
-86.376244
-86.376244
-86.376244
-86.376244
-86.376244
-86.376244
-86.376244
-86.376244
-86.376244
-86.376244
-86.376244
-86.376244
-86.376244
-86.376244
-86.376244
-86.376244
-86.376244
-86.376244
-86.376244
-86.376244
-86.376244
-86.376244
-86.376244
-86.376244
-86.376244
-86.376244
-86.376244
-86.376244
-86.376244
-86.376244
-86.376244
-86.376244
-86.376244
-86.376244
-86.375496
-86.347565
-85.475609
-59.672180
19.878119
21.355164
20.109663
18.220163
16.528028
15.261577
14.423321
13.949122
13.762104
13.790692
13.974438
14.265182
14.626200
15.030493
15.458830
15.897805
16.337904
16.771814
17.194447
17.602478
17.993658
18.366404
18.719542
19.052172
19.363647
19.653507
19.921505
20.167572
20.391851
20.594658
20.776493
20.938007
21.079990
21.203329
21.308994
21.398020
21.471472
21.530418
21.575937
21.609068
21.630829
21.642193
21.644073
21.637346
21.622820
21.601240
21.573305
21.539629
21.500805
21.457369
21.409773
21.358465
21.303835
21.246231
21.185963
21.123302
21.058510
20.991795
20.923363
20.853388
20.782026
20.709417
20.635670
20.560896
20.485193
20.408644
20.331316
20.253275
20.174576
20.095259
20.015375
19.934958
19.854038
19.772642
19.690790
19.608500
19.525785
19.442667
19.359148
19.275248
19.190960
19.106291
19.021246
18.935829
18.850040
18.763880
18.677340
18.590422
18.503126
18.415440
18.327366
18.238899
18.150030
18.060753
17.971064
17.880953
17.790419
17.699446
17.608028
17.516161
17.423828
17.331026
17.237749
17.143982
17.049725
16.954956
16.859673
16.763861
16.667517
16.570623
16.473171
16.375147
16.276545
16.177349
16.077547
15.977133
15.876086
15.774406
15.672074
15.569079
15.465410
15.361049
15.255982
15.150199
15.043684
14.936426
14.828411
14.719624
14.610049
14.499672
14.388478
14.276450
14.163576
14.049835
13.935210
13.819689
13.703258
13.585895
13.467585
13.348309
13.228048
13.106785
12.984501
12.861176
12.736794
12.611334
12.484775
12.357100
12.228286
12.098312
11.967157
11.834801
11.701218
11.566383
11.430279
11.292883
11.154170
11.014117
10.872700
10.729891
10.585665
10.439997
10.292857
10.144222
9.994064
9.842357
9.689071
9.534181
9.377652
9.219461
9.059576
8.897963
8.734590
8.569429
8.402447
8.233613
8.062890
7.890247
7.715650
7.539060
7.360443
7.179761
6.996981
6.812063
6.624970
6.435665
6.244108
6.050260
5.854082
5.655531
5.454564
5.251136
5.045203
4.836720
4.625638
4.411915
4.195500
3.976344
3.754393
3.529594
3.301892
3.071228
2.837543
2.600777
2.360866
2.117742
1.871335
1.621573
1.368382
1.111681
0.851386
0.587408
0.319653
0.048021
-0.227593
-0.507299
-0.791215
-1.079465
-1.372183
-1.669508
-1.971588
-2.278583
-2.590659
-2.907996
-3.230782
-3.559216
-3.893511
-4.233891
-4.580594
-4.933871
-5.293983
-5.661211
-6.035843
-6.418188
-6.808563
-7.207308
-7.614765
-8.031293
-8.457274
-8.893093
-9.339153
-9.795864
-10.263650
-10.742943
-11.234179
-11.737803
-12.254270
-12.784034
-13.327548
-13.885272
-14.457659
-15.045164
-15.648237
-16.267328
-16.902880
-17.555344
-18.225159
-18.912771
-19.618631
-20.343210
-21.086975
-21.850439
-22.634125
-23.438608
-24.264517
-25.112535
-25.983429
-26.878063
-27.797417
-28.742586
-29.714777
-30.715168
-31.744617
-32.803432
-33.891247
-35.007160
-36.150009
-37.318703
-38.516636
-39.754757
-41.043297
-42.390244
-43.802273
-45.285175
-46.844021
-48.482887
-50.204418
-52.008923
-53.893406
-55.850468
-57.867371
-59.925671
-62.001633
-64.067566
-66.094078
-68.052628
-69.918068
-71.670395
-73.295883
-74.786942
-76.141701
-77.362968
-78.456917
-79.432037
-80.297958
-81.064758
-81.742233
-82.339577
-82.865173
-83.326584
-83.730545
-84.083107
-84.389702
-84.655235
-84.884201
-85.080734
-85.248650
-85.391518
-85.512505
-85.614586
-85.700394
-85.772346
-85.832512
-85.882759
-85.924683
-85.959625
-85.988800
-86.013168
-86.033592
-86.050758
-86.065262
-86.077560
-86.088081
-86.097130
-86.105042
-86.111954
-86.118088
-86.123604
-86.128586
-86.133133
-86.137344
-86.141296
-86.145111
-86.148613
-86.152046
-86.155380
-86.158501
-86.161552
-86.164604
-86.167580
-86.170509
-86.173363
-86.176231
-86.179039
-86.181847
-86.184570
-86.187325
-86.190063
-86.192841
-86.195572
-86.198265
-86.200951
-86.203613
-86.206245
-86.208809
-86.211365
-86.213943
-86.216507
-86.218987
-86.221466
-86.223976
-86.226479
-86.228951
-86.231361
-86.233727
-86.236183
-86.238602
-86.240929
-86.243233
-86.245529
-86.247803
-86.249985
-86.252167
-86.254341
-86.256485
-86.258575
-86.260635
-86.262825
-86.264984
-86.267105
-86.269264
-86.271278
-86.273300
-86.275314
-86.277397
-86.279434
-86.281395
-86.283379
-86.285332
-86.287292
-86.289268
-86.291191
-86.293137
-86.295013
-86.296883
-86.298729
-86.300575
-86.302315
-86.304008
-86.305832
-86.307655
-86.309387
-86.311081
-86.312851
-86.314545
-86.316277
-86.317894
-86.319527
-86.321220
-86.322838
-86.324425
-86.326027
-86.327667
-86.329247
-86.330833
-86.332436
-86.334023
-86.335571
-86.337067
-86.338509
-86.339928
-86.341362
-86.342873
-86.344238
-86.345398
-86.346542
-86.347595
-86.348473
-86.349236
-86.349922
-86.350548
-86.351151
-86.351639
-86.352165
-86.352638
-86.353081
-86.353546
-86.353989
-86.354362
-86.354790
-86.355225
-86.355675
-86.356026
-86.356407
-86.356804
-86.357216
-86.357620
-86.358040
-86.358383
-86.358681
-86.359085
-86.359474
-86.359856
-86.360153
-86.360313
-86.360458
-86.360565
-86.360687
-86.360710
-86.360710
-86.360710
-86.360710
-86.360710
-86.360710
-86.360710
-86.360710
-86.360695
-86.360695
-86.360695
-86.360695
-86.360695
-86.360695
-86.360695
-86.360695
-86.360695
-86.360695
-86.360695
-86.360695
-86.360672
-86.360634
-86.360611
-86.360573
-86.360565
-86.360565
-86.360542
-86.360527
-86.360527
-86.360527
-86.360527
-86.360527
-86.360527
-86.360519
-86.360489
-86.360489
-86.360451
-86.360443
-86.360420
-86.360382
-86.360344
-86.360313
-86.360283
-86.360252
-86.360229
-86.360214
-86.360184
-86.360153
-86.360130
-86.360100
-86.360069
-86.360039
-86.360016
-86.359993
-86.359962
-86.359940
-86.359909
-86.359886
-86.359856
-86.359840
-86.359818
-86.359802
-86.359779
-86.359756
-86.359741
-86.359726
-86.359718
-86.359703
-86.359680
-86.359673
-86.359665
-86.359657
-86.359642
-86.359627
-86.359604
-86.359589
-86.359573
-86.359558
-86.359550
-86.359543
-86.359535
-86.359528
-86.359512
-86.359505
-86.359489
-86.359474
-86.359459
-86.359451
-86.359436
-86.359436
-86.359436
-86.359436
-86.359436
-86.359436
-86.359436
-86.359436
-86.359436
-86.359436
-86.359428
-86.359421
-86.359421
-86.359413
-86.359406
-86.359398
-86.359383
-86.359375
-86.359367
-86.359360
-86.359352
-86.359344
-86.359337
-86.359329
-86.359322
-86.359314
-86.359306
-86.359299
-86.359299
-86.359291
-86.359283
-86.359276
-86.359268
-86.359268
-86.359268
-86.359268
-86.359261
-86.359261
-86.359261
-86.359261
-86.359261
-86.359261
-86.359253
-86.359253
-86.359253
-86.359253
-86.359245
-86.359245
-86.359238
-86.359230
-86.359230
-86.359222
-86.359215
-86.359215
-86.359207
-86.359200
-86.359200
-86.359192
-86.359192
-86.359184
-86.359184
-86.359177
-86.359177
-86.359169
-86.359169
-86.359161
-86.359161
-86.359154
-86.359154
-86.359146
-86.359146
-86.359138
-86.359138
-86.359131
-86.359131
-86.359131
-86.359123
-86.359123
-86.359116
-86.359116
-86.359116
-86.359108
-86.359108
-86.359100
-86.359100
-86.359100
-86.359093
-86.359093
-86.359093
-86.359085
-86.359085
-86.359085
-86.359085
-86.359077
-86.359077
-86.359077
-86.359070
-86.359070
-86.359070
-86.359070
-86.359062
-86.359062
-86.359062
-86.359062
-86.359055
-86.359055
-86.359055
-86.359055
-86.359055
-86.359055
-86.359055
-86.359055
-86.359055
-86.359055
-86.359055
-86.359055
-86.359055
-86.359055
-86.359055
-86.359055
-86.359055
-86.359055
-86.359055
-86.359055
-86.359055
-86.359055
-86.359055
-86.359055
-86.359055
-86.359055
-86.359055
-86.359055
-86.359055
-86.359055
-86.359055
-86.359055
-86.359055
-86.359055
-86.359055
-86.359055
-86.359055
-86.359055
-86.359055
-86.359055
-86.359055
-86.359055
-86.359055
-86.359055
-86.359055
-86.359055
-86.359055
-86.359055
-86.359055
-86.359055
-86.359055
-86.359055
-86.359055
-86.359055
-86.359055
-86.359055
-86.359055
-86.359055
-86.359055
-86.359055
-86.359055
-86.359055
-86.359055
-86.359055
-86.359055
-86.359055
-86.359055
-86.359055
-86.359055
-86.359055
-86.359055
-86.359055
-86.359055
-86.359055
-86.359055
-86.359055
-86.359055
-86.359055
-86.359055
-86.359055
-86.359055
-86.359055
-86.359055
-86.359055
-86.359055
-86.359055
-86.359055
-86.359055
-86.359055
-86.359055
-86.359055
-86.359055
-86.359055
-86.359055
-86.359055
-86.359055
-86.359055
-86.359055
-86.359055
-86.359055
-86.359055
-86.359055
-86.359055
-86.359055
-86.359055
-86.359055
-86.359055
-86.359055
-86.359055
-86.359055
-86.359055
-86.359055
-86.359055
-86.359055
-86.359055
-86.359055
-86.359055
-86.359055
-86.359055
-86.359055
-86.359055
-86.359055
-86.359055
-86.359055
-86.359055
-86.359055
-86.359055
-86.359055
-86.359055
-86.359055
-86.359055
-86.359055
-86.359055
-86.359055
-86.359055
-86.359055
-86.359055
-86.359055
-86.359055
-86.359055
-86.359055
-86.359055
-86.359055
-86.359055
-86.359055
-86.359055
-86.359055
-86.359055
-86.359055
-86.359055
-86.359055
-86.359055
-86.359055
-86.359055
-86.359055
-86.359055
-86.359055
-86.359055
-86.359055
-86.359055
-86.359055
-86.359055
-86.359055
-86.359055
-86.359055
-86.359055
-86.359055
-86.359055
-86.359055
-86.359055
-86.359055
-86.359055
-86.359055
-86.359055
-86.359055
-86.359055
-86.359055
-86.359055
-86.359055
-86.359055
-86.359055
-86.359055
-86.359055
-86.359055
-86.359055
-86.359055
-86.359055
-86.359055
-86.359055
-86.359055
-86.359055
-86.359055
-86.359055
-86.359055
-86.359055
-86.359055
-86.359055
-86.359055
-86.359055
-86.359055
-86.359055
-86.359055
-86.359055
-86.359055
-86.359055
-86.359055
-86.359055
-86.359055
-86.359055
-86.359055
-86.359055
-86.359055
-86.359055
-86.359055
-86.359055
-86.359055
-86.359055
-86.359055
-86.359055
-86.359055
-86.359055
-86.359055
-86.359055
-86.359055
-86.359055
-86.359055
-86.359055
-86.359055
-86.359055
-86.359055
-86.359055
-86.359055
-86.359055
-86.359055
-86.359055
-86.359055
-86.359055
-86.359055
-86.359055
-86.359055
-86.359055
-86.359055
-86.359055
-86.359055
-86.359055
-86.359055
-86.359055
-86.359055
-86.359055
-86.359055
-86.359055
-86.359055
-86.359055
-86.359055
-86.359055
-86.359055
-86.359055
-86.359055
-86.359055
-86.359055
-86.359055
-86.359055
-86.359055
-86.359055
-86.359055
-86.359055
-86.359055
-86.359055
-86.359055
-86.359055
-86.359055
-86.359055
-86.359055
-86.359055
-86.359055
-86.359055
-86.359055
-86.359055
-86.359055
-86.359055
-86.359055
-86.359055
-86.359055
-86.359055
-86.359055
-86.359055
-86.359055
-86.359055
-86.359055
-86.359055
-86.359055
-86.359055
-86.359055
-86.359055
-86.359055
-86.359055
-86.359055
-86.359055
-86.359055
-86.359055
-86.359055
-86.359055
-86.359055
-86.359055
-86.359055
-86.359055
-86.359055
-86.359055
-86.359055
-86.359055
-86.359055
-86.359055
-86.359055
-86.359055
-86.359055
-86.359055
-86.359055
-86.359055
-86.359055
-86.359055
-86.359055
-86.359055
-86.359055
-86.359055
-86.359055
-86.359055
-86.359055
-86.359055
-86.359055
-86.359055
-86.359055
