-86.199997
-85.540138
-85.264053
-85.181396
-85.201210
-85.274612
-85.372871
-85.480217
-85.585075
-85.684677
-85.776817
-85.858902
-85.932312
-85.999290
-86.058662
-85.944374
-60.929325
17.974251
16.325399
15.575873
16.840355
18.473190
19.850805
20.849712
21.473051
21.781401
21.856272
21.772890
21.588436
21.341480
21.056160
20.746746
20.421318
20.084236
19.737576
19.382376
19.018848
18.646782
18.265759
17.874914
17.473829
17.061695
16.637362
16.200216
15.749115
15.282943
14.800594
14.300866
13.782461
13.243983
12.683884
12.100574
11.492369
10.857462
10.193913
9.499692
8.772594
8.010252
7.210117
6.369363
5.484804
4.552739
3.568677
2.526999
1.420461
0.239470
-1.028829
-2.401726
-3.902345
-5.561333
-7.418719
-9.525258
-11.942237
-14.737959
-17.979086
-21.717581
-25.982195
-30.787762
57.334812
22.603428
10.386897
3.972819
-1.118171
-6.052037
-11.314526
-17.153690
-23.648897
-30.773857
-38.481022
-46.806160
-55.717991
-64.340370
-71.544785
-76.824074
-80.396439
-82.723961
-84.202278
-85.110031
-85.643005
-85.906090
-85.664200
-83.232368
-72.069519
-5.088727
-8.899429
6.257288
9.810251
10.792858
11.897173
13.032992
14.015718
14.784087
15.331614
15.676516
15.847219
15.874529
15.787226
15.609832
15.362010
15.058774
14.711209
14.327214
13.912252
13.469946
13.002537
12.511266
11.996627
11.458560
10.896583
10.309895
9.697437
9.057974
8.390085
7.692165
6.962451
6.198994
5.399633
4.561891
3.682862
2.758975
1.785776
0.757553
-0.333102
-1.495861
-2.743366
-4.092090
-5.563224
-7.183719
-8.987114
-11.013755
-13.309635
-15.923039
-18.899015
-22.273972
-26.075588
-30.331600
-35.075294
-40.250610
-46.150787
-53.062649
-60.764603
-68.284348
-74.439201
-78.823647
-81.732117
-83.607155
-84.783447
-85.490662
-85.895355
-86.098091
-85.991661
-84.023010
-68.221352
-13.880096
-5.088689
9.308739
11.604161
11.944942
12.635641
13.483211
14.261924
14.878258
15.305693
15.551322
15.638024
15.593760
15.445358
15.215653
14.922577
14.579521
14.196048
13.778749
13.331973
12.858434
12.359645
11.836226
11.288169
10.714973
10.115806
9.489532
8.834785
8.150015
7.433469
6.683192
5.896963
5.072229
4.206010
3.294721
2.333887
1.317727
0.238682
-0.913250
-2.151308
-3.493030
-4.961328
-6.585736
-8.403382
-10.459122
-12.803850
-15.490051
-18.564947
-22.064697
-26.015617
-30.444368
-35.379463
-40.798077
-47.041332
-54.242382
-61.962593
-69.162544
-74.905777
-78.998001
-81.752724
-83.561401
-84.717110
-85.417831
-85.768394
-85.530159
-82.555511
-64.663025
-21.371281
-15.930630
-2.834944
8.335443
10.544598
11.483721
12.411448
13.291835
14.039597
14.610463
14.994845
15.205133
15.264724
15.200130
15.036209
14.793898
14.489652
14.135795
13.741171
13.311913
12.852089
12.364226
11.849717
11.309108
10.742337
10.148857
9.527775
8.877898
8.197803
7.485835
6.740108
5.958437
5.138291
4.276639
3.369815
2.413212
1.400889
0.325015
-0.824815
-2.062465
-3.406283
-4.880335
-6.515707
-8.351375
-10.434177
-12.816735
-15.552440
-18.688469
-22.260502
-26.295210
-30.820459
-35.864838
-41.433392
-47.869019
-55.185379
-62.830032
-69.774986
-75.239265
-79.133209
-81.775391
-83.527611
-84.656242
-85.327103
-85.531235
-84.451096
-77.217056
-58.495934
-25.676258
-17.224375
-5.565584
6.474659
9.526413
10.902797
12.008385
12.969057
13.766567
14.377609
14.797446
15.038801
15.124702
15.081529
14.934397
14.704774
14.409761
14.062313
13.671841
13.244949
12.786049
12.297971
11.782306
11.239742
10.670321
10.073575
9.448649
8.794374
8.109312
7.391798
6.639893
5.851353
5.023528
4.153227
3.236546
2.268538
1.242778
0.150755
-1.018887
-2.281268
-3.656388
-5.170479
-6.857207
-8.758451
-10.923753
-13.407412
-16.262676
-19.534538
-23.256083
-27.453550
-32.156979
-37.391602
-43.217892
-49.977856
-57.493931
-65.022659
-71.539680
-76.491051
-79.961037
-82.304008
-83.852623
-84.836319
-85.367485
-85.209892
-82.533554
-67.263504
-24.651031
-28.734322
-15.495932
-2.909625
6.612199
9.373762
10.868384
12.046405
13.019480
13.801262
14.385716
14.777002
14.992154
15.055791
14.994445
14.832641
14.591065
14.286066
13.929938
13.531595
13.097259
12.631070
12.135633
11.612391
11.061922
10.484172
9.878586
9.244251
8.579939
7.884139
7.155111
6.390824
5.588893
4.746508
3.860209
2.925748
1.937656
0.888797
-0.230349
-1.432439
-2.734295
-4.158147
-5.732932
-7.495393
-9.490481
-11.769988
-14.388591
-17.397169
-20.836224
-24.735113
-29.120491
-34.024151
-39.444046
-45.616085
-52.709160
-60.342815
-67.593742
-73.543106
-77.904282
-80.909279
-82.924065
-84.243385
-85.055412
-85.390099
-84.624977
-79.290314
-62.513603
-21.216105
-23.426523
-12.557795
1.337921
7.410489
9.713933
11.149389
12.292810
13.224841
13.955729
14.485301
14.823771
14.992056
15.016335
14.923013
14.735661
14.473699
14.152203
13.782401
13.372312
12.927490
12.451575
11.946793
11.414304
10.854478
10.267096
9.651494
9.006640
8.331219
7.623633
6.882042
6.104305
5.287887
4.429763
3.526192
2.572526
1.562721
0.488831
-0.659720
-1.896987
-3.241635
-4.718195
-6.358333
-8.201772
-10.296128
-12.694700
-15.451377
-18.613579
-22.217203
-26.289150
-30.857763
-35.953148
-41.588821
-48.103706
-55.466709
-63.084534
-69.938171
-75.303093
-79.126076
-81.727257
-83.458519
