-86.199997
-85.338226
-84.945053
-84.777618
-84.732452
-84.754707
-84.813316
-84.890266
-84.974541
-85.059769
-85.142937
-85.222282
-85.296684
-85.366135
-85.423256
-84.048332
11.827613
16.916777
15.429840
15.792918
17.173826
18.693525
20.013235
21.028730
21.724747
22.135370
22.317188
22.328671
22.219378
22.026869
21.777721
21.489929
21.175344
20.841520
20.493198
20.133112
19.762913
19.383335
18.994602
18.596649
18.189116
17.771515
17.343109
16.903101
16.450813
15.985189
15.505333
15.010182
14.498595
13.969398
13.421345
12.853074
12.263183
11.650169
11.012496
10.348511
9.656420
8.934454
8.180617
7.392871
6.568910
5.706265
4.802129
3.853174
2.855378
1.803815
0.692298
-0.487214
-1.745145
-3.094942
-4.553794
-6.143503
-7.891020
-9.829004
-11.995438
-14.432096
-17.181881
-20.285332
70.029839
43.255653
27.311636
18.259201
12.122065
7.210312
2.841840
-1.345679
-5.599545
-10.116977
-15.059690
-20.550385
-26.684961
-33.571228
-41.327057
-50.159672
-59.663433
-68.424309
-75.093231
-79.522171
-82.269531
-83.912743
-84.856796
-85.375290
-85.651108
-85.795395
-85.839188
-85.210655
-76.033073
-5.647275
-8.959159
2.592494
8.062691
10.056232
11.412201
12.610377
13.664208
14.549962
15.250859
15.765566
16.106169
16.293032
16.349661
16.298882
16.160810
15.952129
15.686094
15.372912
15.020276
14.633865
14.217787
13.774872
13.307041
12.815481
12.300788
11.763116
11.202294
10.617876
10.009158
9.375255
8.715187
8.027830
7.311922
6.566071
5.788758
4.978284
4.132685
3.249670
2.326463
1.359661
0.345045
-0.722685
-1.850213
-3.045907
-4.320171
-5.685813
-7.158348
-8.756234
-10.500898
-12.416461
-14.529016
-16.865532
-19.452871
-22.317923
-25.490271
-29.008741
-32.932373
-37.335613
-42.229626
-48.034042
-55.022388
-62.982677
-70.626617
-76.489372
-80.321053
-82.657402
-84.042236
-84.838882
-85.283104
-85.527596
-85.664459
-85.744995
-85.794281
-85.788879
-84.952576
-67.451553
-10.894571
5.197120
10.023766
11.223913
12.198914
13.251753
14.249221
15.106694
15.786769
16.281601
16.601561
16.766949
16.801785
16.729551
16.570980
16.343159
16.059591
15.730605
15.363830
14.964819
14.537490
14.084472
13.607441
13.107359
12.584600
12.039100
11.470481
10.878080
10.261016
9.618241
8.948525
8.250525
7.522764
6.763665
5.971477
5.144212
4.279593
3.374967
2.427130
1.432141
0.385019
-0.720550
-1.892533
-3.140975
-4.478448
-5.920511
-7.486089
-9.197685
-11.081288
-13.165812
-15.481805
-18.060041
-20.930759
-24.125242
-27.682198
-31.658951
-36.136536
-41.135242
-47.045879
-54.205696
-62.390591
-70.247963
-76.267815
-80.201118
-82.598274
-84.017380
-84.831993
-85.284729
-85.532417
-85.668968
-85.733841
-85.564987
-81.818977
-3.682556
-8.242064
3.713451
8.768142
10.459072
11.679210
12.822434
13.844769
14.702010
15.373845
15.859687
16.172621
16.333441
16.365654
16.291941
16.132259
15.903100
15.617559
15.285647
14.914856
14.510661
14.076915
13.616241
13.130341
12.620156
12.086082
11.528083
10.945780
10.338475
9.705295
9.045216
8.357032
7.639382
6.890804
6.109665
5.294113
4.442005
3.550865
2.617700
1.638832
0.609661
-0.475646
-1.624503
-2.846264
-4.152650
-5.558165
-7.080537
-8.740992
-10.564150
-12.577717
-14.811481
-17.295822
-20.060688
-23.136522
-26.558950
-30.378588
-34.672054
-39.476200
-45.040745
-51.783382
-59.706413
-67.811440
-74.465660
-79.012283
-81.843636
-83.546364
-84.543869
-85.110222
-85.424782
-85.599274
-85.686630
-85.536850
-81.791023
-2.912849
-10.064170
1.493070
7.339047
9.512180
10.983024
12.262844
13.372069
14.295403
15.023920
15.560650
15.919286
16.120398
16.187323
16.142902
16.007595
15.798546
15.529504
15.211124
14.851477
14.456504
14.030476
13.576362
13.096128
12.590927
12.061334
11.507464
10.929034
10.325459
9.695971
9.039622
8.355269
7.641617
6.897258
6.120597
5.309833
4.462897
3.577375
2.650356
1.678244
0.656601
-0.420236
-1.559446
-2.770075
-4.063454
-5.453614
-6.957675
-8.596179
-10.392987
-12.374999
-14.571283
-17.011585
-19.725349
-22.742392
-26.096935
-29.836567
-34.033714
-38.738636
-44.128819
-50.644958
-58.376781
-66.523369
-73.467865
-78.342010
-81.417160
-83.280174
-84.380798
-85.011597
-85.364479
-85.560867
-85.667381
-85.634987
-84.166245
-61.409595
-16.305347
-3.425234
5.614100
8.717764
10.390794
11.762511
12.958205
13.969618
14.785090
15.403300
15.834557
16.097822
16.216318
16.213871
16.112335
15.930480
15.683524
15.383373
15.039104
14.657473
14.243378
13.800248
13.330412
12.835327
12.315771
11.772021
11.203918
10.610990
9.992550
9.347699
8.675368
7.974308
7.243143
6.480358
5.684242
4.852836
3.983883
3.074702
2.122010
1.121765
0.068861
-1.043179
-2.222553
-3.479561
-4.827027
-6.280707
-7.859672
-9.586411
-11.486667
-13.588764
-15.922457
-18.517488
-21.403318
-24.611526
-28.182514
-32.177040
-36.675468
-41.710957
-47.709381
-54.954071
-63.116081
-70.780724
-76.565460
-80.333305
-82.637535
-84.009026
-84.802071
-85.247238
-85.493736
-85.629883
-85.683922
-85.426910
-81.507469
-50.222374
-10.508088
1.588350
7.573020
9.699409
11.124637
12.387764
13.494642
14.419131
15.147470
15.681291
16.034510
16.228510
16.287533
16.235132
16.092205
15.876164
15.600859
15.276953
14.912433
14.513153
14.083301
13.625739
13.142335
