-86.199997
-85.361198
-85.013199
-84.888756
-84.877800
-84.924683
-84.999443
-85.085098
-85.173286
-85.258904
-85.340050
-85.416016
-85.486435
-85.551155
-85.607864
-85.100746
27.039368
16.640461
14.430811
14.796814
16.450644
18.219130
19.724621
20.868773
21.637865
22.074646
22.251621
22.243418
22.111275
21.899342
21.636868
21.342203
21.026447
20.695988
20.354441
20.003662
19.644457
19.277016
18.901045
18.516312
18.122217
17.718115
17.303104
16.876509
16.437349
15.984704
15.517503
15.034682
14.535060
14.017360
13.480267
12.922345
12.342061
11.737732
11.107676
10.450050
9.762963
9.044373
8.292080
7.503744
6.676874
5.808628
4.895761
3.934541
2.920434
1.847759
0.709172
-0.504970
-1.807324
-3.214506
-4.748253
-6.436470
-8.314321
-10.424759
-12.817722
-15.547127
-18.665398
-22.218006
66.173241
32.624023
17.885063
10.414627
5.042158
0.375829
-4.143877
-8.846323
-13.966481
-19.663528
-26.032776
-33.165585
-41.171848
-50.354496
-60.336533
-69.447357
-76.160378
-80.447144
-83.008522
-84.474068
-85.266197
-85.671074
-85.871941
-85.966263
-85.891792
-83.841934
-64.544022
-13.499700
0.572287
9.047074
10.683100
11.626371
12.708697
13.797373
14.761662
15.537363
16.105745
16.475952
16.672016
16.723358
16.658791
16.503340
16.277191
15.995838
15.670707
15.310012
14.919496
14.502999
14.063019
13.601017
13.117727
12.613299
12.087492
11.539728
10.969194
10.374886
9.755620
9.110118
8.436938
7.734544
7.001297
6.235409
5.434916
4.597634
3.721008
2.802032
1.837058
0.821517
-0.250337
-1.385734
-2.594009
-3.886963
-5.279381
-6.789607
-8.439944
-10.256833
-12.270534
-14.514151
-17.021852
-19.827085
-22.962765
-26.465614
-30.387075
-34.808052
-39.745937
-45.483303
-52.518585
-60.857449
-69.255035
-75.852318
-80.149994
-82.730751
-84.228020
-85.060822
-85.503838
-85.734795
-85.856575
-85.907646
-85.627716
-78.690590
-14.616903
1.768869
9.572633
10.749543
11.511908
12.537423
13.601375
14.551224
15.319965
15.886849
16.258144
16.455318
16.506275
16.439243
16.279238
16.046686
15.757385
15.423000
15.051934
14.649985
14.221056
13.767593
13.291016
12.791941
12.270445
11.726151
11.158367
10.566147
9.948320
9.303576
8.630424
7.927264
7.192343
6.423747
5.619372
4.776824
3.893332
2.965631
1.989688
0.960451
-0.128504
-1.285402
-2.520797
-3.848198
-5.284636
-6.851404
-8.574463
-10.484644
-12.617080
-15.009583
-17.700378
-20.726320
-24.124840
-27.942488
-32.250240
-37.134773
-42.683392
-49.462421
-57.627064
-66.268623
-73.557343
-78.589104
-81.721024
-83.595627
-84.681602
-85.284111
-85.606300
-85.764725
-85.703194
-83.881081
-60.998417
-10.823085
3.383094
8.853598
10.010386
11.065372
12.255873
13.376539
14.329073
15.077608
15.618291
15.965900
16.145149
16.184135
16.109882
15.945788
15.710850
15.419737
15.083387
14.709729
14.304277
13.870817
13.411732
12.928448
12.421586
11.891258
11.337082
10.758399
10.154266
9.523537
8.864896
8.176848
7.457784
6.705898
5.919220
5.095541
4.232298
3.326479
2.374445
1.371619
0.312224
-0.811163
-2.008016
-3.290543
-4.674249
-6.178588
-7.827484
-9.649750
-11.678834
-13.951591
-16.506216
-19.380178
-22.610525
-26.239639
-30.328323
-34.965862
-40.208664
-46.460300
-54.089233
-62.664146
-70.609253
-76.539528
-80.394737
-82.761650
-84.174103
-84.986504
-85.434662
-85.664322
-85.672379
-84.521080
-72.254517
-16.895069
-3.004920
6.567513
8.552106
9.744557
11.141018
12.485951
13.628195
14.537386
15.216752
15.683846
15.964581
16.088196
16.083378
15.975656
15.786288
15.532136
15.226059
14.877623
14.493708
14.079133
13.637120
13.169724
12.678085
12.162680
11.623462
11.059984
10.471520
9.857064
9.215446
8.545287
7.845082
7.113164
6.347676
5.546585
4.707551
3.827845
2.904235
1.932711
0.908231
-0.175601
-1.327037
-2.556635
-3.877888
-5.307860
-6.867810
-8.583701
-10.486229
-12.610361
-14.993660
-17.674107
-20.688871
-24.076740
-27.886988
-32.193504
-37.087975
-42.686920
-49.522907
-57.669151
-66.172089
-73.323494
-78.314178
-81.470871
-83.392937
-84.529434
-85.175262
-85.525169
-85.670723
-85.348251
-81.178383
-41.370365
-10.451980
2.376470
7.135089
8.400597
9.715816
11.243649
12.646873
13.789817
14.665098
15.296504
15.714411
15.951097
16.038105
16.004131
15.873640
15.666570
15.398483
15.081180
14.723364
14.331285
13.909298
13.460308
12.986124
12.487701
11.965400
11.419070
10.848207
10.252004
9.629414
8.979229
8.300033
7.590274
6.848242
6.072039
5.259546
4.408313
3.515466
2.577540
1.590214
0.548063
-0.555908
-1.730605
-2.987491
-4.341156
-5.809956
-7.416590
-9.188522
-11.157873
-13.360556
-15.834377
-18.617157
-21.746349
-25.263365
-29.224657
-33.714573
-38.804531
-44.773624
-52.077518
-60.507404
-68.727478
-75.174835
-79.494263
-82.185463
-83.811821
-84.763390
-85.297623
-85.577454
-85.623322
-84.650223
-74.295517
-17.644758
-6.721661
3.554508
6.729354
8.395369
10.010591
11.557366
12.897986
13.979214
14.801963
15.387934
15.766654
15.970367
16.030375
15.974702
15.826955
15.606121
15.326923
15.000444
14.634829
14.235903
13.807667
13.352801
12.872905
12.368818
11.840764
11.288531
10.711539
10.108929
9.479627
8.822354
8.135687
7.418028
6.667632
5.882541
5.060565
4.199149
3.295311
2.345359
1.344729
0.287620
