-86.199997
-86.408089
-86.407890
-86.407837
-86.407829
-86.407829
-86.406921
-86.377129
-85.441872
-57.552345
20.529867
22.130304
20.735184
18.559923
16.646210
15.246601
14.345340
13.857424
13.689382
13.757213
13.991277
14.336808
14.752620
15.208990
15.685296
16.167698
16.647089
17.116974
17.572733
18.011486
18.431374
18.831099
19.209673
19.566319
19.900408
20.211481
20.499245
20.763618
21.004711
21.222824
21.418468
21.592329
21.745241
21.878168
21.992174
22.088367
22.167933
22.232044
22.281883
22.318596
22.343302
22.357061
22.360878
22.355701
22.342405
22.321804
22.294638
22.261587
22.223270
22.180250
22.133030
22.082058
22.027742
21.970444
21.910494
21.848167
21.783728
21.717396
21.649368
21.579828
21.508923
21.436785
21.363539
21.289286
21.214115
21.138111
21.061338
20.983856
20.905710
20.826954
20.747627
20.667755
20.587370
20.506489
20.425140
20.343330
20.261076
20.178392
20.095287
20.011763
19.927828
19.843483
19.758726
19.673561
19.587990
19.502007
19.415609
19.328798
19.241566
19.153908
19.065819
18.977299
18.888336
18.798925
18.709061
18.618738
18.527941
18.436666
18.344904
18.252645
18.159891
18.066626
17.972841
17.878531
17.783678
17.688276
17.592319
17.495789
17.398685
17.300989
17.202694
17.103790
17.004265
16.904110
16.803312
16.701860
16.599745
16.496948
16.393459
16.289265
16.184353
16.078712
15.972333
15.865200
15.757301
15.648622
15.539144
15.428858
15.317746
15.205797
15.092994
14.979322
14.864767
14.749312
14.632946
14.515647
14.397399
14.278187
14.157992
14.036796
13.914582
13.791334
13.667039
13.541673
13.415212
13.287642
13.158945
13.029097
12.898077
12.765867
12.632447
12.497792
12.361895
12.224716
12.086238
11.946441
11.805296
11.662784
11.518881
11.373561
11.226801
11.078575
10.928860
10.777629
10.624853
10.470508
10.314563
10.156991
9.997766
9.836859
9.674241
9.509881
9.343750
9.175821
9.006062
8.834435
8.660913
8.485461
8.308047
8.128641
7.947206
7.763711
7.578116
7.390390
7.200496
7.008397
6.814055
6.617430
6.418488
6.217187
6.013491
5.807359
5.598748
5.387616
5.173921
4.957619
4.738667
4.517017
4.292622
4.065433
3.835400
3.602471
3.366594
3.127712
2.885767
2.640698
2.392443
2.140934
1.886103
1.627878
1.366180
1.100930
0.832038
0.559417
0.282968
0.002588
-0.281833
-0.570412
-0.863278
-1.160563
-1.462411
-1.768971
-2.080411
-2.396905
-2.718642
-3.045820
-3.378653
-3.717360
-4.062180
-4.413362
-4.771180
-5.135918
-5.507871
-5.887360
-6.274709
-6.670264
-7.074387
-7.487452
-7.909855
-8.341995
-8.784297
-9.237185
-9.701102
-10.176497
-10.663826
-11.163552
-11.676138
-12.202046
-12.741743
-13.295683
-13.864321
-14.448099
-15.047450
-15.662797
-16.294548
-16.943096
-17.608829
-18.292124
-18.993357
-19.712894
-20.451111
-21.208406
-21.985182
-22.781891
-23.599018
-24.437117
-25.296818
-26.178831
-27.083996
-28.013294
-28.967817
-29.948692
-30.956724
-31.992012
-33.053802
-34.140690
-35.250996
-36.383312
-37.536648
-38.720852
-39.951485
-41.239815
-42.594101
-44.021423
-45.528099
-47.119709
-48.800686
-50.573475
-52.437378
-54.387112
-56.411594
-58.493156
-60.607655
-62.725834
-64.815819
-66.846107
-68.788521
-70.620407
-72.325821
-73.895546
-75.326553
-76.620804
-77.783958
-78.824181
-79.751030
-80.574532
-81.304581
-81.950439
-82.520691
-83.023010
-83.464249
-83.850563
-84.187508
-84.480118
-84.733101
-84.950768
-85.137161
-85.296013
-85.430794
-85.544678
-85.640526
-85.720924
-85.788155
-85.844299
-85.891075
-85.929985
-85.962364
-85.989304
-86.011765
-86.030540
-86.046249
-86.059486
-86.070679
-86.080238
-86.088417
-86.095512
-86.101677
-86.107155
-86.112061
-86.116478
-86.120491
-86.124229
-86.127663
-86.130867
-86.133926
-86.136879
-86.139626
-86.142334
-86.145004
-86.147675
-86.150284
-86.152786
-86.155220
-86.157654
-86.160004
-86.162331
-86.164650
-86.166977
-86.169281
-86.171570
-86.173859
-86.176125
-86.178391
-86.180603
-86.182762
-86.184898
-86.186981
-86.189056
-86.191010
-86.192917
-86.194862
-86.196770
-86.198685
-86.200630
-86.202538
-86.204445
-86.206352
-86.208260
-86.210167
-86.212074
-86.213982
-86.215866
-86.217613
-86.219368
-86.221107
-86.222824
-86.224541
-86.226204
-86.227890
-86.229553
-86.231224
-86.232857
-86.234398
-86.235939
-86.237503
-86.239059
-86.240364
-86.237595
-86.173393
-85.157631
-69.244926
10.916412
17.270287
18.555309
17.478983
15.791079
14.257173
13.100723
12.335774
11.908229
11.748723
11.791460
11.980360
12.270346
12.626661
13.023453
13.442080
13.869411
14.295919
14.714841
15.121907
15.514488
15.890978
16.250368
16.592016
16.915476
17.220438
17.506666
17.774036
18.022491
18.252085
18.462955
18.655363
18.829659
18.986294
19.125811
19.248831
19.356043
19.448191
19.526047
19.590412
19.642096
19.681919
19.710682
19.729168
19.738129
19.738306
19.730385
19.715025
19.692839
19.664398
19.630247
19.590874
19.546741
19.498260
19.445826
19.389780
19.330442
19.268105
19.203024
19.135441
19.065573
18.993601
18.919704
18.844040
18.766745
18.687939
18.607737
18.526232
18.443514
18.359661
18.274740
18.188810
18.101925
18.014139
17.925482
17.835985
17.745695
17.654629
17.562801
17.470236
17.376955
17.282970
17.188282
17.092909
16.996857
16.900122
16.802704
16.704617
16.605854
16.506411
16.406292
16.305487
16.203989
16.101795
15.998896
15.895284
15.790955
15.685895
15.580099
15.473555
15.366254
15.258181
15.149331
15.039686
14.929234
14.817966
14.705867
14.592920
14.479116
14.364441
14.248877
14.132410
14.015025
13.896706
13.777437
13.657203
13.535986
13.413768
13.290531
13.166261
13.040936
12.914540
12.787053
12.658453
12.528727
12.397851
12.265808
12.132578
11.998137
11.862464
11.725539
11.587339
11.447843
11.307027
11.164869
11.021350
10.876441
10.730120
10.582365
10.433146
10.282437
10.130220
9.976463
9.821141
9.664231
9.505705
9.345534
9.183690
9.020145
8.854873
8.687840
8.519023
8.348387
8.175907
8.001548
7.825283
7.647077
7.466898
7.284718
7.100502
6.914217
6.725831
6.535309
6.342617
6.147722
5.950586
5.751174
5.549449
5.345376
5.138917
4.930035
4.718688
4.504841
4.288451
4.069475
3.847871
3.623597
3.396608
3.166857
2.934297
2.698879
2.460552
2.219263
1.974951
1.727563
1.477038
1.223312
0.966316
0.705979
0.442226
0.174977
-0.095852
-0.370353
-0.648619
-0.930755
-1.216868
-1.507075
-1.801500
-2.100274
-2.403539
-2.711443
-3.024147
-3.341820
-3.664644
-3.992810
-4.326524
-4.666004
-5.011480
-5.363194
-5.721406
-6.086385
-6.458420
-6.837802
-7.224849
-7.619886
-8.023254
-8.435308
-8.856421
-9.286982
-9.727365
-10.177984
-10.639254
-11.111593
-11.595439
-12.091223
-12.599388
-13.120375
-13.654622
-14.202574
-14.764668
-15.341332
-15.932993
-16.540066
-17.162954
-17.802069
-18.457798
-19.130529
-19.820648
-20.528545
-21.254606
-21.999241
-22.762873
-23.545961
-24.349012
-25.172565
-26.017252
-26.883764
-27.772915
-28.685621
-29.622959
-30.586151
-31.576651
-32.596104
-33.646385
-34.728909
-35.841389
-36.972862
-38.109673
-39.269375
-40.470310
-41.724293
-43.040096
-44.425087
-45.886082
-47.429665
-49.062119
-50.788921
-52.613922
-54.537895
-56.556740
-58.659412
-60.826263
-63.028526
-65.229668
-67.388870
-69.465927
-71.426025
-73.243019
-74.900948
-76.393631
-77.723099
-78.897316
-79.928047
-80.828819
-81.613411
-82.294991
-82.885452
-83.395348
-83.833946
-84.209396
-84.528984
-84.799316
-85.026505
-85.216232
-85.373672
-85.503593
-85.610298
-85.697548
-85.768715
-85.826630
-85.873718
-85.911995
-85.943184
-85.968628
-85.989471
-86.006676
-86.020950
-86.032921
-86.042976
-86.051643
-86.059120
-86.065620
-86.071373
-86.076546
-86.081261
-86.085579
-86.089600
-86.093369
-86.096985
-86.100403
-86.103722
-86.106888
-86.109940
-86.112991
-86.116028
-86.118805
-86.121475
-86.124146
-86.126816
-86.129486
-86.132156
-86.134827
-86.137497
-86.140167
-86.142815
-86.145386
-86.147888
-86.150360
-86.152718
-86.155144
-86.157494
-86.159782
-86.162071
-86.164360
-86.166649
-86.168938
-86.171219
-86.173500
-86.175789
-86.178024
-86.180214
-86.182388
-86.184471
-86.186516
-86.188492
-86.190407
-86.192329
-86.194252
-86.196175
-86.198082
-86.199989
-86.201897
-86.203804
-86.205711
-86.207619
-86.209526
-86.211433
-86.213341
-86.215248
-86.217094
-86.218819
-86.220512
-86.222191
-86.223877
-86.225533
-86.227127
-86.228767
-86.230362
-86.231941
-86.233551
-86.235107
-86.236664
-86.238190
-86.239716
-86.241241
-86.242767
-86.244293
-86.245819
-86.247345
-86.248871
-86.250397
-86.251923
-86.253448
-86.254906
-86.256226
-86.257126
-86.250458
-86.098610
-83.144295
-28.872171
16.739063
19.359781
18.687298
16.899721
15.146851
13.784931
12.859930
12.318562
12.084074
12.081975
12.248232
12.531128
12.890713
13.297266
13.729443
14.172391
14.615854
15.052388
15.477116
15.887083
16.280508
16.656300
17.013744
17.352350
17.671741
17.971642
18.251852
18.512274
18.752914
18.973896
19.175451
19.357946
19.521843
19.667725
19.796251
19.908167
20.004274
20.085413
20.152460
20.206293
20.247801
20.277845
20.297283
20.306927
20.307560
20.299929
20.284729
20.262617
20.234200
20.200045
20.160669
20.116560
20.068142
20.015818
19.959951
19.900875
19.838879
19.774233
19.707178
19.637932
19.566681
19.493608
19.418867
19.342590
19.264902
19.185921
19.105728
19.024418
18.942064
18.858734
18.774488
18.689373
18.603436
18.516708
18.429239
18.341043
18.252146
18.162575
18.072340
17.981462
17.889956
17.797823
17.705069
17.611706
17.517738
17.423164
17.327978
17.232185
17.135786
17.038773
16.941149
16.842901
16.744024
16.644518
16.544367
16.443571
16.342113
16.239990
16.137196
16.033718
15.929538
15.824653
15.719052
15.612720
15.505649
15.397825
15.289237
15.179866
15.069703
14.958735
14.846948
14.734326
14.620857
14.506523
14.391312
14.275208
14.158188
14.040245
13.921362
13.801523
13.680709
13.558902
13.436083
13.312234
13.187341
13.061382
12.934342
12.806197
12.676932
12.546526
12.414958
12.282207
12.148252
12.013076
11.876653
11.738965
11.599987
11.459696
11.318073
11.175095
11.030729
10.884962
10.737766
10.589114
10.438985
10.287350
10.134186
9.979465
9.823164
9.665252
9.505698
9.344481
9.181569
9.016935
8.850553
8.682389
8.512417
8.340605
8.166918
7.991331
7.813809
7.634323
7.452839
7.269323
7.083744
6.896069
6.706263
6.514290
6.320116
6.123704
5.925022
5.724030
5.520694
5.314973
5.106830
4.896224
4.683115
4.467465
4.249228
4.028363
3.804824
3.578570
3.349552
3.117723
2.883031
2.645424
2.404849
2.161253
1.914573
1.664750
1.411718
1.155411
0.895757
0.632682
0.366103
0.095935
-0.177911
-0.455531
-0.737029
-1.022512
-1.312097
-1.605908
-1.904077
-2.206744
-2.514061
-2.826186
-3.143291
-3.465559
-3.793182
-4.126366
-4.465330
-4.810305
-5.161533
-5.519273
-5.883797
-6.255394
-6.634359
-7.021009
-7.415671
-7.818687
-8.230417
-8.651234
-9.081521
-9.521672
-9.972087
-10.433184
-10.905390
-11.389138
-11.884865
-12.393009
-12.914011
-13.448311
-13.996349
-14.558557
-15.135363
-15.727190
-16.334452
-16.957548
-17.596876
-18.252819
-18.925766
-19.616089
-20.324171
-21.050398
-21.795170
-22.558914
-23.342085
-24.145174
-24.968744
-25.813404
-26.679865
-27.568943
-28.481564
-29.418806
-30.381931
-31.372393
-32.391796
-33.441387
-34.520668
-35.625900
-36.749741
-37.884415
-39.043587
-40.245071
-41.500443
-42.818253
-44.205765
-45.669689
-47.216446
-48.851990
-50.581226
-52.407108
-54.329113
-56.341545
-58.431713
-60.578766
-62.753735
-64.921379
-67.043640
-69.083954
-71.011177
-72.802170
-74.442795
-75.927444
-77.257637
-78.440186
-79.485306
-80.405022
-81.211800
-81.917694
-82.533844
-83.070198
-83.535568
-83.937782
-84.283783
-84.579842
-84.831734
-85.044807
-85.224014
-85.373878
-85.498596
-85.601929
-85.687233
-85.757439
-85.815117
-85.862442
-85.901253
-85.933105
-85.959312
-85.980949
-85.998871
-86.013809
-86.026352
-86.036972
-86.046051
-86.053902
-86.060722
-86.066727
-86.072121
-86.076950
-86.081390
-86.085518
-86.089355
-86.092941
-86.096375
-86.099716
-86.102867
-86.105942
-86.108986
-86.111992
-86.114861
-86.117531
-86.120193
-86.122864
-86.125534
-86.128204
-86.130875
-86.133522
-86.136185
-86.138809
-86.141289
-86.143761
-86.146240
-86.148705
-86.150993
-86.153297
-86.155586
-86.157875
-86.160164
-86.162453
-86.164742
-86.167030
-86.169304
-86.171494
-86.173737
-86.175972
-86.178131
-86.180206
-86.182182
-86.184166
-86.186081
-86.187988
-86.189896
-86.191803
-86.193710
-86.195618
-86.197517
-86.199425
-86.201332
-86.203239
-86.205147
-86.207039
-86.208946
-86.210808
-86.212540
-86.214233
-86.215881
-86.217491
-86.219109
-86.220764
-86.222389
-86.224014
-86.225616
-86.227196
-86.228745
-86.230293
-86.231827
-86.233360
-86.234886
-86.236412
-86.237938
-86.239464
-86.240990
-86.242516
-86.244034
-86.245018
-86.239304
-86.111443
-83.720734
-40.661366
15.926836
19.078650
18.677959
16.963835
15.200201
13.801355
12.835809
12.257942
11.993110
11.966898
12.114608
12.383634
12.733091
13.132408
13.559500
13.998911
14.439966
14.874929
15.298658
15.708021
16.101141
16.476856
16.834448
17.173403
17.493351
17.794020
18.075220
18.336847
18.578892
18.801458
19.004766
19.189148
19.355053
19.503017
19.633688
19.747768
19.846046
19.929331
19.998486
20.054365
20.097839
20.129763
20.150980
20.162289
20.164480
20.158283
20.144403
20.123493
20.096163
20.062977
20.024467
19.981110
19.933344
19.881577
19.826176
19.767473
19.705767
19.641331
19.574415
19.505236
19.433994
19.360865
19.286011
19.209568
19.131666
19.052416
18.971918
18.890259
18.807518
18.723764
18.639059
18.553452
18.466995
18.379725
18.291676
18.202869
18.113344
18.023125
17.932219
17.840649
17.748428
17.655556
17.562052
17.467913
17.373150
17.277761
17.181749
17.085112
16.987852
16.889961
16.791435
16.692274
16.592464
16.492010
16.390896
16.289114
16.186663
16.083527
15.979694
15.875164
15.769924
15.663960
15.557260
15.449814
15.341607
15.232630
15.122869
15.012311
14.900944
14.788752
14.675717
14.561833
14.447078
14.331440
14.214906
14.097458
13.979078
13.859752
13.739464
13.618195
13.495926
13.372646
13.248330
13.122964
12.996529
12.869004
12.740373
12.610615
12.479711
12.347640
12.214380
12.079914
11.944219
11.807273
11.669051
11.529536
11.388707
11.246535
11.103001
10.958076
10.811739
10.663969
10.514736
10.364020
10.211793
10.058029
9.902700
9.745782
9.587248
9.427065
9.265212
9.101658
8.936374
8.769332
8.600503
8.429855
8.257360
8.082986
7.906701
7.728477
7.548280
7.366075
7.181830
6.995517
6.807101
6.616543
6.423812
6.228871
6.031686
5.832220
5.630436
5.426296
5.219764
5.010801
4.799368
4.585423
4.368925
4.149833
3.928105
3.703693
3.476555
3.246641
3.013906
2.778299
2.539769
2.298260
2.053715
1.806075
1.555279
1.301261
1.043954
0.783283
0.519173
0.251543
-0.019690
-0.294621
-0.573348
-0.855974
-1.142611
-1.433375
-1.728392
-2.027796
-2.331730
-2.640348
-2.953809
-3.272289
-3.595969
-3.925047
-4.259729
-4.600239
-4.946807
-5.299683
-5.659123
-6.025408
-6.398822
-6.779669
-7.168269
-7.564950
-7.970058
-8.383953
-8.807007
-9.239602
-9.682138
-10.135024
-10.598674
-11.073510
-11.559965
-12.058478
-12.569483
-13.093424
-13.630739
-14.181866
-14.747237
-15.327277
-15.922405
-16.533030
-17.159555
-17.802374
-18.461863
-19.138411
-19.832394
-20.544199
-21.274208
-22.022825
-22.790487
-23.577648
-24.384825
-25.212568
-26.061525
-26.932417
-27.826082
-28.743473
-29.685703
-30.654058
-31.650034
-32.675293
-33.731133
-34.816818
-35.927620
-37.054401
-38.191063
-39.356659
-40.567101
-41.833153
-43.163044
-44.563847
-46.042236
-47.604584
-49.256756
-51.003510
-52.847435
-54.787437
-56.816917
-58.921982
-61.080311
-63.261452
-65.428932
-67.543983
-69.570122
-71.476830
-73.242226
-74.853622
-76.306915
-77.604950
-78.755676
-79.770096
-80.660721
-81.440285
-82.120903
-82.713676
-83.228432
-83.673912
-84.057793
-84.386963
-84.667686
-84.905708
-85.106300
-85.274422
-85.414551
-85.530777
-85.626793
-85.705826
-85.770729
-85.823952
-85.867561
-85.903313
-85.932678
-85.956833
-85.976776
-85.993355
-86.007210
-86.018921
-86.028854
-86.037422
-86.044830
-86.051308
-86.057068
-86.062286
-86.067009
-86.071373
-86.075432
-86.079247
-86.082825
-86.086258
-86.089615
-86.092796
-86.095848
-86.098892
-86.101921
-86.104805
-86.107491
-86.110161
-86.112831
-86.115501
-86.118172
-86.120842
-86.123512
-86.126183
-86.128853
-86.131432
-86.134094
-86.136696
-86.139175
-86.141571
-86.143913
-86.146271
-86.148560
-86.150848
-86.153137
-86.155426
-86.157715
-86.160004
-86.162292
-86.164581
-86.166794
-86.168999
-86.171089
-86.173149
-86.175156
-86.177109
-86.179047
-86.180984
-86.182892
-86.184799
-86.186707
-86.188614
-86.190521
-86.192429
-86.194336
-86.196243
-86.198151
-86.200058
-86.201965
-86.203873
-86.205673
-86.207413
-86.209061
-86.210724
-86.212440
-86.214073
-86.215698
-86.217346
-86.218987
-86.220573
-86.222115
-86.223656
-86.225182
-86.226707
-86.228233
-86.229759
-86.231285
-86.232811
-86.234337
-86.235863
-86.237389
-86.238480
-86.232536
-86.098442
-83.565498
-37.625950
16.150553
19.138502
18.632820
16.886127
15.124044
13.738649
12.789097
12.226201
11.974129
11.958220
12.113940
12.388984
12.742823
13.145221
13.574392
14.015133
14.456960
14.892300
15.316137
15.725431
16.118355
16.493799
16.851046
17.189610
17.509132
17.809336
18.090050
18.351152
18.592653
18.814651
19.017389
19.201183
19.366491
19.513863
19.643936
19.757431
19.855127
19.937849
20.006453
20.061796
20.104752
20.136175
20.156910
20.167759
20.169506
20.162889
20.148609
20.127312
20.099611
20.066076
20.027227
19.983547
19.935474
19.883415
19.827728
19.768749
19.706779
19.642092
19.574930
19.505510
19.434036
19.360683
19.285608
19.208950
19.130838
19.051378
18.970676
18.888817
18.805880
18.721933
18.637035
18.551243
18.464594
18.377132
18.288900
18.199911
18.110209
18.019808
17.928724
17.836971
17.744566
17.651520
17.557835
17.463514
17.368574
17.273005
17.176819
17.080000
16.982557
16.884489
16.785782
16.686438
16.586452
16.485813
16.384520
16.282558
16.179920
16.076603
15.972589
15.867874
15.762448
15.656296
15.549409
15.441773
15.333379
15.224211
15.114258
15.003507
14.891943
14.779559
14.666329
14.552248
14.437297
14.321462
14.204724
14.087073
13.968491
13.848962
13.728468
13.606992
13.484518
13.361028
13.236502
13.110927
12.984280
12.856543
12.727695
12.597721
12.466599
12.334307
12.200828
12.066135
11.930215
11.793040
11.654593
11.514848
11.373782
11.231378
11.087603
10.942445
10.795873
10.647857
10.498380
10.347415
10.194936
10.040916
9.885334
9.728157
9.569361
9.408919
9.246801
9.082982
8.917429
8.750115
8.581011
8.410087
8.237312
8.062657
7.886086
7.707572
7.527080
7.344581
7.160041
6.973426
6.784702
6.593838
6.400795
6.205541
6.008037
5.808249
5.606140
5.401673
5.194809
4.985509
4.773737
4.559450
4.342608
4.123167
3.901083
3.676314
3.448813
3.218533
2.985426
2.749439
2.510523
2.268623
2.023683
1.775641
1.524434
1.269998
1.012265
0.751160
0.486607
0.218522
-0.053179
-0.328587
-0.607801
-0.890927
-1.178076
-1.469368
-1.764930
-2.064895
-2.369411
-2.678628
-2.992712
-3.311835
-3.636185
-3.965955
-4.301358
-4.642614
-4.989957
-5.343638
-5.703919
-6.071074
-6.445395
-6.827185
-7.216765
-7.614467
-8.020638
-8.435641
-8.859844
-9.293637
-9.737414
-10.191583
-10.656559
-11.132772
-11.620651
-12.120632
-12.633151
-13.158644
-13.697553
-14.250309
-14.817347
-15.399085
-15.995945
-16.608332
-17.236639
-17.881260
-18.542578
-19.220970
-19.916817
-20.630489
-21.362389
-22.112915
-22.882502
-23.671616
-24.480766
-25.310520
-26.161535
-27.034540
-27.930386
-28.850046
-29.794651
-30.765509
-31.764137
-32.792191
-33.850746
-34.938580
-36.050449
-37.176853
-38.314445
-39.483231
-40.698311
-41.969978
-43.306274
-44.714180
-46.200306
-47.770973
-49.431927
-51.187695
-53.040497
-54.988659
-57.024803
-59.134129
-61.293419
-63.471523
-65.631699
-67.735435
-69.746918
-71.636696
-73.383995
-74.977135
-76.412796
-77.694420
-78.830231
-79.831398
-80.710396
-81.479858
-82.151772
-82.737022
-83.245331
-83.685310
-84.064545
-84.389809
-84.667290
-84.902649
-85.101143
-85.267563
-85.406395
-85.521660
-85.616997
-85.695518
-85.760109
-85.813141
-85.856644
-85.892372
-85.921722
-85.945930
-85.965942
-85.982605
-85.996536
-86.008316
-86.018349
-86.026947
-86.034424
-86.041031
-86.046921
-86.052200
-86.056984
-86.061401
-86.065536
-86.069420
-86.073067
-86.076546
-86.079964
-86.083191
-86.086273
-86.089340
-86.092392
-86.095390
-86.098312
-86.101097
-86.103767
-86.106438
-86.109108
-86.111778
-86.114449
-86.117119
-86.119789
-86.122459
-86.125092
-86.127663
-86.130257
-86.132721
-86.135139
-86.137520
-86.139893
-86.142181
-86.144470
-86.146759
-86.149048
-86.151337
-86.153625
-86.155914
-86.158195
-86.160461
-86.162712
-86.164894
-86.166924
-86.168976
-86.170929
-86.172867
-86.174774
-86.176682
-86.178589
-86.180496
-86.182404
-86.184311
-86.186218
-86.188126
-86.190033
-86.191940
-86.193848
-86.195755
-86.197655
-86.199493
-86.201225
-86.202965
-86.204681
-86.206398
-86.208092
-86.209671
-86.211205
-86.212769
-86.214401
-86.215935
-86.217476
-86.219009
-86.220535
-86.222061
