-86.199997
-86.599037
-86.594994
-86.592827
-86.590950
-86.589066
-86.586174
-86.554642
-85.621758
-57.892715
20.703686
21.837954
20.423693
18.414265
16.680510
15.418533
14.606974
14.167844
14.016796
14.078563
14.291163
14.606121
14.987024
15.407487
15.848950
16.298641
16.747749
17.189590
17.619370
18.033932
18.431101
18.809315
19.167397
19.504431
19.819746
20.112869
20.383554
20.631756
20.857626
21.061533
21.244005
21.405737
21.547577
21.670454
21.775394
21.863468
21.935789
21.993464
22.037600
22.069267
22.089510
22.099308
22.099607
22.091276
22.075138
22.051945
22.022392
21.987123
21.946707
21.901674
21.852495
21.799614
21.743412
21.684225
21.622372
21.558134
21.491745
21.423433
21.353392
21.281797
21.208799
21.134537
21.059134
20.982687
20.905289
20.827021
20.747955
20.668150
20.587675
20.506561
20.424854
20.342592
20.259800
20.176495
20.092714
20.008472
19.923779
19.838655
19.753103
19.667137
19.580755
19.493965
19.406771
19.319170
19.231167
19.142761
19.053946
18.964718
18.875074
18.785019
18.694540
18.603634
18.512293
18.420511
18.328279
18.235590
18.142441
18.048819
17.954720
17.860130
17.765043
17.669456
17.573349
17.476717
17.379551
17.281839
17.183567
17.084726
16.985312
16.885305
16.784706
16.683496
16.581657
16.479185
16.376068
16.272289
16.167835
16.062698
15.956862
15.850318
15.743049
15.635044
15.526288
15.416765
15.306462
15.195365
15.083459
14.970731
14.857160
14.742732
14.627432
14.511249
14.394168
14.276165
14.157223
14.037329
13.916463
13.794605
13.671743
13.547855
13.422923
13.296928
13.169853
13.041673
12.912374
12.781931
12.650323
12.517530
12.383530
12.248306
12.111834
11.974091
11.835052
11.694696
11.552999
11.409936
11.265485
11.119616
10.972307
10.823535
10.673272
10.521492
10.368170
10.213275
10.056784
9.898657
9.738873
9.577411
9.414231
9.249309
9.082614
8.914112
8.743775
8.571570
8.397466
8.221427
8.043424
7.863417
7.681377
7.497271
7.311063
7.122715
6.932192
6.739459
6.544474
6.347201
6.147602
5.945635
5.741264
5.534449
5.325151
5.113326
4.898931
4.681920
4.462248
4.239869
4.014735
3.786800
3.556011
3.322316
3.085665
2.846000
2.603266
2.357401
2.108351
1.856046
1.600412
1.341378
1.078873
0.812816
0.543125
0.269717
-0.007503
-0.288629
-0.573773
-0.863040
-1.156545
-1.454410
-1.756768
-2.063757
-2.375526
-2.692228
-3.014031
-3.341106
-3.673645
-4.011839
-4.355901
-4.706041
-5.062485
-5.425476
-5.795268
-6.172125
-6.556318
-6.948140
-7.347879
-7.755854
-8.172377
-8.597778
-9.032405
-9.476601
-9.930735
-10.395159
-10.870249
-11.356379
-11.853933
-12.363298
-12.884856
-13.418998
-13.966111
-14.526587
-15.100816
-15.689184
-16.292076
-16.909876
-17.542982
-18.191782
-18.856689
-19.538107
-20.236469
-20.952229
-21.685860
-22.437864
-23.208801
-23.999283
-24.809982
-25.641653
-26.495152
-27.371437
-28.271585
-29.196770
-30.148134
-31.126593
-32.132660
-33.166435
-34.227623
-35.315815
-36.430599
-37.571625
-38.745129
-39.962154
-41.232826
-42.565323
-43.966705
-45.443405
-47.001057
-48.644222
-50.375626
-52.195232
-54.098980
-56.077576
-58.115688
-60.191765
-62.279003
-64.347237
-66.365715
-68.305870
-70.143738
-71.861458
-73.447769
-74.897591
-76.211266
-77.393173
-78.450630
-79.392746
-80.229424
-80.970688
-81.626175
-82.204781
-82.714691
-83.163155
-83.556648
-83.900963
-84.201309
-84.462349
-84.688377
-84.883278
-85.050674
-85.193825
-85.315796
-85.419319
-85.506897
-85.580765
-85.642914
-85.695099
-85.738838
-85.775505
-85.806244
-85.832054
-85.853767
-85.872070
-85.887604
-85.900803
-85.912140
-85.921928
-85.930435
-85.937935
-85.944565
-85.950508
-85.955948
-85.960907
-85.965378
-85.969597
-85.973587
-85.977325
-85.980942
-85.984421
-85.987747
-85.990921
-85.994072
-85.997124
-86.000145
-86.003090
-86.005989
-86.008972
-86.011803
-86.014595
-86.017403
-86.020172
-86.022919
-86.025681
-86.028381
-86.031105
-86.033791
-86.036438
-86.039070
-86.041672
-86.044182
-86.046631
-86.049210
-86.051743
-86.054222
-86.056625
-86.059029
-86.061386
-86.063698
-86.065971
-86.068245
-86.070480
-86.072685
-86.074951
-86.077118
-86.079178
-86.081299
-86.083351
-86.085464
-86.087555
-86.089561
-86.091606
-86.093689
-86.095688
-86.097710
-86.099693
-86.101616
-86.103523
-86.105392
-86.107201
-86.108688
-86.105865
-86.038574
-84.964272
-68.119499
11.151450
16.603331
17.605165
16.718927
15.376515
14.160245
13.244075
12.643006
12.317086
12.212196
12.275749
12.462359
12.735272
13.065984
13.433111
13.821048
14.218504
14.616855
15.009919
15.393576
15.765062
16.122496
16.464542
16.790266
17.098957
17.390097
17.663317
17.918379
18.155165
18.373676
18.574051
18.756523
18.921448
19.069281
19.200562
19.315914
19.416014
19.501589
19.573397
19.632204
19.678802
19.713985
19.738504
19.753128
19.758570
19.755526
19.744650
19.726576
19.701885
19.671116
19.634794
19.593369
19.547293
19.496965
19.442738
19.384960
19.323938
19.259941
19.193220
19.124012
19.052517
18.978930
18.903418
18.826128
18.747210
18.666763
18.584908
18.501740
18.417347
18.331812
18.245199
18.157570
18.068979
17.979471
17.889090
17.797876
17.705856
17.613060
17.519514
17.425230
17.330235
17.234528
17.138130
17.041044
16.943293
16.844866
16.745770
16.646006
16.545574
16.444475
16.342705
16.240261
16.137138
16.033331
15.928832
15.823634
15.717730
15.611113
15.503770
15.395692
15.286866
15.177282
15.066932
14.955803
14.843881
14.731155
14.617611
14.503233
14.388010
14.271927
14.154965
14.037109
13.918343
13.798657
13.678031
13.556450
13.433893
13.310347
13.185791
13.060208
12.933579
12.805884
12.677105
12.547221
12.416216
12.284069
12.150760
12.016264
11.880560
11.743627
11.605446
11.465993
11.325246
11.183181
11.039773
10.895003
10.748844
10.601271
10.452258
10.301780
10.149811
9.996326
9.841303
9.684708
9.526518
9.366707
9.205244
9.042099
8.877245
8.710651
8.542291
8.372134
8.200149
8.026305
7.850571
7.672916
7.493306
7.311707
7.128090
6.942421
6.754670
6.564799
6.372774
6.178558
5.982118
5.783416
5.582416
5.379082
5.173374
4.965254
4.754685
4.541630
4.326046
4.107890
3.887121
3.663695
3.437567
3.208691
2.977021
2.742512
2.505114
2.264776
2.021444
1.775060
1.525565
1.272901
1.017003
0.757807
0.495242
0.229236
-0.040287
-0.313410
-0.590220
-0.870808
-1.155270
-1.443708
-1.736235
-2.032962
-2.334015
-2.639521
-2.949617
-3.264452
-3.584178
-3.908959
-4.238965
-4.574382
-4.915406
-5.262239
-5.615094
-5.974185
-6.339758
-6.712067
-7.091374
-7.477943
-7.872053
-8.274000
-8.684084
-9.102623
-9.529939
-9.966366
-10.412246
-10.867927
-11.333767
-11.810136
-12.297401
-12.795938
-13.306125
-13.828340
-14.362967
-14.910387
-15.470986
-16.045147
-16.633247
-17.235668
-17.852798
-18.485022
-19.132717
-19.796280
-20.476116
-21.172642
-21.886301
-22.617540
-23.366865
-24.134806
-24.921957
-25.728954
-26.556536
-27.405499
-28.276760
-29.171354
-30.090458
-31.035404
-32.007732
-33.009178
-34.041687
-35.106766
-36.202721
-37.319370
-38.448833
-39.605747
-40.804230
-42.054565
-43.364864
-44.742149
-46.193077
-47.724079
-49.341251
-51.049911
-52.853718
-54.753426
-56.745159
-58.818550
-60.955036
-63.127239
-65.300087
-67.433876
-69.488892
-71.430061
-73.230560
-74.873505
-76.351875
-77.666977
-78.826462
-79.842018
-80.727226
-81.496185
-82.162392
-82.738243
-83.234680
-83.661377
-84.026794
-84.338364
-84.602776
-84.826004
-85.013489
-85.170166
-85.300461
-85.408386
-85.497482
-85.570816
-85.631126
-85.680649
-85.721397
-85.754906
-85.782516
-85.805382
-85.824417
-85.840378
-85.853874
-85.865387
-85.875290
-85.883904
-85.891525
-85.898376
-85.904480
-85.910103
-85.915283
-85.920067
-85.924629
-85.928970
-85.933090
-85.937004
-85.940872
-85.944626
-85.948250
-85.951782
-85.955307
-85.958740
-85.962067
-85.965363
-85.968605
-85.971794
-85.974945
-85.978127
-85.981178
-85.984230
-85.987244
-85.990181
-85.993225
-85.996277
-85.999245
-86.002182
-86.005058
-86.007973
-86.010780
-86.013634
-86.016418
-86.019165
-86.021935
-86.024605
-86.027275
-86.029945
-86.032578
-86.035233
-86.037811
-86.040344
-86.042877
-86.045341
-86.047722
-86.050102
-86.052551
-86.054962
-86.057251
-86.059540
-86.061859
-86.064140
-86.066292
-86.068520
-86.070732
-86.072983
-86.075150
-86.077263
-86.079338
-86.081398
-86.083481
-86.085564
-86.087593
-86.089607
-86.091614
-86.093582
-86.095505
-86.097420
-86.099304
-86.101181
-86.103012
-86.104736
-86.106438
-86.108162
-86.109894
-86.111633
-86.113449
-86.115211
-86.116844
-86.118523
-86.120148
-86.121422
-86.115051
-85.963493
-83.037674
-29.927372
16.180391
18.476042
17.918106
16.455750
15.017756
13.894326
13.129765
12.685426
12.500451
12.513975
12.672914
12.934072
13.263886
13.637209
14.035757
14.446544
14.860153
15.269485
15.669742
16.057779
16.431488
16.789402
17.130484
17.453949
17.759209
18.045834
18.313528
18.562134
18.791615
19.002085
19.193771
19.367035
19.522345
19.660275
19.781479
19.886681
19.976665
20.052248
20.114269
20.163568
20.200993
20.227371
20.243515
20.250195
20.248150
20.238091
20.220680
20.196533
20.166233
20.130314
20.089275
20.043571
19.993620
19.939798
19.882460
19.821920
19.758463
19.692352
19.623816
19.553070
19.480303
19.405685
19.329378
19.251511
19.172203
19.091568
19.009701
18.926687
18.842609
18.757536
18.671522
18.584627
18.496891
18.408360
18.319059
18.229027
18.138292
18.046875
17.954798
17.862070
17.768703
17.674711
17.580105
17.484892
17.389074
17.292656
17.195633
17.098011
16.999781
16.900951
16.801512
16.701460
16.600788
16.499491
16.397562
16.294992
16.191782
16.087915
15.983378
15.878165
15.772265
15.665668
15.558363
15.450338
15.341579
15.232077
15.121816
15.010784
14.898970
14.786359
14.672932
14.558677
14.443577
14.327620
14.210791
14.093074
13.974456
13.854912
13.734430
13.612992
13.490583
13.367183
13.242773
13.117333
12.990850
12.863306
12.734677
12.604942
12.474083
12.342079
12.208909
12.074557
11.938993
11.802203
11.664162
11.524847
11.384239
11.242311
11.099039
10.954398
10.808364
10.660915
10.512027
10.361673
10.209826
10.056463
9.901552
9.745076
9.586999
9.427291
9.265929
9.102883
8.938127
8.771630
8.603364
8.433299
8.261398
8.087633
7.911974
7.734389
7.554846
7.373316
7.189763
7.004153
6.816453
6.626626
6.434639
6.240458
6.044046
5.845365
5.644380
5.441053
5.235348
5.027225
4.816644
4.603565
4.387945
4.169745
3.948921
3.725424
3.499216
3.270251
3.038481
2.803858
2.566328
2.325840
2.082341
1.835775
1.586079
1.333195
1.077057
0.817599
0.554750
0.288437
0.018579
-0.254906
-0.532106
-0.813115
-1.098030
-1.386955
-1.680004
-1.977292
-2.278939
-2.585081
-2.895857
-3.211415
-3.531910
-3.857508
-4.188382
-4.524722
-4.866718
-5.214584
-5.568530
-5.928784
-6.295587
-6.669188
-7.049850
-7.437843
-7.833450
-8.236964
-8.648690
-9.068946
-9.498058
-9.936356
-10.384181
-10.841887
-11.309828
-11.788373
-12.277888
-12.778749
-13.291329
-13.816007
-14.353158
-14.903167
-15.466403
-16.043253
-16.634098
-17.239309
-17.859276
-18.494377
-19.145008
-19.811548
-20.494421
-21.194036
-21.910851
-22.645330
-23.397984
-24.169369
-24.960094
-25.770834
-26.602337
-27.455444
-28.331118
-29.230433
-30.154613
-31.105072
-32.083393
-33.091255
-34.129860
-35.198727
-36.294373
-37.409203
-38.542862
-39.709099
-40.920292
-42.185795
-43.513275
-44.909611
-46.381317
-47.934620
-49.575146
-51.307354
-53.133499
-55.052258
-57.056999
-59.134190
-61.262283
-63.411987
-65.548126
-67.633133
-69.631233
-71.512321
-73.254349
-74.844292
-76.277618
-77.556770
-78.689384
-79.686295
-80.559990
-81.323334
-81.988602
-82.567139
-83.069130
-83.503532
-83.878242
-84.200264
-84.475830
-84.710556
-84.909508
-85.077354
-85.218285
-85.336143
-85.434341
-85.515869
-85.583435
-85.639366
-85.685585
-85.723831
-85.755493
-85.781769
-85.803665
-85.821983
-85.837418
-85.850555
-85.861809
-85.871506
-85.879974
-85.887520
-85.894211
-85.900253
-85.905792
-85.910912
-85.915710
-85.920212
-85.924438
-85.928513
-85.932465
-85.936272
-85.939911
-85.943436
-85.946869
-85.950241
-85.953529
-85.956856
-85.960068
-85.963234
-85.966339
-85.969398
-85.972458
-85.975548
-85.978561
-85.981552
-85.984467
-85.987328
-85.990265
-85.993187
-85.995941
-85.998726
-86.001579
-86.004387
-86.007156
-86.009895
-86.012589
-86.015251
-86.017860
-86.020462
-86.023033
-86.025581
-86.028107
-86.030586
-86.033096
-86.035568
-86.037941
-86.040276
-86.042633
-86.044952
-86.047234
-86.049545
-86.051834
-86.054092
-86.056221
-86.058334
-86.060478
-86.062599
-86.064705
-86.066841
-86.068932
-86.071053
-86.073105
-86.075111
-86.077141
-86.079132
-86.081108
-86.083046
-86.084953
-86.086861
-86.088684
-86.090462
-86.092232
-86.094040
-86.095802
-86.097549
-86.099205
-86.100998
-86.102715
-86.104042
-86.098518
-85.969452
-83.568146
-40.824608
15.443370
18.192715
17.868439
16.482489
15.050919
13.907860
13.116328
12.645254
12.436648
12.430490
12.573659
12.822530
13.142980
13.509284
13.902638
14.309620
14.720520
15.127987
15.527010
15.914289
16.287611
16.645460
16.986744
17.310663
17.616619
17.904158
18.172977
18.422897
18.653875
18.865990
19.059460
19.234608
19.391888
19.531839
19.655096
19.762354
19.854387
19.931980
19.995964
20.047163
20.086414
20.114531
20.132311
20.140537
20.139942
20.131224
20.115049
20.092037
20.062775
20.027794
19.987598
19.942648
19.893354
19.840124
19.783295
19.723183
19.660084
19.594259
19.525955
19.455381
19.382732
19.308182
19.231890
19.153992
19.074617
18.993872
18.911858
18.828665
18.744373
18.659056
18.572773
18.485571
18.397499
18.308617
18.218939
18.128511
18.037355
17.945503
17.852964
17.759760
17.665901
17.571402
17.476269
17.380516
17.284142
17.187147
17.089537
16.991310
16.892467
16.793007
16.692924
16.592213
16.490873
16.388893
16.286263
16.182978
16.079042
15.974429
15.869137
15.763158
15.656479
15.549091
15.440981
15.332137
15.222544
15.112192
15.001067
14.889159
14.776451
14.662931
14.548583
14.433392
14.317345
14.200418
14.082606
13.963891
13.844253
13.723678
13.602146
13.479644
13.356154
13.231654
13.106128
12.979552
12.851912
12.723190
12.593370
12.462423
12.330335
12.197083
12.062647
11.927005
11.790133
11.652009
11.512612
11.371921
11.229912
11.086565
10.941850
10.795744
10.648226
10.499267
10.348842
10.196929
10.043499
9.888529
9.731987
9.573848
9.414086
9.252671
9.089575
8.924767
8.758222
8.589907
8.419797
8.247857
8.074057
7.898362
7.720743
7.541169
7.359608
7.176026
6.990391
6.802667
6.612822
6.420820
6.226625
6.030204
5.831517
5.630528
5.427199
5.221495
5.013376
4.802804
4.589741
4.374144
4.155970
3.935177
3.711718
3.485553
3.256634
3.024915
2.790348
2.552883
2.312469
2.069049
1.822570
1.572972
1.320196
1.064178
0.804850
0.542139
0.275974
0.006276
-0.267037
-0.544052
-0.824860
-1.109558
-1.398250
-1.691047
-1.988063
-2.289425
-2.595264
-2.905711
-3.220918
-3.541044
-3.866253
-4.196715
-4.532615
-4.874142
-5.221504
-5.574917
-5.934609
-6.300822
-6.673792
-7.053782
-7.441063
-7.835917
-8.238640
-8.649536
-9.068919
-9.497108
-9.934434
-10.381246
-10.837887
-11.304709
-11.782084
-12.270375
-12.769957
-13.281202
-13.804492
-14.340201
-14.888713
-15.450403
-16.025654
-16.614840
-17.218340
-17.836535
-18.469801
-19.118526
-19.783110
-20.463953
-21.161467
-21.876101
-22.608311
-23.358604
-24.127523
-24.915667
-25.723688
-26.552319
-27.402390
-28.274837
-29.170710
-30.091209
-31.037704
-32.011753
-33.015095
-34.049301
-35.114590
-36.207882
-37.320854
-38.449978
-39.609283
-40.811840
-42.067318
-43.383545
-44.767464
-46.225636
-47.764347
-49.389427
-51.105701
-52.916065
-54.820160
-56.812672
-58.881580
-61.006901
-63.160461
-65.307495
-67.409866
-69.430428
-71.337105
-73.105865
-74.721863
-76.179214
-77.479538
-78.630127
-79.641800
-80.527290
-81.299767
-81.971924
-82.555511
-83.061020
-83.497726
-83.873756
-84.196350
-84.471909
-84.706215
-84.904480
-85.071434
-85.211388
-85.328217
-85.425377
-85.505943
-85.572632
-85.627724
-85.673225
-85.710808
-85.741951
-85.767815
-85.789345
-85.807388
-85.822563
-85.835449
-85.846512
-85.856110
-85.864471
-85.871895
-85.878593
-85.884651
-85.890167
-85.895355
-85.900139
-85.904701
-85.908974
-85.913040
-85.916985
-85.920784
-85.924423
-85.928001
-85.931465
-85.934914
-85.938309
-85.941650
-85.944939
-85.948135
-85.951324
-85.954475
-85.957573
-85.960632
-85.963661
-85.966644
-85.969574
-85.972549
-85.975510
-85.978424
-85.981316
-85.984131
-85.987030
-85.989929
-85.992706
-85.995453
-85.998161
-86.000832
-86.003487
-86.006172
-86.008720
-86.011269
-86.013809
-86.016312
-86.018799
-86.021294
-86.023735
-86.026146
-86.028496
-86.030884
-86.033295
-86.035583
-86.037804
-86.040024
-86.042252
-86.044479
-86.046646
-86.048805
-86.051018
-86.053101
-86.055145
-86.057190
-86.059258
-86.061264
-86.063293
-86.065269
-86.067223
-86.069160
-86.071182
-86.073158
-86.075058
-86.076927
-86.078697
-86.080528
-86.082344
-86.084129
-86.085892
-86.087593
-86.089211
-86.090836
-86.092163
-86.086449
-85.952126
-83.432976
-38.368824
15.595104
18.228996
17.840361
16.437521
15.008867
13.875236
13.094267
12.632867
12.432397
12.432753
12.580953
12.833603
13.156822
13.525111
13.919850
14.327774
14.739282
15.147120
15.546345
15.933711
16.307035
16.664822
17.005983
17.329741
17.635492
17.922798
18.191349
18.440977
18.671640
18.883419
19.076536
19.251314
19.408215
19.547779
19.670641
19.777508
19.869146
19.946356
20.009960
20.060793
20.099680
20.127447
20.144899
20.152803
20.151907
20.142900
20.126451
20.103180
20.073669
20.038458
19.998049
19.952892
19.903412
19.849993
19.792986
19.732706
19.669455
19.603489
19.535044
19.464346
19.391579
19.316917
19.240520
19.162521
19.083046
19.002207
18.920109
18.836834
18.752470
18.667080
18.580727
18.493464
18.405333
18.316380
18.226652
18.136166
18.044956
17.953051
17.860460
17.767202
17.673296
17.578751
17.483576
17.387779
17.291365
17.194328
17.096680
16.998413
16.899530
16.800037
16.699924
16.599180
16.497805
16.395786
16.293129
16.189819
16.085850
15.981212
15.875893
15.769888
15.663182
15.555769
15.447634
15.338766
15.229151
15.118776
15.007633
14.895702
14.782977
14.669438
14.555075
14.439865
14.323802
14.206862
14.089038
13.970310
13.850658
13.730071
13.608529
13.486016
13.362516
13.238008
13.112473
12.985891
12.858249
12.729524
12.599697
12.468749
12.336658
12.203404
12.068969
11.933328
11.796460
11.658340
11.518949
11.378262
11.236259
11.092919
10.948216
10.802121
10.654615
10.505672
10.355264
10.203370
10.049958
9.895004
9.738482
9.580363
9.420627
9.259243
9.096176
8.931402
8.764886
8.596602
8.426523
8.254620
8.080856
7.905202
7.727629
7.548103
7.366590
7.183059
6.997476
6.809807
6.620019
6.428078
6.233949
6.037594
5.838979
5.638064
5.434813
5.229186
5.021146
4.810658
4.597682
4.382174
4.164094
3.943398
3.720044
3.493987
3.265180
3.033577
2.799129
2.561788
2.321500
2.078213
1.831871
1.582415
1.329784
1.073916
0.814744
0.552197
0.286201
0.016677
-0.256455
-0.533282
-0.813893
-1.098387
-1.386866
-1.679440
-1.976222
-2.277337
-2.582918
-2.893103
-3.208035
-3.527864
-3.852761
-4.182900
-4.518466
-4.859646
-5.206648
-5.559683
-5.918973
-6.284758
-6.657281
-7.036810
-7.423611
-7.817960
-8.220150
-8.630485
-9.049274
-9.476843
-9.913521
-10.359648
-10.815574
-11.281653
-11.758245
-12.245719
-12.744440
-13.254786
-13.777136
-14.311865
-14.859346
-15.419968
-15.994102
-16.582123
-17.184406
-17.801334
-18.433281
-19.080637
-19.743788
-20.423132
-21.119093
-21.832102
-22.562634
-23.311171
-24.078257
-24.864473
-25.670481
-26.497002
-27.344854
-28.214960
-29.108358
-30.026245
-30.969959
-31.941050
-32.941254
-33.972145
-35.034142
-36.124477
-37.235291
-38.361469
-39.516552
-40.713768
-41.963100
-43.272461
-44.648800
-46.098709
-47.628460
-49.243946
-50.950089
-52.750008
-54.643711
-56.626446
-58.686893
-60.805904
-62.956108
-65.103294
-67.209557
-69.237503
-71.154495
-72.935646
-74.565216
-76.036537
-77.350540
-78.514023
-79.537560
-80.433739
-81.215714
-81.896278
-82.487282
-82.999321
-83.441803
-83.822975
-84.150154
-84.429825
-84.667786
-84.869324
-85.039185
-85.181702
-85.300758
-85.399910
-85.482201
-85.550354
-85.606712
-85.653305
-85.691818
-85.723778
-85.750305
-85.772377
-85.790855
-85.806419
-85.819664
-85.831017
-85.840866
-85.849434
-85.857033
-85.863831
-85.870026
-85.875641
-85.880859
-85.885735
-85.890358
-85.894760
-85.898827
-85.902802
-85.906677
-85.910454
-85.914040
-85.917526
-85.920921
-85.924347
-85.927666
-85.930984
-85.934250
-85.937439
-85.940567
-85.943687
-85.946762
-85.949783
-85.952820
-85.955849
-85.958832
-85.961777
-85.964706
-85.967598
-85.970474
-85.973457
-85.976311
-85.979111
-85.981880
-85.984634
-85.987305
-85.989967
-85.992661
-85.995247
-85.997849
-86.000381
-86.002884
-86.005363
-86.007866
-86.010315
-86.012756
-86.015228
-86.017609
-86.019966
-86.022285
-86.024529
-86.026772
-86.028999
-86.031151
-86.033310
-86.035515
-86.037704
-86.039833
-86.041916
-86.043991
-86.046143
-86.048225
-86.050217
-86.052170
-86.054108
-86.056053
-86.057999
-86.059944
-86.061890
-86.063713
-86.065514
-86.067307
-86.069084
