-86.199997
-86.603943
-86.595840
-86.591080
-86.587677
-86.584999
-86.582008
-86.550446
-85.607246
-57.711220
20.538830
22.048866
20.618536
18.465513
16.611126
15.283220
14.454156
14.033145
13.923889
14.041195
14.315271
14.691859
15.130657
15.602997
16.089298
16.576651
17.056505
17.522593
17.970781
18.398600
18.804489
19.187386
19.546513
19.881298
20.191338
20.476431
20.736567
20.971973
21.183081
21.370525
21.535151
21.677944
21.800032
21.902637
21.987041
22.054571
22.106544
22.144266
22.168999
22.181953
22.184280
22.177059
22.161283
22.137882
22.107687
22.071468
22.029909
21.983643
21.933218
21.879141
21.821854
21.761742
21.699158
21.634396
21.567726
21.499388
21.429583
21.358494
21.286274
21.213053
21.138952
21.064070
20.988501
20.912313
20.835567
20.758322
20.680620
20.602509
20.524015
20.445173
20.365997
20.286512
20.206730
20.126661
20.046322
19.965708
19.884834
19.803701
19.722319
19.640671
19.558767
19.476597
19.394167
19.311468
19.228504
19.145254
19.061729
18.977919
18.893812
18.809406
18.724697
18.639673
18.554325
18.468645
18.382631
18.296278
18.209560
18.122492
18.035046
17.947229
17.859020
17.770416
17.681408
17.591986
17.502136
17.411850
17.321127
17.229940
17.138292
17.046167
16.953560
16.860453
16.766842
16.672710
16.578053
16.482857
16.387104
16.290791
16.193899
16.096416
15.998336
15.899644
15.800334
15.700387
15.599788
15.498525
15.396585
15.293953
15.190616
15.086558
14.981769
14.876232
14.769936
14.662858
14.554990
14.446310
14.336804
14.226456
14.115246
14.003162
13.890186
13.776299
13.661485
13.545720
13.428989
13.311272
13.192549
13.072800
12.952003
12.830140
12.707192
12.583138
12.457953
12.331615
12.204102
12.075387
11.945450
11.814266
11.681808
11.548055
11.412976
11.276547
11.138739
10.999526
10.858882
10.716776
10.573179
10.428062
10.281396
10.133148
9.983291
9.831783
9.678596
9.523695
9.367040
9.208603
9.048347
8.886229
8.722217
8.556274
8.388365
8.218447
8.046478
7.872419
7.696224
7.517849
7.337248
7.154376
6.969183
6.781626
6.591658
6.399230
6.204289
6.006785
5.806662
5.603867
5.398346
5.190039
4.978885
4.764821
4.547785
4.327718
4.104550
3.878213
3.648632
3.415731
3.179433
2.939658
2.696324
2.449342
2.198619
1.944062
1.685565
1.423025
1.156332
0.885367
0.610007
0.330119
0.045562
-0.243808
-0.538154
-0.837641
-1.142452
-1.452775
-1.768816
-2.090791
-2.418936
-2.753492
-3.094721
-3.442906
-3.798346
-4.161356
-4.532271
-4.911453
-5.299277
-5.696144
-6.102476
-6.518713
-6.945327
-7.382802
-7.831651
-8.292403
-8.765609
-9.251839
-9.751680
-10.265738
-10.794619
-11.338951
-11.899356
-12.476465
-13.070909
-13.683309
-14.314280
-14.964415
-15.634296
-16.324488
-17.035536
-17.767950
-18.522230
-19.298857
-20.098293
-20.920988
-21.767393
-22.637968
-23.533186
-24.453558
-25.399628
-26.372013
-27.371397
-28.398516
-29.454021
-30.538033
-31.649858
-32.787975
-33.950455
-35.135540
-36.342113
-37.569393
-38.825333
-40.121483
-41.465290
-42.861858
-44.314732
-45.826500
-47.398903
-49.032673
-50.727188
-52.480095
-54.286797
-56.139984
-58.029362
-59.941479
-61.860031
-63.766422
-65.640778
-67.463135
-69.214767
-70.879417
-72.444283
-73.900360
-75.242691
-76.470055
-77.584435
-78.590271
-79.493835
-80.302444
-81.023956
-81.666252
-82.236931
-82.743088
-83.191170
-83.587112
-83.936234
-84.243240
-84.512459
-84.747742
-84.952614
-85.130341
-85.283920
-85.416100
-85.529465
-85.626343
-85.708847
-85.778931
-85.838249
-85.888382
-85.930733
-85.966423
-85.996552
-86.021942
-86.043350
-86.061523
-86.076920
-86.090034
-86.101303
-86.110954
-86.119331
-86.126671
-86.133148
-86.138939
-86.144104
-86.148796
-86.153076
-86.157036
-86.160736
-86.164223
-86.167526
-86.170677
-86.173729
-86.176682
-86.179512
-86.182350
-86.185158
-86.187897
-86.190605
-86.193314
-86.196037
-86.198730
-86.201294
-86.203911
-86.206551
-86.209167
-86.211685
-86.214241
-86.216850
-86.219437
-86.222061
-86.224609
-86.227127
-86.229645
-86.232170
-86.234726
-86.237274
-86.239815
-86.242279
-86.244720
-86.247139
-86.249496
-86.251945
-86.254303
-86.256683
-86.259048
-86.261398
-86.263710
-86.265999
-86.268394
-86.270721
-86.273033
-86.275360
-86.277657
-86.279953
-86.282196
-86.284462
-86.286751
-86.288948
-86.291222
-86.293182
-86.290955
-86.227180
-85.210686
-69.361504
10.526998
16.886971
18.265657
17.337704
15.793204
14.378634
13.318643
12.632286
12.269613
12.164004
12.251449
12.477101
12.796848
13.176800
13.591880
14.024172
14.461089
14.893338
15.314620
15.721075
16.110380
16.481148
16.832533
17.164005
17.475208
17.765926
18.036047
18.285551
18.514549
18.723257
18.912018
19.081299
19.231668
19.363810
19.478481
19.576530
19.658831
19.726316
19.779922
19.820601
19.849285
19.866888
19.874294
19.872351
19.861864
19.843584
19.818226
19.786449
19.748861
19.706020
19.658434
19.606577
19.550867
19.491692
19.429399
19.364302
19.296671
19.226763
19.154799
19.080980
19.005487
18.928471
18.850077
18.770420
18.689615
18.607761
18.524931
18.441204
18.356646
18.271305
18.185244
18.098495
18.011093
17.923067
17.834450
17.745262
17.655521
17.565229
17.474415
17.383083
17.291235
17.198875
17.106018
17.012651
16.918787
16.824415
16.729528
16.634140
16.538233
16.441799
16.344835
16.247334
16.149288
16.050688
15.951530
15.851795
15.751481
15.650571
15.549056
15.446926
15.344169
15.240770
15.136719
15.032001
14.926605
14.820518
14.713724
14.606209
14.497956
14.388954
14.279185
14.168635
14.057288
13.945127
13.832133
13.718299
13.603596
13.488014
13.371532
13.254131
13.135790
13.016495
12.896221
12.774953
12.652669
12.529350
12.404977
12.279523
12.152969
12.025293
11.896471
11.766481
11.635300
11.502905
11.369271
11.234374
11.098188
10.960685
10.821841
10.681627
10.540018
10.396985
10.252503
10.106541
9.959070
9.810061
9.659481
9.507298
9.353482
9.198002
9.040821
8.881907
8.721231
8.558757
8.394444
8.228265
8.060178
7.890143
7.718121
7.544074
7.367964
7.189754
7.009398
6.826856
6.642085
6.455040
6.265677
6.073951
5.879813
5.683217
5.484115
5.282454
5.078187
4.871260
4.661621
4.449211
4.233974
4.015854
3.794789
3.570720
3.343585
3.113317
2.879847
2.643103
2.403011
2.159494
1.912470
1.661855
1.407562
1.149497
0.887567
0.621669
0.351696
0.077530
-0.200949
-0.483868
-0.771360
-1.063571
-1.360653
-1.662770
-1.970093
-2.282807
-2.601105
-2.925198
-3.255306
-3.591668
-3.934536
-4.284175
-4.640871
-5.004925
-5.376652
-5.756390
-6.144492
-6.541333
-6.947305
-7.362823
-7.788320
-8.224250
-8.671092
-9.129325
-9.599465
-10.082036
-10.577582
-11.086656
-11.609823
-12.147667
-12.700773
-13.269721
-13.855103
-14.457507
-15.077508
-15.715678
-16.372581
-17.048758
-17.744749
-18.461067
-19.198212
-19.956675
-20.736933
-21.539457
-22.364723
-23.213215
-24.085419
-24.981874
-25.903149
-26.849859
-27.822714
-28.822495
-29.850086
-30.906507
-31.992935
-33.110497
-34.259007
-35.434441
-36.628792
-37.833496
-39.058624
-40.319717
-41.626205
-42.984467
-44.399189
-45.874199
-47.412704
-49.017311
-50.689777
-52.430588
-54.238274
-56.108692
-58.034138
-60.002674
-61.997665
-63.998047
-65.979225
-67.914742
-69.778633
-71.547554
-73.202690
-74.731049
-76.125549
-77.384781
-78.512093
-79.514275
-80.400352
-81.180496
-81.865219
-82.464630
-82.988091
-83.444122
-83.840309
-84.183464
-84.479599
-84.734131
-84.951958
-85.137566
-85.295029
-85.428047
-85.540001
-85.633835
-85.712349
-85.777863
-85.832458
-85.877907
-85.915771
-85.947327
-85.973717
-85.995796
-86.014374
-86.030067
-86.043381
-86.054802
-86.064636
-86.073151
-86.080696
-86.087357
-86.093346
-86.098747
-86.103661
-86.108185
-86.112396
-86.116333
-86.120148
-86.123734
-86.127205
-86.130585
-86.133850
-86.136955
-86.140015
-86.143066
-86.146088
-86.148964
-86.151878
-86.154747
-86.157570
-86.160439
-86.163399
-86.166168
-86.168999
-86.171867
-86.174683
-86.177467
-86.180222
-86.182953
-86.185654
-86.188408
-86.191170
-86.193962
-86.196678
-86.199379
-86.202080
-86.204834
-86.207565
-86.210243
-86.212921
-86.215561
-86.218170
-86.220825
-86.223495
-86.226158
-86.228699
-86.231293
-86.233849
-86.236343
-86.238861
-86.241302
-86.243828
-86.246330
-86.248772
-86.251221
-86.253639
-86.256058
-86.258499
-86.260925
-86.263306
-86.265732
-86.268166
-86.270462
-86.272774
-86.275108
-86.277397
-86.279701
-86.281982
-86.284187
-86.286438
-86.288628
-86.290779
-86.292961
-86.295113
-86.297287
-86.299385
-86.301498
-86.303581
-86.305664
-86.307861
-86.309937
-86.311958
-86.313553
-86.307457
-86.153900
-83.149673
-28.148268
16.541521
19.147360
18.562801
16.895868
15.257023
13.993178
13.151074
12.679716
12.504199
12.551340
12.758122
13.073741
13.459143
13.885501
14.332319
14.785502
15.235168
15.674216
16.098238
16.504631
16.891867
17.259020
17.605499
17.930895
18.234938
18.517460
18.778410
19.017851
19.235979
19.433140
19.609802
19.766581
19.904196
20.023462
20.125292
20.210648
20.280529
20.335960
20.377966
20.407558
20.425730
20.433434
20.431576
20.421009
20.402548
20.376942
20.344885
20.307020
20.263933
20.216156
20.164177
20.108433
20.049314
19.987181
19.922350
19.855106
19.785698
19.714354
19.641275
19.566635
19.490591
19.413280
19.334820
19.255322
19.174873
19.093561
19.011452
18.928604
18.845078
18.760914
18.676153
18.590830
18.504969
18.418598
18.331738
18.244398
18.156599
18.068344
17.979650
17.890516
17.800949
17.710943
17.620512
17.529644
17.438345
17.346605
17.254423
17.161798
17.068724
16.975187
16.881184
16.786707
16.691748
16.596300
16.500347
16.403889
16.306913
16.209410
16.111361
16.012762
15.913602
15.813867
15.713544
15.612623
15.511091
15.408937
15.306146
15.202705
15.098601
14.993820
14.888346
14.782167
14.675269
14.567633
14.459247
14.350097
14.240167
14.129437
14.017895
13.905520
13.792299
13.678208
13.563236
13.447361
13.330565
13.212832
13.094141
12.974474
12.853811
12.732129
12.609411
12.485635
12.360776
12.234817
12.107734
11.979506
11.850108
11.719520
11.587713
11.454664
11.320349
11.184742
11.047818
10.909554
10.769917
10.628882
10.486425
10.342515
10.197120
10.050210
9.901756
9.751729
9.600098
9.446836
9.291903
9.135271
8.976905
8.816770
8.654826
8.491039
8.325374
8.157795
7.988261
7.816737
7.643180
7.467554
7.289814
7.109922
6.927834
6.743505
6.556890
6.367942
6.176617
5.982866
5.786641
5.587891
5.386566
5.182617
4.975987
4.766625
4.554473
4.339476
4.121573
3.900703
3.676802
3.449801
3.219632
2.986227
2.749513
2.509414
2.265852
2.018744
1.768005
1.513549
1.255276
0.993092
0.726889
0.456556
0.181976
-0.096976
-0.380431
-0.668527
-0.961409
-1.259235
-1.562172
-1.870398
-2.184102
-2.503484
-2.828761
-3.160160
-3.497925
-3.842313
-4.193596
-4.552067
-4.918033
-5.291823
-5.673784
-6.064280
-6.463695
-6.872434
-7.290921
-7.719605
-8.158956
-8.609446
-9.071585
-9.545897
-10.032921
-10.533213
-11.047338
-11.575878
-12.119414
-12.678536
-13.253841
-13.845929
-14.455385
-15.082788
-15.728710
-16.393705
-17.078314
-17.783075
-18.508484
-19.255033
-20.023203
-20.813465
-21.626276
-22.462112
-23.321449
-24.204773
-25.112627
-26.045588
-27.004288
-27.989450
-29.001888
-30.042530
-31.112402
-32.212368
-33.342121
-34.499039
-35.678368
-36.874699
-38.085537
-39.324066
-40.602676
-41.929192
-43.308922
-44.745907
-46.243408
-47.804100
-49.429871
-51.121529
-52.878311
-54.697243
-56.572407
-58.494301
-60.449394
-62.420082
-64.385208
-66.321213
-68.203789
-70.009857
-71.719414
-73.316849
-74.791748
-76.138985
-77.358208
-78.453011
-79.429932
-80.297356
-81.064613
-81.741280
-82.336601
-82.859238
-83.317024
-83.717102
-84.065742
-84.368607
-84.630768
-84.856766
-85.050789
-85.216675
-85.357910
-85.477692
-85.578880
-85.664093
-85.735680
-85.795685
-85.845901
-85.887955
-85.923134
-85.952599
-85.977295
-85.998047
-86.015572
-86.030434
-86.043091
-86.053940
-86.063263
-86.071465
-86.078644
-86.085052
-86.090805
-86.095970
-86.100693
-86.104980
-86.109062
-86.112900
-86.116501
-86.119934
-86.123337
-86.126442
-86.129501
-86.132553
-86.135559
-86.138466
-86.141342
-86.144173
-86.146973
-86.149818
-86.152588
-86.155304
-86.158089
-86.160896
-86.163750
-86.166527
-86.169266
-86.171974
-86.174706
-86.177429
-86.180092
-86.182709
-86.185402
-86.188118
-86.190773
-86.193436
-86.196106
-86.198738
-86.201401
-86.204117
-86.206718
-86.209351
-86.211960
-86.214516
-86.217087
-86.219582
-86.222099
-86.224640
-86.227089
-86.229523
-86.232002
-86.234413
-86.236862
-86.239342
-86.241714
-86.244095
-86.246445
-86.248764
-86.251152
-86.253487
-86.255798
-86.258110
-86.260399
-86.262672
-86.264977
-86.267220
-86.269463
-86.271698
-86.273911
-86.276115
-86.278252
-86.280403
-86.282433
-86.284561
-86.286682
-86.288696
-86.290688
-86.292282
-86.287193
-86.159348
-83.762642
-40.806709
15.638044
18.812433
18.536026
16.962683
15.321538
14.022855
13.139277
12.629366
12.421314
12.442475
12.629333
12.930212
13.305070
13.724137
14.166096
14.616176
15.064054
15.502267
15.926095
16.332750
16.720585
17.088617
17.436222
17.762987
18.068634
18.352982
18.615961
18.857626
19.078154
19.277853
19.457159
19.616665
19.757044
19.879086
19.983671
20.071732
20.144241
20.202209
20.246639
20.278536
20.298872
20.308592
20.308607
20.299770
20.282888
20.258713
20.227951
20.191238
20.149179
20.102304
20.051104
19.996031
19.937475
19.875811
19.811357
19.744410
19.675215
19.604012
19.531000
19.456369
19.380274
19.302860
19.224241
19.144541
19.063848
18.982252
18.899818
18.816622
18.732702
18.648121
18.562916
18.477119
18.390759
18.303871
18.216463
18.128563
18.040182
17.951334
17.862019
17.772247
17.682028
17.591358
17.500240
17.408674
17.316660
17.224194
17.131266
17.037884
16.944033
16.849710
16.754906
16.659613
16.563824
16.467531
16.370722
16.273390
16.175529
16.077124
15.978159
15.878631
15.778526
15.677831
15.576533
15.474625
15.372087
15.268909
15.165078
15.060584
14.955408
14.849539
14.742959
14.635653
14.527613
14.418815
14.309246
14.198895
14.087744
13.975776
13.862974
13.749323
13.634803
13.519394
13.403080
13.285842
13.167664
13.048524
12.928404
12.807286
12.685149
12.561969
12.437727
12.312401
12.185968
12.058407
11.929696
11.799812
11.668732
11.536433
11.402887
11.268069
11.131959
10.994523
10.855738
10.715577
10.574015
10.431024
10.286575
10.140637
9.993182
9.844178
9.693593
9.541401
9.387565
9.232058
9.074841
8.915890
8.755165
8.592631
8.428248
8.261981
8.093792
7.923638
7.751486
7.577297
7.401035
7.222656
7.042116
6.859374
6.674386
6.487107
6.297492
6.105492
5.911060
5.714150
5.514714
5.312696
5.108047
4.900712
4.690638
4.477768
4.262046
4.043413
3.821807
3.597167
3.369426
3.138514
2.904362
2.666895
2.426040
2.181715
1.933839
1.682323
1.427078
1.168012
0.905025
0.638013
0.366862
0.091458
-0.188321
-0.472606
-0.761539
-1.055269
-1.353951
-1.657755
-1.966858
-2.281448
-2.601729
-2.927916
-3.260236
-3.598933
-3.944266
-4.296510
-4.655959
-5.022921
-5.397722
-5.780706
-6.172242
-6.572713
-6.982529
-7.402108
-7.831898
-8.272366
-8.723991
-9.187283
-9.662762
-10.150963
-10.652431
-11.167737
-11.697453
-12.242171
-12.802473
-13.378957
-13.972210
-14.582816
-15.211351
-15.858388
-16.524473
-17.210152
-17.915943
-18.642357
-19.389877
-20.158987
-20.950142
-21.763817
-22.600475
-23.460602
-24.344694
-25.253286
-26.186966
-27.146376
-28.132242
-29.145386
-30.186741
-31.257360
-32.358265
-33.489399
-34.648140
-35.829224
-37.026119
-38.236454
-39.475578
-40.755322
-42.083328
-43.464897
-44.904095
-46.404255
-47.968067
-49.597511
-51.293484
-53.055279
-54.879974
-56.761631
-58.690639
-60.653191
-62.631248
-64.603096
-66.544518
-68.430588
-70.237732
-71.945625
-73.538635
-75.006531
-76.344543
-77.552750
-78.635330
-79.599281
-80.453407
-81.207382
-81.870995
-82.453690
-82.964218
-83.410515
-83.799644
-84.137947
-84.431091
-84.684166
-84.901756
-85.088043
-85.246857
-85.381744
-85.495834
-85.592033
-85.672844
-85.740585
-85.797302
-85.844711
-85.884323
-85.917473
-85.945221
-85.968521
-85.988129
-86.004677
-86.018768
-86.030800
-86.041183
-86.050102
-86.057915
-86.064819
-86.071030
-86.076561
-86.081612
-86.086235
-86.090492
-86.094429
-86.098221
-86.101700
-86.105133
-86.108452
-86.111504
-86.114555
-86.117607
-86.120636
-86.123573
-86.126450
-86.129257
-86.132011
-86.134750
-86.137573
-86.140503
-86.143364
-86.146118
-86.148834
-86.151649
-86.154434
-86.157204
-86.159904
-86.162575
-86.165253
-86.167923
-86.170540
-86.173164
-86.175758
-86.178406
-86.181007
-86.183662
-86.186333
-86.189011
-86.191689
-86.194290
-86.196854
-86.199371
-86.201904
-86.204384
-86.206940
-86.209389
-86.211845
-86.214294
-86.216675
-86.219124
-86.221581
-86.223991
-86.226341
-86.228729
-86.231110
-86.233475
-86.235847
-86.238152
-86.240479
-86.242813
-86.245049
-86.247269
-86.249588
-86.251846
-86.254066
-86.256248
-86.258415
-86.260605
-86.262688
-86.264801
-86.266945
-86.269043
-86.271217
-86.273270
-86.275261
-86.277214
-86.278793
-86.273430
-86.139420
-83.604172
-37.885517
15.849564
18.873226
18.505665
16.906286
15.268279
13.982375
13.113300
12.616696
12.419814
12.449873
12.643558
12.949496
13.327985
13.749579
14.193230
14.644399
15.092919
15.531462
15.955422
16.362076
16.749817
17.117693
17.465086
17.791599
18.096945
18.380951
18.643555
18.884809
19.104895
19.304117
19.482937
19.641928
19.781790
19.903313
20.007372
20.094904
20.166901
20.224365
20.268311
20.299734
20.319622
20.328917
20.328526
20.319300
20.302052
20.277538
20.246456
20.209448
20.167107
20.119976
20.068542
20.013241
19.954483
19.892628
19.827995
19.760883
19.691542
19.620195
19.547056
19.472303
19.396101
19.318581
19.239876
19.160089
19.079317
18.997644
18.915148
18.831886
18.747913
18.663279
18.578024
18.492184
18.405790
18.318863
18.231424
18.143497
18.055090
17.966208
17.876871
17.787083
17.696846
17.606159
17.515028
17.423450
17.331430
17.238956
17.146023
17.052635
16.958782
16.864458
16.769659
16.674368
16.578587
16.482306
16.385509
16.288187
16.190332
16.091936
15.992989
15.893477
15.793392
15.692719
15.591445
15.489557
15.387044
15.283894
15.180090
15.075624
14.970481
14.864644
14.758101
14.650837
14.542835
14.434077
14.324554
14.214247
14.103138
13.991215
13.878459
13.764857
13.650389
13.535036
13.418780
13.301604
13.183487
13.064410
12.944359
12.823308
12.701240
12.578136
12.453974
12.328731
12.202382
12.074908
11.946287
11.816496
11.685509
11.553307
11.419864
11.285153
11.149150
11.011827
10.873163
10.733126
10.591687
10.448823
10.304506
10.158706
10.011393
9.862535
9.712103
9.560063
9.406387
9.251040
9.093990
8.935207
8.774655
8.612300
8.448105
8.282029
8.114035
7.944087
7.772143
7.598169
7.422124
7.243968
7.063660
6.881155
6.696409
6.509380
6.320022
6.128284
5.934121
5.737484
5.538324
5.336593
5.132239
4.925203
4.715438
4.502887
4.287492
4.069191
3.847927
3.623635
3.396252
3.165709
2.931934
2.694855
2.454396
2.210478
1.963020
1.711935
1.457132
1.198519
0.936001
0.669472
0.398823
0.123939
-0.155305
-0.439039
-0.727401
-1.020536
-1.318601
-1.621764
-1.930200
-2.244097
-2.563656
-2.889088
-3.220621
-3.558496
-3.902969
-4.254313
-4.612816
-4.978787
-5.352548
-5.734447
-6.124841
-6.524115
-6.932669
-7.350924
-7.779325
-8.218328
-8.668419
-9.130099
-9.603882
-10.090305
-10.589918
-11.103278
-11.630962
-12.173549
-12.731626
-13.305782
-13.896609
-14.504689
-15.130603
-15.774914
-16.438177
-17.120934
-17.823708
-18.546999
-19.291298
-20.057087
-20.844833
-21.654999
-22.488049
-23.344461
-24.224724
-25.129375
-26.058989
-27.014191
-27.995691
-29.004297
-30.040936
-31.106642
-32.202465
-33.328602
-34.482891
-35.660343
-36.854401
-38.061348
-39.294273
-40.566360
-41.885681
-43.257790
-44.686893
-46.176392
-47.729088
-49.347084
-51.031456
-52.781818
-54.595615
-56.467434
-58.388287
-60.345078
-62.320423
-64.293144
-66.239342
-68.134117
-69.953575
-71.676849
-73.287468
-74.774330
-76.131821
-77.359398
-78.460556
-79.441933
-80.312096
-81.080635
-81.757355
-82.351753
-82.872704
-83.328262
-83.725685
-84.071358
-84.371117
-84.630104
-84.852966
-85.043976
-85.207001
-85.345558
-85.462891
-85.561859
-85.645149
-85.715004
-85.773514
-85.822472
-85.863403
-85.897636
-85.926315
-85.950363
-85.970612
-85.987740
-86.002289
-86.014702
-86.025360
-86.034584
-86.042625
-86.049690
-86.055969
-86.061600
-86.066719
-86.071396
-86.075752
-86.079849
-86.083664
-86.087296
-86.090721
-86.094063
-86.097153
-86.100204
-86.103256
-86.106308
-86.109314
-86.112030
-86.114761
-86.117500
-86.120270
-86.123032
-86.125832
-86.128593
-86.131332
-86.134171
-86.136986
-86.139679
-86.142441
-86.145172
-86.147942
-86.150620
-86.153336
-86.156021
-86.158638
-86.161278
-86.163879
-86.166351
-86.168884
-86.171394
-86.174011
-86.176521
-86.179123
-86.181717
-86.184219
-86.186768
-86.189316
-86.191841
-86.194344
-86.196800
-86.199272
-86.201706
-86.204102
-86.206512
-86.208908
-86.211380
-86.213699
-86.216034
-86.218384
-86.220695
-86.222992
-86.225296
-86.227615
-86.229843
-86.232063
-86.234337
-86.236526
-86.238800
-86.241081
-86.243286
-86.245438
-86.247574
-86.249794
-86.251984
