-86.199997
-86.532211
-86.529396
-86.528038
-86.527031
-86.526184
-86.524384
-86.493958
-85.559769
-57.772797
20.955725
22.184710
20.317074
17.864946
15.863790
14.484213
13.655979
13.263612
13.196753
13.361794
13.683686
14.104948
14.583525
15.090111
15.605280
16.116795
16.617205
17.101522
17.566486
18.010319
18.432007
18.830862
19.206333
19.557947
19.885305
20.188139
20.466312
20.719887
20.949135
21.154524
21.336735
21.496624
21.635193
21.753584
21.853006
21.934732
22.000065
22.050297
22.086712
22.110538
22.122965
22.125097
22.117981
22.102585
22.079788
22.050407
22.015179
21.974764
21.929764
21.880720
21.828096
21.772322
21.713770
21.652769
21.589609
21.524549
21.457802
21.389574
21.320026
21.249310
21.177553
21.104866
21.031340
20.957062
20.882103
20.806522
20.730370
20.653685
20.576508
20.498871
20.420799
20.342314
20.263432
20.184175
20.104546
20.024561
19.944218
19.863531
19.782486
19.701105
19.619379
19.537302
19.454882
19.372107
19.288988
19.205515
19.121675
19.037468
18.952887
18.867926
18.782574
18.696825
18.610693
18.524149
18.437187
18.349806
18.261990
18.173742
18.085049
17.995899
17.906286
17.816196
17.725622
17.634562
17.542999
17.450920
17.358320
17.265196
17.171524
17.077305
16.982517
16.887165
16.791229
16.694700
16.597561
16.499813
16.401434
16.302406
16.202726
16.102383
16.001364
15.899658
15.797249
15.694127
15.590276
15.485682
15.380331
15.274209
15.167304
15.059599
14.951081
14.841737
14.731548
14.620502
14.508577
14.395762
14.282041
14.167395
14.051807
13.935260
13.817738
13.699224
13.579697
13.459141
13.337535
13.214858
13.091090
12.966213
12.840205
12.713047
12.584718
12.455198
12.324463
12.192491
12.059257
11.924740
11.788913
11.651753
11.513237
11.373341
11.232038
11.089304
10.945110
10.799433
10.652241
10.503508
10.353200
10.201298
10.047761
9.892570
9.735693
9.577098
9.416752
9.254621
9.090677
8.924881
8.757204
8.587607
8.416060
8.242529
8.066977
7.889364
7.709656
7.527812
7.343796
7.157568
6.969088
6.778313
6.585205
6.389720
6.191818
5.991456
5.788588
5.583169
5.375152
5.164488
4.951132
4.735033
4.516138
4.294397
4.069755
3.842159
3.611550
3.377872
3.141061
2.901053
2.657782
2.411178
2.161168
1.907675
1.650620
1.389919
1.125484
0.857221
0.585032
0.308812
0.028448
-0.256179
-0.545198
-0.838742
-1.136958
-1.439999
-1.748032
-2.061229
-2.379781
-2.703887
-3.033764
-3.369632
-3.711734
-4.060329
-4.415693
-4.778112
-5.147891
-5.525359
-5.910846
-6.304718
-6.707345
-7.119123
-7.540462
-7.971787
-8.413542
-8.866179
-9.330172
-9.806004
-10.294160
-10.795146
-11.309464
-11.837625
-12.380131
-12.937491
-13.510201
-14.098750
-14.703621
-15.325278
-15.964178
-16.620752
-17.295427
-17.988607
-18.700697
-19.432093
-20.183178
-20.954359
-21.746048
-22.558695
-23.392776
-24.248842
-25.127506
-26.029461
-26.955536
-27.906666
-28.883949
-29.888487
-30.920998
-31.981342
-33.068314
-34.179928
-35.314037
-36.468987
-37.643753
-38.850357
-40.104664
-41.417416
-42.796421
-44.248299
-45.778763
-47.392738
-49.093819
-50.883484
-52.759892
-54.716663
-56.741734
-58.816769
-60.917553
-63.015369
-65.079445
-67.079788
-68.989891
-70.788635
-72.461311
-73.999710
-75.401375
-76.668556
-77.807022
-78.824944
-79.731728
-80.537300
-81.251472
-81.883423
-82.441689
-82.933975
-83.367157
-83.747391
-84.080170
-84.370430
-84.622635
-84.840904
-85.029076
-85.190605
-85.328720
-85.446327
-85.546135
-85.630585
-85.701836
-85.761803
-85.812187
-85.854477
-85.889946
-85.919685
-85.944672
-85.965714
-85.983490
-85.998573
-86.011414
-86.022476
-86.032036
-86.040413
-86.047783
-86.054337
-86.060188
-86.065491
-86.070419
-86.074982
-86.079269
-86.083221
-86.087074
-86.090782
-86.094337
-86.097786
-86.101135
-86.104469
-86.107697
-86.110909
-86.113983
-86.117081
-86.120117
-86.123077
-86.126030
-86.128937
-86.131836
-86.134743
-86.137543
-86.140335
-86.143013
-86.145683
-86.148445
-86.151138
-86.153801
-86.156418
-86.158936
-86.161415
-86.163940
-86.166496
-86.168983
-86.171432
-86.173836
-86.176239
-86.178696
-86.181068
-86.183411
-86.185715
-86.187965
-86.190231
-86.192520
-86.194771
-86.196983
-86.199188
-86.201347
-86.203529
-86.205597
-86.207802
-86.209908
-86.211967
-86.214027
-86.216072
-86.218079
-86.220009
-86.221588
-86.219086
-86.155388
-85.145721
-69.385696
11.018101
17.438679
18.440405
17.062233
15.214013
13.636883
12.508409
11.809411
11.465530
11.395348
11.525812
11.796491
12.159821
12.579893
13.030646
13.493892
13.957344
14.412479
14.853674
15.277749
15.683024
16.068672
16.434294
16.779707
17.104799
17.409494
17.693771
17.957630
18.201139
18.424469
18.627886
18.811764
18.976593
19.122959
19.251549
19.363123
19.458513
19.538593
19.604269
19.656466
19.696100
19.724087
19.741316
19.748642
19.746891
19.736841
19.719215
19.694706
19.663944
19.627510
19.585951
19.539761
19.489382
19.435221
19.377655
19.317007
19.253578
19.187645
19.119444
19.049183
18.977058
18.903238
18.827866
18.751078
18.672993
18.593712
18.513329
18.431927
18.349567
18.266321
18.182236
18.097357
18.011721
17.925362
17.838316
17.750597
17.662230
17.573235
17.483625
17.393406
17.302595
17.211191
17.119204
17.026625
16.933464
16.839724
16.745390
16.650473
16.554962
16.458855
16.362143
16.264820
16.166876
16.068308
15.969107
15.869262
15.768764
15.667604
15.565769
15.463252
15.360038
15.256112
15.151465
15.046083
14.939957
14.833071
14.725412
14.616969
14.507725
14.397662
14.286769
14.175030
14.062427
13.948945
13.834574
13.719292
13.603085
13.485931
13.367818
13.248723
13.128631
13.007522
12.885378
12.762183
12.637915
12.512554
12.386081
12.258472
12.129712
11.999775
11.868641
11.736288
11.602692
11.467832
11.331687
11.194231
11.055444
10.915295
10.773763
10.630820
10.486443
10.340608
10.193284
10.044451
9.894075
9.742132
9.588593
9.433427
9.276606
9.118098
8.957879
8.795918
8.632183
8.466640
8.299261
8.130012
7.958858
7.785769
7.610707
7.433641
7.254539
7.073363
6.890078
6.704647
6.517031
6.327195
6.135100
5.940708
5.743979
5.544875
5.343353
5.139375
4.932897
4.723875
4.512266
4.298026
4.081107
3.861460
3.639041
3.413798
3.185682
2.954640
2.720616
2.483554
2.243395
2.000077
1.753536
1.503704
1.250510
0.993882
0.733742
0.470007
0.202591
-0.068599
-0.343661
-0.622698
-0.905823
-1.193151
-1.484810
-1.780931
-2.081656
-2.387137
-2.697533
-3.013018
-3.333773
-3.659994
-3.991889
-4.329680
-4.673598
-5.023892
-5.380826
-5.744674
-6.115729
-6.494297
-6.880704
-7.275285
-7.678395
-8.090406
-8.511701
-8.942678
-9.383753
-9.835354
-10.297919
-10.771898
-11.257753
-11.755948
-12.266962
-12.791267
-13.329346
-13.881674
-14.448729
-15.030976
-15.628882
-16.242897
-16.873468
-17.521032
-18.186012
-18.868830
-19.569881
-20.289587
-21.028351
-21.786604
-22.564768
-23.363306
-24.182720
-25.023552
-25.886421
-26.772017
-27.681118
-28.614649
-29.573656
-30.559359
-31.573168
-32.616722
-33.691902
-34.800068
-35.938000
-37.092163
-38.249660
-39.432041
-40.657082
-41.936195
-43.277710
-44.688637
-46.175446
-47.744331
-49.401051
-51.150440
-52.995472
-54.935825
-56.966164
-59.074162
-61.239048
-63.431416
-65.614784
-67.749191
-69.795891
-71.721802
-73.502563
-75.123779
-76.580444
-77.875397
-79.017097
-80.017509
-80.890282
-81.649216
-82.307495
-82.877090
-83.368637
-83.791428
-84.153671
-84.462654
-84.724838
-84.946129
-85.131920
-85.287079
-85.416039
-85.522781
-85.610863
-85.683281
-85.742790
-85.791649
-85.831779
-85.864784
-85.892021
-85.914597
-85.933418
-85.949257
-85.962708
-85.974129
-85.984032
-85.992706
-86.000351
-86.007248
-86.013458
-86.019135
-86.024376
-86.029305
-86.033913
-86.038315
-86.042519
-86.046562
-86.050438
-86.054237
-86.057892
-86.061577
-86.065201
-86.068756
-86.072197
-86.075630
-86.078995
-86.082390
-86.085686
-86.088943
-86.092125
-86.095284
-86.098488
-86.101669
-86.104790
-86.107857
-86.110870
-86.113884
-86.116882
-86.119835
-86.122757
-86.125648
-86.128464
-86.131294
-86.134026
-86.136765
-86.139465
-86.142105
-86.144814
-86.147491
-86.150093
-86.152702
-86.155228
-86.157715
-86.160301
-86.162804
-86.165230
-86.167671
-86.170120
-86.172462
-86.174789
-86.177155
-86.179466
-86.181801
-86.184105
-86.186340
-86.188530
-86.190758
-86.192978
-86.195183
-86.197388
-86.199554
-86.201630
-86.203705
-86.205795
-86.207848
-86.209885
-86.211868
-86.213898
-86.215851
-86.217766
-86.219666
-86.221519
-86.223328
-86.225143
-86.226875
-86.228630
-86.230324
-86.232063
-86.233788
-86.235535
-86.236816
-86.230576
-86.081665
-83.200607
-30.615086
16.824131
19.341396
18.345882
16.343079
14.508257
13.152432
12.282252
11.819656
11.673194
11.759557
12.009346
12.367719
12.793134
13.255415
13.733551
14.213532
14.686172
15.145167
15.586814
16.009192
16.411381
16.792946
17.153681
17.493443
17.812122
18.109625
18.385910
18.640999
18.875010
19.088182
19.280884
19.453600
19.606947
19.741629
19.858467
19.958347
20.042202
20.111008
20.165766
20.207464
20.237087
20.255592
20.263891
20.262867
20.253349
20.236116
20.211889
20.181343
20.145096
20.103708
20.057695
20.007530
19.953632
19.896379
19.836123
19.773159
19.707767
19.640188
19.570642
19.499319
19.426384
19.351990
19.276274
19.199350
19.121317
19.042269
18.962282
18.881428
18.799759
18.717329
18.634186
18.550367
18.465891
18.380800
18.295109
18.208843
18.122013
18.034636
17.946720
17.858273
17.769295
17.679794
17.589779
17.499233
17.408173
17.316587
17.224474
17.131830
17.038652
16.944937
16.850664
16.755844
16.660454
16.564493
16.467955
16.370827
16.273104
16.174772
16.075823
15.976245
15.876026
15.775156
15.673620
15.571409
15.468509
15.364909
15.260599
15.155563
15.049787
14.943256
14.835958
14.727878
14.618999
14.509311
14.398796
14.287440
14.175227
14.062143
13.948169
13.833287
13.717482
13.600737
13.483036
13.364358
13.244687
13.124005
13.002292
12.879529
12.755698
12.630778
12.504749
12.377590
12.249279
12.119799
11.989125
11.857236
11.724113
11.589730
11.454067
11.317093
11.178788
11.039126
10.898085
10.755642
10.611770
10.466442
10.319630
10.171310
10.021448
9.870026
9.717010
9.562371
9.406085
9.248119
9.088442
8.927026
8.763837
8.598843
8.432012
8.263314
8.092715
7.920180
7.745680
7.569179
7.390640
7.210026
7.027303
6.842433
6.655379
6.466103
6.274567
6.080732
5.884562
5.686011
5.485039
5.281606
5.075667
4.867179
4.656098
4.442376
4.225970
4.006833
3.784916
3.560168
3.332536
3.101967
2.868406
2.631794
2.392072
2.149176
1.903043
1.653607
1.400796
1.144537
0.884750
0.621351
0.354253
0.083362
-0.191420
-0.470198
-0.753082
-1.040193
-1.331655
-1.627602
-1.928176
-2.233529
-2.543826
-2.859239
-3.179954
-3.506168
-3.838091
-4.175946
-4.519967
-4.870404
-5.227522
-5.591600
-5.962933
-6.341830
-6.728618
-7.123638
-7.527250
-7.939830
-8.361769
-8.793463
-9.235330
-9.687805
-10.151332
-10.626369
-11.113369
-11.612809
-12.125159
-12.650907
-13.190523
-13.744485
-14.313272
-14.897349
-15.497174
-16.113201
-16.745865
-17.395603
-18.062824
-18.747942
-19.451353
-20.173466
-20.914680
-21.675411
-22.456087
-23.257175
-24.079163
-24.922602
-25.788111
-26.676390
-27.588253
-28.524611
-29.486551
-30.475317
-31.492359
-32.539303
-33.617352
-34.725380
-35.857998
-37.005615
-38.162209
-39.347649
-40.578030
-41.863995
-43.213562
-44.633518
-46.130138
-47.709339
-49.376415
-51.135426
-52.988152
-54.932602
-56.961369
-59.059998
-61.206055
-63.369614
-65.515320
-67.606064
-69.606918
-71.489006
-73.231415
-74.822151
-76.257263
-77.539581
-78.676727
-79.679420
-80.559914
-81.330734
-82.003952
-82.590614
-83.100708
-83.543037
-83.925346
-84.254539
-84.536751
-84.777542
-84.982010
-85.154755
-85.300041
-85.421692
-85.523163
-85.607529
-85.677483
-85.735420
-85.783340
-85.823006
-85.855896
-85.883194
-85.905968
-85.925056
-85.941139
-85.954796
-85.966522
-85.976639
-85.985489
-85.993271
-86.000214
-86.006523
-86.012245
-86.017525
-86.022453
-86.027100
-86.031464
-86.035599
-86.039619
-86.043495
-86.047249
-86.050949
-86.054504
-86.058136
-86.061607
-86.065063
-86.068428
-86.071815
-86.075104
-86.078331
-86.081543
-86.084694
-86.087944
-86.091103
-86.094177
-86.097237
-86.100243
-86.103264
-86.106209
-86.109123
-86.111969
-86.114807
-86.117699
-86.120514
-86.123238
-86.125961
-86.128616
-86.131203
-86.133865
-86.136482
-86.139023
-86.141617
-86.144218
-86.146744
-86.149239
-86.151711
-86.154182
-86.156593
-86.159035
-86.161362
-86.163704
-86.166008
-86.168335
-86.170593
-86.172913
-86.175186
-86.177406
-86.179626
-86.181808
-86.183952
-86.186050
-86.188210
-86.190308
-86.192360
-86.194382
-86.196419
-86.198479
-86.200478
-86.202431
-86.204376
-86.206284
-86.208160
-86.209976
-86.211693
-86.213417
-86.215263
-86.216995
-86.218391
-86.213074
-86.087418
-83.748863
-41.987644
15.995286
19.087925
18.380836
16.446924
14.593269
13.193873
12.278356
11.775977
11.597057
11.658128
11.888956
12.233638
12.649549
13.105515
13.579659
14.057274
14.528689
14.987245
15.428939
15.851680
16.254440
16.636751
16.998383
17.339201
17.659107
17.958014
18.235878
18.492723
18.728647
18.943882
19.138765
19.313753
19.469431
19.606491
19.725708
19.827948
19.914122
19.985188
20.042118
20.085894
20.117485
20.137836
20.147869
20.148449
20.140404
20.124516
20.101515
20.072065
20.036797
19.996275
19.951021
19.901514
19.848175
19.791397
19.731522
19.668867
19.603706
19.536289
19.466845
19.395557
19.322611
19.248156
19.172327
19.095253
19.017027
18.937748
18.857496
18.776346
18.694349
18.611570
18.528048
18.443819
18.358923
18.273378
18.187220
18.100466
18.013128
17.925226
17.836767
17.747761
17.658211
17.568125
17.477499
17.386341
17.294647
17.202412
17.109640
17.016321
16.922457
16.828041
16.733063
16.637516
16.541389
16.444679
16.347378
16.249477
16.150959
16.051825
15.952057
15.851649
15.750589
15.648859
15.546452
15.443357
15.339558
15.235044
15.129804
15.023824
14.917089
14.809585
14.701298
14.592214
14.482317
14.371592
14.260024
14.147598
14.034298
13.920108
13.805011
13.688992
13.572029
13.454111
13.335215
13.215322
13.094416
12.972478
12.849492
12.725432
12.600286
12.474030
12.346642
12.218104
12.088392
11.957485
11.825360
11.691999
11.557377
11.421473
11.284260
11.145717
11.005816
10.864534
10.721847
10.577724
10.432147
10.285089
10.136519
9.986415
9.834741
9.681470
9.526577
9.370030
9.211803
9.051867
8.890190
8.726742
8.561488
8.394400
8.225441
8.054581
7.881782
7.707016
7.530246
7.351440
7.170560
6.987572
6.802438
6.615119
6.425580
6.233779
6.039679
5.843240
5.644423
5.443188
5.239491
5.033291
4.824544
4.613206
4.399231
4.182570
3.963178
3.741007
3.516005
3.288123
3.057308
2.823504
2.586653
2.346696
2.103569
1.857208
1.607546
1.354513
1.098034
0.838031
0.574423
0.307122
0.036034
-0.238939
-0.517901
-0.800963
-1.088243
-1.379869
-1.675973
-1.976698
-2.282195
-2.592626
-2.908164
-3.228993
-3.555310
-3.887321
-4.225249
-4.569329
-4.919813
-5.276961
-5.641052
-6.012378
-6.391251
-6.777993
-7.172946
-7.576466
-7.988923
-8.410704
-8.842214
-9.283872
-9.736105
-10.199345
-10.674049
-11.160683
-11.659709
-12.171607
-12.696848
-13.235908
-13.789268
-14.357392
-14.940757
-15.539812
-16.155018
-16.786806
-17.435602
-18.101826
-18.785898
-19.488207
-20.209154
-20.949146
-21.708595
-22.487925
-23.287600
-24.108109
-24.949995
-25.813879
-26.700451
-27.610500
-28.544945
-29.504852
-30.491446
-31.506157
-32.550644
-33.626427
-34.733147
-35.865677
-37.013206
-38.167927
-39.349720
-40.575394
-41.855858
-43.199223
-44.612335
-46.101501
-47.672722
-49.331436
-51.081985
-52.926575
-54.863914
-56.887417
-58.983555
-61.130745
-63.299511
-65.454407
-67.557564
-69.572952
-71.470253
-73.227310
-74.831093
-76.277061
-77.567757
-78.710793
-79.717155
-80.599358
-81.370300
-82.042358
-82.626923
-83.134186
-83.573166
-83.951790
-84.277100
-84.555351
-84.792252
-84.992912
-85.162064
-85.303970
-85.422539
-85.521225
-85.603142
-85.670959
-85.727036
-85.773376
-85.811691
-85.843399
-85.869797
-85.891800
-85.910240
-85.925812
-85.939056
-85.950455
-85.960350
-85.969002
-85.976654
-85.983490
-85.989693
-85.995377
-86.000664
-86.005600
-86.010208
-86.014648
-86.018852
-86.022858
-86.026749
-86.030563
-86.034340
-86.038040
-86.041611
-86.045105
-86.048561
-86.052040
-86.055435
-86.058807
-86.062103
-86.065437
-86.068665
-86.071838
-86.075043
-86.078178
-86.081314
-86.084419
-86.087448
-86.090500
-86.093468
-86.096436
-86.099426
-86.102333
-86.105118
-86.107910
-86.110664
-86.113335
-86.116005
-86.118759
-86.121437
-86.124084
-86.126701
-86.129227
-86.131821
-86.134346
-86.136833
-86.139297
-86.141808
-86.144226
-86.146645
-86.149017
-86.151382
-86.153755
-86.156113
-86.158432
-86.160683
-86.162964
-86.165207
-86.167442
-86.169640
-86.171822
-86.173950
-86.175995
-86.178093
-86.180161
-86.182259
-86.184273
-86.186272
-86.188240
-86.190201
-86.192146
-86.194054
-86.195908
-86.197800
-86.199631
-86.201401
-86.203171
-86.204826
-86.206108
-86.200523
-86.069237
-83.606071
-39.354538
16.180702
19.122168
18.330256
16.378393
14.533080
13.149129
12.249211
11.760375
11.592433
11.662008
11.899174
12.248399
12.667439
13.125459
13.600871
14.079200
14.550939
15.009559
15.451163
15.873723
16.276251
16.658289
17.019623
17.360130
17.679703
17.978256
18.255741
18.512182
18.747692
18.962494
19.156921
19.331448
19.486662
19.623243
19.741989
19.843765
19.929478
20.000090
20.056583
20.099934
20.131115
20.151077
20.160734
20.160957
20.152576
20.136374
20.113066
20.083336
20.047796
20.007027
19.961542
19.911814
19.858273
19.801298
19.741243
19.678411
19.613092
19.545523
19.475929
19.404509
19.331427
19.256851
19.180908
19.103718
19.025389
18.946005
18.865660
18.784414
18.702330
18.619457
18.535847
18.451538
18.366556
18.280931
18.194691
18.107862
18.020449
17.932476
17.843943
17.754868
17.665251
17.575096
17.484406
17.393181
17.301418
17.209118
17.116282
17.022902
16.928972
16.834496
16.739450
16.643843
16.547659
16.450886
16.353527
16.255564
16.156986
16.057789
15.957965
15.857499
15.756379
15.654594
15.552131
15.448977
15.345119
15.240548
15.135250
15.029213
14.922421
14.814861
14.706518
14.597378
14.487427
14.376646
14.265024
14.152546
14.039191
13.924948
13.809796
13.693721
13.576708
13.458735
13.339787
13.219845
13.098890
12.976901
12.853862
12.729753
12.604557
12.478252
12.350819
12.222235
12.092477
11.961525
11.829357
11.695951
11.561283
11.425335
11.288081
11.149495
11.009554
10.868234
10.725506
10.581346
10.435728
10.288630
10.140021
9.989880
9.838172
9.684869
9.529945
9.373368
9.215110
9.055142
8.893435
8.729954
8.564672
8.397554
8.228569
8.057684
7.884865
7.710076
7.533285
7.354456
7.173555
6.990546
6.805393
6.618058
6.428502
6.236686
6.042574
5.846124
5.647295
5.446049
5.242342
5.036136
4.827385
4.616045
4.402071
4.185415
3.966028
3.743863
3.518868
3.290995
3.060190
2.826399
2.589565
2.349626
2.106521
1.860185
1.610552
1.357549
1.101102
0.841134
0.577562
0.310302
0.039259
-0.235665
-0.514574
-0.797579
-1.084799
-1.376357
-1.672388
-1.973035
-2.278450
-2.588794
-2.904237
-3.224964
-3.551171
-3.883064
-4.220865
-4.564807
-4.915141
-5.272128
-5.636048
-6.007192
-6.385867
-6.772399
-7.167125
-7.570403
-7.982601
-8.404106
-8.835320
-9.276657
-9.728542
-10.191420
-10.665740
-11.151956
-11.650535
-12.161950
-12.686680
-13.225200
-13.777984
-14.345499
-14.928211
-15.526582
-16.141048
-16.772058
-17.420034
-18.085400
-18.768547
-19.469887
-20.189808
-20.928728
-21.687042
-22.465176
-23.263590
-24.082771
-24.923260
-25.785667
-26.670677
-27.579075
-28.511772
-29.469824
-30.454451
-31.467066
-32.509308
-33.582729
-34.687103
-35.817497
-36.963326
-38.115982
-39.294563
-40.516323
-41.792343
-43.130730
-44.538380
-46.021629
-47.586433
-49.238289
-50.981564
-52.818626
-54.748409
-56.764687
-58.854431
-60.996574
-63.162155
-65.316132
-67.420769
-69.439896
-71.342834
-73.106995
-74.718742
-76.173050
-77.472015
-78.623009
-79.636749
-80.525688
-81.302704
-81.980194
-82.569611
-83.081215
-83.524124
-83.906326
-84.234894
-84.516136
-84.755737
-84.958931
-85.130356
-85.274345
-85.394783
-85.495171
-85.578537
-85.647644
-85.704842
-85.752174
-85.791321
-85.823776
-85.850746
-85.873291
-85.892204
-85.908173
-85.921776
-85.933434
-85.943520
-85.952408
-85.960236
-85.967293
-85.973587
-85.979424
-85.984772
-85.989799
-85.994522
-85.998993
-86.003311
-86.007477
-86.011482
-86.015381
-86.019142
-86.022858
-86.026505
-86.030121
-86.033638
-86.037125
-86.040550
-86.043976
-86.047363
-86.050697
-86.054016
-86.057243
-86.060448
-86.063652
-86.066742
-86.069824
-86.072891
-86.075951
-86.078987
-86.081978
-86.084938
-86.087883
-86.090691
-86.093483
-86.096260
-86.099022
-86.101761
-86.104462
-86.107132
-86.109802
-86.112366
-86.114952
-86.117622
-86.120201
-86.122734
-86.125282
-86.127762
-86.130219
-86.132675
-86.135147
-86.137497
-86.139847
-86.142265
-86.144562
-86.146797
-86.149033
-86.151276
-86.153481
-86.155716
-86.157974
-86.160149
-86.162247
-86.164375
-86.166451
-86.168526
-86.170555
-86.172592
-86.174629
-86.176590
-86.178535
-86.180481
-86.182388
