-86.199997
-86.466621
-86.464668
-86.463478
-86.462494
-86.461540
-86.459724
-86.429031
-85.490028
-57.585846
20.162817
21.627378
20.277946
18.211546
16.398394
15.069890
14.212072
13.745706
13.582910
13.644526
13.864988
14.192779
14.589121
15.025920
15.483512
15.948513
16.411882
16.866945
17.309006
17.735069
18.143171
18.531927
18.900314
19.247520
19.572941
19.876122
20.156799
20.414896
20.650532
20.864004
21.055799
21.226555
21.377068
21.508234
21.621040
21.716543
21.795841
21.860037
21.910246
21.947546
21.972996
21.987612
21.992346
21.988108
21.975737
21.956015
21.929672
21.897364
21.859701
21.817232
21.770447
21.719809
21.665712
21.608528
21.548590
21.486181
21.421564
21.354973
21.286608
21.216665
21.145290
21.072636
20.998819
20.923960
20.848154
20.771484
20.694033
20.615860
20.537024
20.457575
20.377562
20.297003
20.215950
20.134430
20.052456
19.970057
19.887243
19.804031
19.720432
19.636448
19.552090
19.467369
19.382280
19.296831
19.211021
19.124846
19.038309
18.951406
18.864132
18.776484
18.688461
18.600063
18.511269
18.422085
18.332500
18.242512
18.152102
18.061275
17.970022
17.878330
17.786192
17.693596
17.600536
17.507008
17.412996
17.318497
17.223488
17.127970
17.031935
16.935364
16.838253
16.740589
16.642355
16.543552
16.444164
16.344177
16.243589
16.142372
16.040525
15.938029
15.834877
15.731052
15.626550
15.521349
15.415439
15.308805
15.201437
15.093315
14.984427
14.874759
14.764296
14.653026
14.540932
14.427999
14.314211
14.199551
14.084001
13.967546
13.850169
13.731853
13.612584
13.492342
13.371109
13.248867
13.125597
13.001279
12.875892
12.749420
12.621840
12.493134
12.363283
12.232265
12.100057
11.966636
11.831983
11.696073
11.558882
11.420388
11.280568
11.139399
10.996855
10.852913
10.707544
10.560724
10.412428
10.262626
10.111291
9.958396
9.803915
9.647817
9.490075
9.330660
9.169540
9.006683
8.842061
8.675643
8.507392
8.337273
8.165259
7.991314
7.815407
7.637502
7.457564
7.275555
7.091437
6.905172
6.716725
6.526053
6.333121
6.137888
5.940313
5.740357
5.537977
5.333127
5.125762
4.915838
4.703310
4.488130
4.270246
4.049608
3.826165
3.599865
3.370654
3.138474
2.903263
2.664962
2.423506
2.178828
1.930859
1.679525
1.424748
1.166447
0.904538
0.638935
0.369540
0.096256
-0.181023
-0.462411
-0.748026
-1.037994
-1.332451
-1.631539
-1.935411
-2.244226
-2.558156
-2.877382
-3.202102
-3.532513
-3.868832
-4.211290
-4.560132
-4.915616
-5.278006
-5.647591
-6.024668
-6.409549
-6.802560
-7.204041
-7.614350
-8.033856
-8.462941
-8.901999
-9.351438
-9.811679
-10.283148
-10.766278
-11.261518
-11.769316
-12.290126
-12.824408
-13.372617
-13.935206
-14.512630
-15.105342
-15.713789
-16.338417
-16.979666
-17.637968
-18.313766
-19.007492
-19.719591
-20.450525
-21.200764
-21.970806
-22.761177
-23.572458
-24.405266
-25.260303
-26.138350
-27.040281
-27.967091
-28.919897
-29.899858
-30.907951
-31.944675
-33.009869
-34.102730
-35.222111
-36.366825
-37.535774
-38.735386
-39.977905
-41.273235
-42.628902
-44.051235
-45.545692
-47.116970
-48.768673
-50.502754
-52.318619
-54.212109
-56.174469
-58.191601
-60.243885
-62.306870
-64.352753
-66.352737
-68.279526
-70.109566
-71.824669
-73.412682
-74.867416
-76.188019
-77.377861
-78.443466
-79.393311
-80.236969
-80.984276
-81.644852
-82.227646
-82.740898
-83.192039
-83.587639
-83.933586
-84.235191
-84.497162
-84.723854
-84.919220
-85.086876
-85.230156
-85.352119
-85.455544
-85.542900
-85.616478
-85.678284
-85.730103
-85.773514
-85.809830
-85.840202
-85.865631
-85.886940
-85.904869
-85.920013
-85.932831
-85.943802
-85.953239
-85.961433
-85.968590
-85.974937
-85.980583
-85.985695
-85.990379
-85.994690
-85.998627
-86.002365
-86.005882
-86.009315
-86.012535
-86.015671
-86.018745
-86.021759
-86.024666
-86.027496
-86.030281
-86.033073
-86.035789
-86.038460
-86.041138
-86.043816
-86.046402
-86.048965
-86.051491
-86.054077
-86.056633
-86.059090
-86.061691
-86.064163
-86.066620
-86.069077
-86.071602
-86.074036
-86.076523
-86.079002
-86.081406
-86.083740
-86.086105
-86.088531
-86.090881
-86.093170
-86.095459
-86.097748
-86.099953
-86.102173
-86.104385
-86.106621
-86.108749
-86.110901
-86.113068
-86.115280
-86.117424
-86.119591
-86.121750
-86.123840
-86.125847
-86.127853
-86.129799
-86.131485
-86.129051
-86.065941
-85.074417
-69.803749
9.823458
16.146149
17.551777
16.770737
15.371546
14.049376
13.027994
12.339403
11.947050
11.795148
11.827824
11.996145
12.260098
12.588413
12.957499
13.350083
13.753720
14.159041
14.559297
14.950051
15.328400
15.692435
16.040882
16.372860
16.687744
16.985077
17.264542
17.525923
17.769121
17.994139
18.201080
18.390175
18.561733
18.716175
18.854008
18.975798
19.082195
19.173899
19.251619
19.316124
19.368179
19.408548
19.438002
19.457275
19.467112
19.468185
19.461168
19.446693
19.425358
19.397720
19.364300
19.325584
19.282019
19.234018
19.181971
19.126207
19.067059
19.004808
18.939726
18.872047
18.801996
18.729767
18.655537
18.579462
18.501696
18.422358
18.341568
18.259426
18.176033
18.091467
18.005806
17.919111
17.831442
17.742849
17.653376
17.563065
17.471952
17.380064
17.287426
17.194065
17.100000
17.005236
16.909803
16.813686
16.716921
16.619501
16.521441
16.422720
16.323359
16.223352
16.122704
16.021402
15.919448
15.816834
15.713558
15.609612
15.504987
15.399676
15.293673
15.186964
15.079542
14.971395
14.862511
14.752877
14.642486
14.531322
14.419375
14.306633
14.193076
14.078692
13.963468
13.847387
13.730436
13.612597
13.493857
13.374197
13.253602
13.132054
13.009538
12.886033
12.761519
12.635982
12.509399
12.381755
12.253027
12.123200
11.992251
11.860160
11.726902
11.592458
11.456807
11.319927
11.181798
11.042396
10.901697
10.759676
10.616313
10.471580
10.325450
10.177902
10.028909
9.878445
9.726485
9.573006
9.417976
9.261369
9.103155
8.943306
8.781794
8.618587
8.453660
8.286983
8.118523
7.948247
7.776125
7.602126
7.426217
7.248363
7.068536
6.886698
6.702817
6.516859
6.328786
6.138561
5.946150
5.751514
5.554616
5.355416
5.153875
4.949956
4.743618
4.534818
4.323514
4.109663
3.893218
3.674134
3.452365
3.227863
3.000577
2.770459
2.537456
2.301512
2.062567
1.820564
1.575438
1.327127
1.075560
0.820666
0.562370
0.300595
0.035256
-0.233733
-0.506468
-0.783047
-1.063576
-1.348167
-1.636937
-1.930013
-2.227527
-2.529622
-2.836449
-3.148165
-3.464941
-3.786956
-4.114401
-4.447477
-4.786398
-5.131390
-5.482689
-5.840548
-6.205228
-6.577005
-6.956168
-7.343021
-7.737875
-8.141066
-8.552937
-8.973840
-9.404144
-9.844226
-10.294477
-10.755296
-11.227098
-11.710296
-12.205315
-12.712584
-13.232539
-13.765615
-14.312250
-14.872884
-15.447953
-16.037895
-16.643135
-17.264103
-17.901226
-18.554934
-19.225645
-19.913799
-20.619829
-21.344175
-22.087307
-22.849712
-23.631908
-24.434464
-25.257988
-26.103161
-26.970732
-27.861565
-28.776608
-29.716963
-30.683870
-31.678751
-32.703232
-33.759109
-34.847672
-35.966946
-37.107647
-38.259674
-39.437580
-40.656155
-41.925663
-43.253849
-44.647247
-46.111774
-47.653008
-49.276077
-50.985214
-52.783035
-54.669437
-56.640076
-58.684898
-60.786743
-62.920795
-65.055534
-67.155167
-69.183350
-71.107201
-72.900612
-74.546074
-76.034950
-77.366531
-78.546379
-79.584335
-80.492607
-81.284363
-81.972519
-82.569199
-83.085266
-83.530403
-83.913078
-84.240807
-84.520233
-84.757332
-84.957535
-85.125717
-85.266380
-85.383507
-85.480682
-85.561066
-85.627396
-85.682037
-85.727036
-85.764114
-85.794762
-85.820129
-85.841240
-85.858849
-85.873695
-85.886253
-85.896957
-85.906296
-85.914383
-85.921471
-85.927834
-85.933609
-85.938820
-85.943642
-85.948196
-85.952438
-85.956482
-85.960373
-85.964134
-85.967728
-85.971207
-85.974640
-85.978004
-85.981262
-85.984459
-85.987740
-85.990921
-85.994049
-85.997131
-86.000183
-86.003181
-86.006165
-86.009201
-86.012207
-86.015167
-86.018089
-86.020943
-86.023804
-86.026634
-86.029381
-86.032143
-86.034851
-86.037605
-86.040291
-86.042953
-86.045609
-86.048317
-86.050926
-86.053535
-86.056168
-86.058754
-86.061333
-86.063911
-86.066460
-86.069000
-86.071594
-86.074043
-86.076431
-86.078835
-86.081223
-86.083557
-86.085968
-86.088402
-86.090736
-86.093048
-86.095276
-86.097504
-86.099785
-86.102058
-86.104240
-86.106354
-86.108543
-86.110733
-86.112900
-86.114960
-86.117119
-86.119263
-86.121338
-86.123322
-86.125275
-86.127304
-86.129288
-86.131264
-86.133209
-86.135147
-86.137047
-86.138908
-86.140747
-86.142609
-86.144455
-86.146217
-86.147964
-86.149292
-86.142876
-85.989052
-83.005013
-28.803909
15.962198
18.490538
17.984194
16.447941
14.905121
13.687180
12.849970
12.355069
12.138297
12.134725
12.287430
12.549917
12.885961
13.268360
13.677361
14.098971
14.523231
14.942683
15.352366
15.749114
16.130886
16.496334
16.844547
17.174847
17.486748
17.779875
18.053980
18.308933
18.544699
18.761391
18.959215
19.138508
19.299713
19.443382
19.570145
19.680702
19.775805
19.856272
19.922926
19.976604
20.018150
20.048405
20.068165
20.078222
20.079329
20.072201
20.057508
20.035891
20.007938
19.974205
19.935204
19.891403
19.843233
19.791090
19.735332
19.676283
19.614244
19.549482
19.482248
19.412754
19.341204
19.267776
19.192629
19.115904
19.037729
18.958221
18.877478
18.795593
18.712648
18.628716
18.543856
18.458126
18.371574
18.284245
18.196175
18.107388
18.017929
17.927805
17.837053
17.745682
17.653706
17.561132
17.467983
17.374260
17.279964
17.185101
17.089680
16.993690
16.897137
16.800016
16.702328
16.604067
16.505219
16.405785
16.305780
16.205173
16.103951
16.002117
15.899668
15.796590
15.692873
15.588505
15.483474
15.377766
15.271375
15.164286
15.056489
14.947970
14.838719
14.728720
14.617958
14.506420
14.394092
14.280957
14.167004
14.052217
13.936581
13.820077
13.702693
13.584409
13.465209
13.345074
13.223989
13.101935
12.978896
12.854856
12.729793
12.603687
12.476519
12.348270
12.218921
12.088447
11.956831
11.824053
11.690089
11.554920
11.418526
11.280878
11.141958
11.001741
10.860203
10.717317
10.573061
10.427415
10.280351
10.131842
9.981861
9.830385
9.677382
9.522827
9.366692
9.208949
9.049572
8.888533
8.725801
8.561343
8.395132
8.227135
8.057314
7.885647
7.712098
7.536638
7.359232
7.179846
6.998446
6.814996
6.629462
6.441806
6.251991
6.059981
5.865739
5.669229
5.470408
5.269240
5.065684
4.859696
4.651234
4.440255
4.226715
4.010568
3.791769
3.570272
3.346027
3.118984
2.889088
2.656287
2.420523
2.181739
1.939873
1.694861
1.446639
1.195138
0.940285
0.682004
0.420215
0.154832
-0.114237
-0.387083
-0.663808
-0.944519
-1.229330
-1.518361
-1.811740
-2.109601
-2.412088
-2.719354
-3.031562
-3.348881
-3.671496
-3.999599
-4.333395
-4.673103
-5.018950
-5.371176
-5.730030
-6.095783
-6.468715
-6.849115
-7.237293
-7.633564
-8.038267
-8.451751
-8.874372
-9.306498
-9.748516
-10.200814
-10.663801
-11.137888
-11.623497
-12.121056
-12.630992
-13.153744
-13.689750
-14.239444
-14.803265
-15.381654
-15.975041
-16.583862
-17.208534
-17.849495
-18.507158
-19.181963
-19.874331
-20.584703
-21.313532
-22.061291
-22.828474
-23.615610
-24.423271
-25.252100
-26.102791
-26.976128
-27.872993
-28.794384
-29.741436
-30.715448
-31.717884
-32.750320
-33.813782
-34.907547
-36.027943
-37.168243
-38.325172
-39.513184
-40.745079
-42.030151
-43.375675
-44.787876
-46.272469
-47.834682
-49.479080
-51.209038
-53.025822
-54.927410
-56.907143
-58.952335
-61.043499
-63.154449
-65.253799
-67.307663
-69.283150
-71.151703
-72.891373
-74.488091
-75.935532
-77.234131
-78.389519
-79.410858
-80.309380
-81.097031
-81.785606
-82.386238
-82.908974
-83.362816
-83.755737
-84.094719
-84.386063
-84.635376
-84.847763
-85.027855
-85.179855
-85.307610
-85.414528
-85.503777
-85.577988
-85.639603
-85.690697
-85.732994
-85.768097
-85.797226
-85.821472
-85.841774
-85.858772
-85.873093
-85.885284
-85.895744
-85.904793
-85.912643
-85.919601
-85.925865
-85.931435
-85.936562
-85.941307
-85.945770
-85.949928
-85.953934
-85.957771
-85.961357
-85.964844
-85.968262
-85.971550
-85.974808
-85.977951
-85.981087
-85.984253
-85.987328
-85.990395
-85.993462
-85.996429
-85.999329
-86.002235
-86.005173
-86.008003
-86.010788
-86.013580
-86.016380
-86.019135
-86.021866
-86.024582
-86.027260
-86.029976
-86.032593
-86.035217
-86.037827
-86.040459
-86.043144
-86.045761
-86.048332
-86.050949
-86.053452
-86.056053
-86.058563
-86.060982
-86.063393
-86.065804
-86.068214
-86.070572
-86.072952
-86.075272
-86.077560
-86.079811
-86.082077
-86.084412
-86.086655
-86.088882
-86.091133
-86.093307
-86.095428
-86.097572
-86.099724
-86.101784
-86.103905
-86.106041
-86.108200
-86.110207
-86.112221
-86.114204
-86.116196
-86.118118
-86.120041
-86.121948
-86.123863
-86.125740
-86.127617
-86.129417
-86.130814
-86.125488
-85.998146
-83.633461
-41.651356
15.041376
18.129229
17.926735
16.491762
14.957053
13.712553
12.839279
12.308866
12.060845
12.031345
12.163348
12.409770
12.733626
13.106956
13.509295
13.926071
14.346906
14.764011
15.172134
15.567898
15.949128
16.314400
16.662741
16.993458
17.306046
17.600124
17.875427
18.131809
18.369232
18.587769
18.787607
18.969061
19.132540
19.278559
19.407726
19.520712
19.618244
19.701113
19.770119
19.826082
19.869827
19.902178
19.923931
19.935873
19.938740
19.933249
19.920073
19.899845
19.873167
19.840586
19.802612
19.759729
19.712368
19.660931
19.605778
19.547241
19.485624
19.421198
19.354216
19.284904
19.213463
19.140078
19.064911
18.988108
18.909805
18.830112
18.749142
18.666977
18.583714
18.499420
18.414160
18.328003
18.240984
18.153160
18.064552
17.975216
17.885170
17.794436
17.703047
17.611019
17.518364
17.425087
17.331203
17.236727
17.141659
17.046005
16.949781
16.852964
16.755575
16.657581
16.559011
16.459845
16.360083
16.259726
16.158764
16.057186
15.954984
15.852152
15.748682
15.644565
15.539791
15.434346
15.328221
15.221405
15.113884
15.005649
14.896685
14.786983
14.676529
14.565309
14.453305
14.340507
14.226896
14.112461
13.997186
13.881056
13.764053
13.646165
13.527373
13.407660
13.287010
13.165404
13.042824
12.919250
12.794666
12.669054
12.542395
12.414670
12.285857
12.155939
12.024892
11.892695
11.759331
11.624773
11.489004
11.352001
11.213739
11.074199
10.933353
10.791183
10.647661
10.502760
10.356459
10.208728
10.059548
9.908890
9.756729
9.603037
9.447784
9.290944
9.132487
8.972387
8.810615
8.647141
8.481935
8.314964
8.146199
7.975612
7.803167
7.628833
7.452576
7.274363
7.094161
6.911936
6.727654
6.541277
6.352772
6.162101
5.969227
5.774110
5.576712
5.376996
5.174922
4.970449
4.763538
4.554146
4.342227
4.127738
3.910632
3.690866
3.468388
3.243152
3.015106
2.784199
2.550378
2.313584
2.073758
1.830839
1.584762
1.335462
1.082868
0.826907
0.567502
0.304573
0.038034
-0.232206
-0.506242
-0.784178
-1.066121
-1.352184
-1.642490
-1.937169
-2.236357
-2.540201
-2.848854
-3.162480
-3.481253
-3.805358
-4.134989
-4.470356
-4.811674
-5.159174
-5.513102
-5.873713
-6.241276
-6.616073
-6.998396
-7.388557
-7.786879
-8.193694
-8.609349
-9.034211
-9.468650
-9.913054
-10.367815
-10.833334
-11.310028
-11.798316
-12.298624
-12.811381
-13.337029
-13.875999
-14.428728
-14.995653
-15.577209
-16.173826
-16.785934
-17.413956
-18.058323
-18.719450
-19.397770
-20.093712
-20.807707
-21.540216
-22.291712
-23.062687
-23.853691
-24.665293
-25.498144
-26.352953
-27.230522
-28.131746
-29.057648
-30.009382
-30.988279
-31.995852
-33.033710
-34.102989
-35.202789
-36.328415
-37.470985
-38.631409
-39.825310
-41.064949
-42.359169
-43.714981
-45.138496
-46.635357
-48.210773
-49.869236
-51.613983
-53.445999
-55.362839
-57.357128
-59.415264
-61.516575
-63.633633
-65.733902
-67.782761
-69.747040
-71.598473
-73.315971
-74.886642
-76.305466
-77.574120
-78.699356
-79.691200
-80.561455
-81.322472
-81.986214
-82.563774
-83.065224
-83.499435
-83.874268
-84.196701
-84.472931
-84.708542
-84.908562
-85.077591
-85.219772
-85.338898
-85.438324
-85.521042
-85.589745
-85.646652
-85.693771
-85.732803
-85.765137
-85.791985
-85.814362
-85.833107
-85.848869
-85.862221
-85.873627
-85.883499
-85.892029
-85.899544
-85.906242
-85.912209
-85.917648
-85.922676
-85.927307
-85.931717
-85.935829
-85.939789
-85.943619
-85.947243
-85.950798
-85.954224
-85.957596
-85.960846
-85.964073
-85.967308
-85.970436
-85.973518
-85.976654
-85.979729
-85.982758
-85.985748
-85.988670
-85.991501
-85.994354
-85.997253
-86.000145
-86.002975
-86.005791
-86.008583
-86.011414
-86.014130
-86.016861
-86.019569
-86.022209
-86.024834
-86.027435
-86.030067
-86.032738
-86.035378
-86.037941
-86.040474
-86.043037
-86.045647
-86.048103
-86.050575
-86.053062
-86.055473
-86.057838
-86.060272
-86.062691
-86.065002
-86.067261
-86.069550
-86.071831
-86.074089
-86.076317
-86.078598
-86.080803
-86.082977
-86.085129
-86.087280
-86.089401
-86.091545
-86.093704
-86.095802
-86.097870
-86.099915
-86.101944
-86.103928
-86.105858
-86.107742
-86.109711
-86.111633
-86.113510
-86.115341
-86.117172
-86.118919
-86.120277
-86.114708
-85.980820
-83.468597
-38.551819
15.263735
18.197525
17.900982
16.436909
14.902911
13.669857
12.810562
12.293421
12.056829
12.036648
12.175971
12.427980
12.756002
13.132364
13.536868
13.955155
14.377007
14.794767
15.203289
15.599275
15.980599
16.345871
16.694138
17.024710
17.337093
17.630915
17.905922
18.161953
18.398983
18.617086
18.816467
18.997425
19.160395
19.305889
19.434507
19.546940
19.643927
19.726240
19.794704
19.850130
19.893354
19.925196
19.946463
19.957932
19.960339
19.954416
19.940825
19.920202
19.893148
19.860218
19.821909
19.778711
19.731056
19.679335
19.623917
19.565132
19.503279
19.438633
19.371445
19.301937
19.230316
19.156761
19.081436
19.004484
18.926037
18.846210
18.765110
18.682827
18.599447
18.515049
18.429689
18.343433
18.256325
18.168415
18.079731
17.990314
17.900192
17.809391
17.717937
17.625837
17.533117
17.439787
17.345860
17.251331
17.156218
17.060520
16.964239
16.867374
16.769936
16.671913
16.573301
16.474106
16.374315
16.273914
16.172928
16.071327
15.969096
15.866235
15.762739
15.658600
15.553803
15.448339
15.342196
15.235363
15.127828
15.019578
14.910602
14.800888
14.690424
14.579194
14.467184
14.354381
14.240767
14.126332
14.011058
13.894930
13.777932
13.660047
13.541258
13.421554
13.300911
13.179317
13.056751
12.933194
12.808629
12.683034
12.556394
12.428691
12.299905
12.170012
12.038994
11.906832
11.773499
11.638980
11.503248
11.366282
11.228064
11.088568
10.947769
10.805646
10.662172
10.517325
10.371079
10.223408
10.074286
9.923689
9.771591
9.617965
9.462783
9.306017
9.147638
8.987617
8.825927
8.662536
8.497416
8.330535
8.161866
7.991377
7.819031
7.644800
7.468650
7.290547
7.110457
6.928347
6.744182
6.557929
6.369551
6.179011
5.986272
5.791296
5.594043
5.394474
5.192550
4.988231
4.781476
4.572244
4.360493
4.146176
3.929247
3.709661
3.487369
3.262323
3.034472
2.803763
2.570146
2.333562
2.093953
1.851256
1.605409
1.356344
1.103993
0.848282
0.589134
0.326470
0.060203
-0.209755
-0.483501
-0.761135
-1.042763
-1.328503
-1.618474
-1.912804
-2.211629
-2.515094
-2.823352
-3.136567
-3.454913
-3.778571
-4.107737
-4.442614
-4.783420
-5.130385
-5.483749
-5.843769
-6.210711
-6.584859
-6.966506
-7.355956
-7.753529
-8.159560
-8.574393
-8.998395
-9.431926
-9.875379
-10.329142
-10.793617
-11.269220
-11.756366
-12.255479
-12.766991
-13.291332
-13.828941
-14.380253
-14.945703
-15.525726
-16.120745
-16.731194
-17.357496
-18.000072
-18.659346
-19.335739
-20.029686
-20.741611
-21.471979
-22.221247
-22.989918
-23.778517
-24.587624
-25.417875
-26.269966
-27.144691
-28.042936
-28.965714
-29.914145
-30.889555
-31.893419
-32.927364
-33.992599
-35.088516
-36.210838
-37.350906
-38.507488
-39.696026
-40.929146
-42.215935
-43.563499
-44.977985
-46.465088
-48.030048
-49.677460
-51.410713
-53.231087
-55.136589
-57.120495
-59.169960
-61.265182
-63.379528
-65.481018
-67.535172
-69.508614
-71.372414
-73.104660
-74.691475
-76.126961
-77.412086
-78.553040
-79.559509
-80.443123
-81.216148
-81.890625
-82.477783
-82.987762
-83.429611
-83.811279
-84.139839
-84.421562
-84.662079
-84.866486
-85.039421
-85.185066
-85.307243
-85.409363
-85.494446
-85.565117
-85.623772
-85.672363
-85.712639
-85.746033
-85.773773
-85.796928
-85.816269
-85.832535
-85.846336
-85.858101
-85.868256
-85.877029
-85.884705
-85.891579
-85.897743
-85.903297
-85.908409
-85.913162
-85.917572
-85.921753
-85.925789
-85.929634
-85.933334
-85.936859
-85.940331
-85.943787
-85.947151
-85.950455
-85.953720
-85.956917
-85.960030
-85.963135
-85.966248
-85.969307
-85.972359
-85.975433
-85.978439
-85.981369
-85.984291
-85.987221
-85.990021
-85.992813
-85.995705
-85.998566
-86.001282
-86.003998
-86.006706
-86.009445
-86.012115
-86.014801
-86.017540
-86.020187
-86.022781
-86.025375
-86.027962
-86.030518
-86.033073
-86.035629
-86.038162
-86.040718
-86.043159
-86.045532
-86.047981
-86.050446
-86.052742
-86.055054
-86.057350
-86.059669
-86.061966
-86.064240
-86.066483
-86.068687
-86.070854
-86.073059
-86.075218
-86.077415
-86.079529
-86.081642
-86.083687
-86.085732
-86.087738
-86.089699
-86.091774
-86.093781
-86.095711
-86.097672
