-86.199997
-86.603645
-86.594742
-86.588821
-86.583931
-86.579498
-86.574516
-86.540794
-85.595039
-57.685776
20.543602
22.040369
20.532351
18.330765
16.462111
15.138891
14.323008
13.917906
13.824324
13.955673
14.241615
14.627826
15.074185
15.552319
16.042978
16.533556
17.015825
17.483801
17.933538
18.362701
18.769829
19.153915
19.514225
19.850206
20.161463
20.447798
20.709200
20.945875
21.158251
21.346956
21.512808
21.656794
21.780025
21.883722
21.969164
22.037663
22.090540
22.129095
22.154594
22.168247
22.171213
22.164566
22.149307
22.126356
22.096563
22.060690
22.019444
21.973444
21.923258
21.869370
21.812237
21.752256
21.689772
21.625093
21.558489
21.490189
21.420406
21.349318
21.277084
21.203842
21.129709
21.054787
20.979162
20.902908
20.826090
20.748768
20.670990
20.592791
20.514204
20.435253
20.355972
20.276371
20.196474
20.116291
20.035824
19.955093
19.874090
19.792816
19.711287
19.629501
19.547457
19.465151
19.382578
19.299721
19.216608
19.133211
19.049530
18.965555
18.881294
18.796726
18.711851
18.626659
18.541143
18.455296
18.369108
18.282574
18.195681
18.108423
18.020794
17.932787
17.844383
17.755583
17.666372
17.576746
17.486694
17.396204
17.305262
17.213860
17.121996
17.029655
16.936819
16.843491
16.749653
16.655298
16.560410
16.464972
16.368980
16.272429
16.175297
16.077574
15.979244
15.880308
15.780745
15.680547
15.579696
15.478182
15.375990
15.273107
15.169514
15.065204
14.960161
14.854373
14.747821
14.640488
14.532362
14.423427
14.313668
14.203064
14.091599
13.979259
13.866031
13.751889
13.636822
13.520806
13.403825
13.285861
13.166891
13.046895
12.925856
12.803752
12.680564
12.556270
12.430849
12.304275
12.176527
12.047582
11.917415
11.786001
11.653319
11.519342
11.384046
11.247403
11.109390
10.969976
10.829133
10.686831
10.543042
10.397740
10.250895
10.102473
9.952446
9.800780
9.647442
9.492399
9.335617
9.177062
9.016692
8.854478
8.690380
8.524362
8.356385
8.186414
8.014400
7.840309
7.664097
7.485723
7.305142
7.122307
6.937175
6.749700
6.559833
6.367525
6.172726
5.975383
5.775441
5.572849
5.367553
5.159499
4.948629
4.734880
4.518189
4.298498
4.075743
3.849856
3.620766
3.388401
3.152687
2.913545
2.670895
2.424649
2.174716
1.921004
1.663415
1.401849
1.136199
0.866349
0.592183
0.313570
0.030376
-0.257540
-0.550331
-0.848158
-1.151195
-1.459620
-1.773634
-2.093442
-2.419273
-2.751356
-3.089942
-3.435298
-3.787713
-4.147486
-4.514940
-4.890418
-5.274273
-5.666889
-6.068667
-6.480028
-6.901416
-7.333292
-7.776142
-8.230469
-8.696796
-9.175663
-9.667629
-10.173259
-10.693136
-11.227849
-11.777994
-12.344169
-12.926969
-13.526985
-14.144802
-14.780992
-15.436106
-16.110685
-16.805246
-17.520285
-18.256273
-19.013668
-19.792913
-20.594439
-21.418652
-22.266001
-23.136917
-24.031855
-24.951319
-25.895849
-26.866072
-27.862669
-28.886358
-29.937670
-31.016523
-32.121944
-33.252167
-34.405041
-35.578594
-36.771347
-37.984051
-39.227230
-40.511467
-41.843266
-43.227131
-44.666332
-46.163284
-47.719631
-49.336075
-51.012043
-52.745281
-54.531353
-56.363190
-58.230762
-60.120949
-62.017742
-63.902817
-65.756432
-67.558693
-69.290886
-70.936699
-72.483147
-73.921181
-75.245781
-76.455681
-77.552818
-78.541687
-79.428612
-80.220985
-80.926735
-81.553818
-82.109917
-82.602203
-83.037315
-83.421173
-83.759171
-84.056076
-84.316208
-84.543404
-84.741234
-84.912880
-85.061234
-85.189011
-85.298668
-85.392464
-85.472404
-85.540352
-85.597961
-85.646675
-85.687828
-85.722481
-85.751663
-85.776222
-85.796913
-85.814354
-85.829048
-85.841499
-85.852036
-85.860985
-85.868675
-85.875275
-85.880989
-85.885963
-85.890327
-85.894180
-85.897629
-85.900726
-85.903580
-85.906219
-85.908600
-85.910881
-85.913086
-85.915192
-85.917244
-85.919243
-85.921295
-85.923241
-85.925117
-85.926956
-85.928802
-85.930603
-85.932388
-85.934189
-85.935982
-85.937782
-85.939598
-85.941353
-85.943130
-85.944862
-85.946663
-85.948296
-85.949959
-85.951630
-85.953377
-85.955063
-85.956772
-85.958534
-85.960258
-85.961945
-85.963623
-85.965279
-85.966904
-85.968536
-85.970100
-85.971649
-85.973221
-85.974861
-85.976479
-85.978081
-85.979645
-85.981255
-85.982834
-85.984398
-85.985977
-85.987534
-85.989090
-85.990616
-85.992142
-85.993469
-85.990700
-85.926292
-84.922058
-69.545456
9.642361
16.341787
17.869427
17.023800
15.541348
14.172626
13.145901
12.483561
12.138229
12.045158
12.141674
12.373916
12.698493
13.082031
13.499835
13.934263
14.372921
14.806707
15.229458
15.637391
16.028242
16.400654
16.753801
17.087151
17.400373
17.693226
17.965593
18.217445
18.448875
18.660080
18.851370
19.023195
19.176107
19.310759
19.427900
19.528353
19.612984
19.682703
19.738443
19.781143
19.811741
19.831141
19.840229
19.839857
19.830832
19.813906
19.789799
19.759172
19.722637
19.680761
19.634058
19.583000
19.528017
19.469501
19.407803
19.343239
19.276093
19.206617
19.135040
19.061563
18.986374
18.909628
18.831474
18.752028
18.671404
18.589705
18.507010
18.423391
18.338930
18.253666
18.167660
18.080956
17.993580
17.905579
17.816967
17.727770
17.638010
17.547693
17.456844
17.365469
17.273571
17.181156
17.088228
16.994793
16.900846
16.806393
16.711420
16.615929
16.519918
16.423384
16.326313
16.228697
16.130531
16.031807
15.932520
15.832656
15.732203
15.631154
15.529496
15.427219
15.324310
15.220756
15.116546
15.011668
14.906109
14.799851
14.692886
14.585195
14.476769
14.367585
14.257632
14.146895
14.035357
13.923000
13.809813
13.695775
13.580873
13.465084
13.348394
13.230781
13.112230
12.992719
12.872230
12.750743
12.628241
12.504702
12.380107
12.254432
12.127652
11.999756
11.870711
11.740499
11.609095
11.476475
11.342621
11.207504
11.071098
10.933380
10.794321
10.653898
10.512080
10.368842
10.224156
10.077994
9.930329
9.781129
9.630365
9.478004
9.324015
9.168366
9.011029
8.851968
8.691150
8.528542
8.364104
8.197808
8.029611
7.859475
7.687366
7.513246
7.337078
7.158822
6.978436
6.795878
6.611107
6.424080
6.234754
6.043082
5.849019
5.652519
5.453536
5.252023
5.047928
4.841199
4.631786
4.419631
4.204682
3.986878
3.766164
3.542482
3.315769
3.085960
2.852991
2.616792
2.377293
2.134422
1.888102
1.638250
1.384779
1.127600
0.866617
0.601734
0.332846
0.059841
-0.217395
-0.498986
-0.785060
-1.075753
-1.371215
-1.671604
-1.977084
-2.287830
-2.604029
-2.925881
-3.253599
-3.587407
-3.927548
-4.274277
-4.627864
-4.988601
-5.356790
-5.732750
-6.116823
-6.509363
-6.910747
-7.321367
-7.741636
-8.171987
-8.612863
-9.064732
-9.528079
-10.003402
-10.491216
-10.992050
-11.506443
-12.034941
-12.578097
-13.136468
-13.710616
-14.301101
-14.908471
-15.533270
-16.176033
-16.837282
-17.517529
-18.217264
-18.936962
-19.677097
-20.438120
-21.220470
-22.024599
-22.850954
-23.700001
-24.572224
-25.468142
-26.388325
-27.333397
-28.304068
-29.301125
-30.325464
-31.378124
-32.460300
-33.573040
-34.715546
-35.882446
-37.063755
-38.253029
-39.466621
-40.717827
-42.014885
-43.363495
-44.767998
-46.232014
-47.758633
-49.350368
-51.008923
-52.734699
-54.526222
-56.379337
-58.286366
-60.235405
-62.209896
-64.188850
-66.147713
-68.060104
-69.900093
-71.644440
-73.274551
-74.777596
-76.146843
-77.381119
-78.484047
-79.462585
-80.325996
-81.084656
-81.749123
-82.329597
-82.835541
-83.275513
-83.657211
-83.987404
-84.272118
-84.516769
-84.726212
-84.904800
-85.056511
-85.184891
-85.293144
-85.384140
-85.460426
-85.524231
-85.577538
-85.622002
-85.659081
-85.690063
-85.715942
-85.737625
-85.755806
-85.771149
-85.784149
-85.795189
-85.804619
-85.812675
-85.819664
-85.825745
-85.831100
-85.835869
-85.840141
-85.844017
-85.847519
-85.850739
-85.853737
-85.856529
-85.859192
-85.861633
-85.864037
-85.866280
-85.868446
-85.870621
-85.872742
-85.874771
-85.876823
-85.878784
-85.880760
-85.882774
-85.884811
-85.886887
-85.888893
-85.890892
-85.892853
-85.894798
-85.896774
-85.898773
-85.900780
-85.902779
-85.904770
-85.906693
-85.908600
-85.910469
-85.912346
-85.914253
-85.916161
-85.918015
-85.919899
-85.921707
-85.923592
-85.925453
-85.927254
-85.929085
-85.930870
-85.932655
-85.934418
-85.936096
-85.937820
-85.939560
-85.941315
-85.943039
-85.944763
-85.946472
-85.948166
-85.949837
-85.951492
-85.953156
-85.954842
-85.956566
-85.958229
-85.959946
-85.961700
-85.963417
-85.965080
-85.966705
-85.968460
-85.970253
-85.971977
-85.973587
-85.975204
-85.976845
-85.978508
-85.980148
-85.981682
-85.983269
-85.984795
-85.986183
-85.987495
-85.988647
-85.989525
-85.982460
-85.827042
-82.845062
-29.166368
15.951946
18.762234
18.239395
16.617516
15.017494
13.786304
12.971001
12.521302
12.363082
12.423895
12.641384
12.965339
13.357210
13.788596
14.239344
14.695639
15.147833
15.589053
16.015051
16.423344
16.812477
17.181581
17.530090
17.857620
18.163902
18.448771
18.712152
18.954107
19.174807
19.374571
19.553856
19.713234
19.853420
19.975204
20.079481
20.167189
20.239328
20.296909
20.340948
20.372458
20.392416
20.401787
20.401482
20.392353
20.375219
20.350834
20.319895
20.283052
20.240896
20.193966
20.142748
20.087692
20.029203
19.967638
19.903320
19.836531
19.767530
19.696547
19.623789
19.549435
19.473644
19.396555
19.318291
19.238960
19.158655
19.077467
18.995462
18.912708
18.829248
18.745142
18.660423
18.575127
18.489292
18.402927
18.316063
18.228714
18.140896
18.052616
17.963886
17.874716
17.785105
17.695051
17.604555
17.513626
17.422256
17.330446
17.238188
17.145477
17.052311
16.958681
16.864584
16.770006
16.674940
16.579380
16.483318
16.386747
16.289650
16.192026
16.093859
15.995134
15.895838
15.795966
15.695508
15.594447
15.492771
15.390469
15.287529
15.183940
15.079682
14.974744
14.869109
14.762769
14.655703
14.547896
14.439340
14.330012
14.219903
14.108990
13.997264
13.884702
13.771291
13.657012
13.541846
13.425776
13.308787
13.190856
13.071969
12.952104
12.831240
12.709357
12.586439
12.462462
12.337403
12.211244
12.083962
11.955538
11.825945
11.695159
11.563157
11.429914
11.295408
11.159612
11.022503
10.884054
10.744239
10.603031
10.460402
10.316325
10.170769
10.023705
9.875107
9.724939
9.573175
9.419783
9.264729
9.107988
8.949516
8.789281
8.627252
8.463390
8.297662
8.130031
7.960461
7.788915
7.615351
7.439732
7.262017
7.082165
6.900134
6.715878
6.529355
6.340523
6.149338
5.955753
5.759718
5.561187
5.360106
5.156429
4.950101
4.741069
4.529282
4.314682
4.097214
3.876815
3.653429
3.426989
3.197430
2.964686
2.728685
2.489352
2.246611
2.000382
1.750583
1.497126
1.239920
0.978869
0.713874
0.444831
0.171627
-0.105857
-0.387745
-0.674171
-0.965274
-1.261204
-1.562119
-1.868190
-2.179595
-2.496528
-2.819194
-3.147813
-3.482617
-3.823852
-4.171780
-4.526672
-4.888828
-5.258558
-5.636186
-6.022061
-6.416548
-6.820029
-7.232906
-7.655610
-8.088578
-8.532267
-8.987147
-9.453716
-9.932486
-10.423980
-10.928732
-11.447289
-11.980209
-12.528057
-13.091386
-13.670761
-14.266748
-14.879892
-15.510739
-16.159819
-16.827646
-17.514727
-18.221546
-18.948574
-19.696264
-20.465059
-21.255394
-22.067705
-22.902435
-23.760040
-24.640999
-25.545841
-26.475128
-27.429491
-28.409662
-29.416433
-30.450731
-31.513599
-32.605797
-33.726765
-34.873352
-36.040115
-37.220394
-38.414391
-39.637867
-40.901733
-42.212944
-43.576439
-44.996037
-46.474918
-48.015663
-49.620186
-51.289349
-53.022568
-54.817131
-56.667534
-58.564758
-60.495842
-62.443718
-64.387665
-66.304375
-68.169586
-69.960121
-71.655624
-73.240074
-74.702713
-76.038033
-77.245445
-78.328407
-79.293373
-80.148750
-80.903961
-81.568687
-82.152359
-82.663773
-83.110970
-83.501152
-83.840729
-84.135506
-84.390556
-84.610474
-84.799400
-84.961052
-85.098839
-85.215889
-85.314995
-85.398621
-85.469002
-85.528114
-85.577690
-85.619225
-85.653992
-85.683128
-85.707535
-85.728012
-85.745255
-85.759735
-85.772049
-85.782471
-85.791367
-85.799065
-85.805717
-85.811470
-85.816521
-85.820992
-85.824966
-85.828537
-85.831810
-85.834854
-85.837624
-85.840225
-85.842636
-85.844940
-85.847130
-85.849220
-85.851265
-85.853325
-85.855316
-85.857254
-85.859184
-85.861107
-85.863075
-85.864983
-85.866867
-85.868736
-85.870613
-85.872520
-85.874405
-85.876274
-85.878128
-85.879982
-85.881798
-85.883606
-85.885445
-85.887276
-85.889130
-85.890953
-85.892754
-85.894508
-85.896278
-85.897980
-85.899673
-85.901558
-85.903259
-85.904991
-85.906670
-85.908401
-85.910088
-85.911835
-85.913521
-85.915207
-85.916809
-85.918427
-85.920044
-85.921677
-85.923325
-85.924973
-85.926666
-85.928345
-85.930046
-85.931641
-85.933319
-85.934982
-85.936569
-85.938133
-85.939697
-85.941292
-85.942818
-85.944527
-85.946228
-85.947853
-85.949615
-85.951218
-85.952904
-85.954514
-85.956100
-85.957726
-85.958946
-85.953316
-85.824509
-83.453331
-41.747066
14.956616
18.373962
18.189774
16.678583
15.084727
13.821928
12.965555
12.476331
12.284023
12.317165
12.513147
12.820979
13.201164
13.624345
14.069527
14.522180
14.972186
15.412272
15.837859
16.246250
16.635866
17.005760
17.355337
17.684196
17.992060
18.278746
18.544174
18.788380
19.011518
19.213877
19.395876
19.558060
19.701097
19.825758
19.932888
20.023415
20.098307
20.158548
20.205135
20.239063
20.261314
20.272831
20.274517
20.267233
20.251793
20.228951
20.199413
20.163830
20.122801
20.076868
20.026527
19.972235
19.914398
19.853384
19.789518
19.723095
19.654377
19.583601
19.510981
19.436699
19.360916
19.283779
19.205416
19.125937
19.045437
18.964016
18.881737
18.798668
18.714872
18.630388
18.545265
18.459543
18.373247
18.286406
18.199036
18.111160
18.022789
17.933949
17.844637
17.754854
17.664618
17.573919
17.482771
17.391171
17.299114
17.206598
17.113621
17.020178
16.926266
16.831873
16.736998
16.641630
16.545763
16.449390
16.352495
16.255074
16.157110
16.058603
15.959540
15.859908
15.759695
15.658887
15.557475
15.455446
15.352786
15.249479
15.145519
15.040892
14.935582
14.829574
14.722856
14.615411
14.507227
14.398282
14.288566
14.178061
14.066752
13.954628
13.841663
13.727847
13.613161
13.497585
13.381102
13.263692
13.145341
13.026027
12.905734
12.784439
12.662124
12.538769
12.414349
12.288848
12.162238
12.034504
11.905616
11.775558
11.644305
11.511833
11.378118
11.243134
11.106857
10.969262
10.830318
10.690005
10.548297
10.405163
10.260576
10.114506
9.966924
9.817799
9.667105
9.514806
9.360874
9.205276
9.047978
8.888955
8.728165
8.565574
8.401146
8.234849
8.066639
7.896485
7.724349
7.550192
7.373975
7.195657
7.015198
6.832556
6.647687
6.460546
6.271091
6.079277
5.885058
5.688388
5.489220
5.287502
5.083183
4.876210
4.666530
4.454088
4.238831
4.020701
3.799639
3.575586
3.348480
3.118250
2.884830
2.648153
2.408146
2.164732
1.917828
1.667351
1.413216
1.155332
0.893605
0.627933
0.358209
0.084321
-0.193850
-0.476427
-0.763539
-1.055335
-1.351963
-1.653578
-1.960350
-2.272460
-2.590101
-2.913477
-3.242805
-3.578320
-3.920266
-4.268908
-4.624523
-4.987403
-5.357859
-5.736218
-6.122827
-6.518048
-6.922264
-7.335881
-7.759315
-8.193003
-8.637403
-9.092996
-9.560272
-10.039728
-10.531894
-11.037299
-11.556488
-12.090014
-12.638435
-13.202307
-13.782184
-14.378630
-14.992189
-15.623402
-16.272804
-16.940903
-17.628197
-18.335159
-19.062263
-19.809956
-20.578688
-21.368898
-22.181017
-23.015493
-23.872772
-24.753344
-25.657734
-26.586514
-27.540319
-28.519875
-29.525982
-30.559576
-31.621704
-32.713360
-33.834335
-34.981583
-36.148960
-37.328411
-38.521339
-39.743694
-41.006470
-42.316692
-43.679340
-45.098297
-46.576786
-48.117500
-49.722454
-51.392662
-53.127674
-54.924942
-56.779072
-58.681107
-60.617977
-62.572384
-64.523193
-66.446495
-68.317436
-70.112175
-71.809853
-73.394218
-74.854462
-76.185188
-77.386131
-78.461151
-79.417107
-80.262787
-81.007942
-81.662537
-82.236183
-82.737808
-83.175560
-83.556671
-83.887650
-84.174263
-84.421661
-84.634468
-84.816826
-84.972504
-85.104935
-85.217171
-85.311974
-85.391846
-85.458946
-85.515236
-85.562378
-85.601822
-85.634850
-85.662506
-85.685677
-85.705154
-85.721581
-85.735413
-85.747200
-85.757164
-85.765717
-85.773079
-85.779442
-85.784988
-85.789871
-85.794220
-85.798103
-85.801651
-85.804848
-85.807808
-85.810547
-85.813103
-85.815514
-85.817787
-85.819969
-85.822067
-85.824081
-85.826012
-85.827965
-85.829880
-85.831802
-85.833710
-85.835625
-85.837517
-85.839363
-85.841187
-85.843048
-85.844887
-85.846725
-85.848618
-85.850456
-85.852310
-85.854172
-85.855972
-85.857742
-85.859474
-85.861160
-85.862885
-85.864624
-85.866318
-85.868034
-85.869766
-85.871445
-85.873123
-85.874786
-85.876549
-85.878220
-85.879951
-85.881653
-85.883301
-85.884949
-85.886566
-85.888229
-85.889854
-85.891457
-85.893059
-85.894722
-85.896339
-85.897926
-85.899521
-85.901138
-85.902687
-85.904236
-85.905785
-85.907372
-85.909042
-85.910713
-85.912292
-85.913841
-85.915428
-85.916954
-85.918533
-85.920288
-85.921997
-85.923737
-85.925407
-85.926987
-85.928513
-85.930038
-85.931236
-85.925392
-85.790451
-83.282829
-38.921268
15.144095
18.418737
18.151077
16.619741
15.032017
13.783193
12.941539
12.465327
12.283671
12.325117
12.527328
12.839671
13.223009
13.648314
14.094855
14.548334
14.998780
15.439046
15.864652
16.272964
16.662432
17.032131
17.381481
17.710079
18.017651
18.304020
18.569103
18.812933
19.035667
19.237600
19.419147
19.580872
19.723448
19.847641
19.954313
20.044384
20.118814
20.178616
20.224773
20.258297
20.280159
20.291300
20.292637
20.285023
20.269274
20.246143
20.216337
20.180508
20.139244
20.093102
20.042566
19.988098
19.930101
19.868935
19.804932
19.738384
19.669558
19.598684
19.525972
19.451611
19.375755
19.298553
19.220129
19.140598
19.060059
18.978598
18.896286
18.813190
18.729368
18.644865
18.559731
18.473997
18.387690
18.300842
18.213469
18.125591
18.037228
17.948387
17.859079
17.769308
17.679083
17.588404
17.497272
17.405687
17.313650
17.221151
17.128197
17.034779
16.940889
16.846529
16.751678
16.656338
16.560501
16.464159
16.367304
16.269917
16.171993
16.073524
15.974504
15.874912
15.774741
15.673980
15.572616
15.470634
15.368024
15.264771
15.160865
15.056293
14.951039
14.845090
14.738433
14.631051
14.522929
14.414055
14.304408
14.193974
14.082741
13.970690
13.857802
13.744064
13.629460
13.513969
13.397575
13.280256
13.161998
13.042777
12.922581
12.801386
12.679174
12.555922
12.431610
12.306221
12.179729
12.052111
11.923346
11.793411
11.662288
11.529947
11.396367
11.261522
11.125391
10.987944
10.849155
10.708999
10.567447
10.424474
10.280053
10.134156
9.986751
9.837810
9.687304
9.535198
9.381463
9.226066
9.068971
8.910157
8.749587
8.587220
8.423025
8.256966
8.089003
7.919100
7.747220
7.573326
7.397379
7.219338
7.039164
6.856812
6.672243
6.485412
6.296274
6.104783
5.910894
5.714562
5.515741
5.314379
5.110425
4.903826
4.694533
4.482490
4.267641
4.049929
3.829296
3.605680
3.379020
3.149251
2.916308
2.680119
2.440609
2.197706
1.951332
1.701402
1.447830
1.190528
0.929399
0.664344
0.395259
0.122031
-0.155453
-0.437321
-0.723698
-1.014723
-1.310551
-1.611337
-1.917247
-2.228459
-2.545161
-2.867556
-3.195859
-3.530301
-3.871126
-4.218594
-4.572977
-4.934567
-5.303672
-5.680616
-6.065738
-6.459399
-6.861976
-7.273871
-7.695499
-8.127293
-8.569708
-9.023211
-9.488291
-9.965454
-10.455217
-10.958104
-11.474652
-12.005412
-12.550943
-13.111798
-13.688537
-14.281710
-14.891862
-15.519534
-16.165251
-16.829529
-17.512869
-18.215750
-18.938644
-19.682001
-20.446260
-21.231857
-22.039223
-22.868790
-23.721018
-24.596378
-25.495380
-26.418594
-27.366642
-28.340214
-29.340103
-30.367210
-31.422564
-32.507214
-33.621338
-34.762554
-35.925175
-37.101460
-38.288391
-39.501911
-40.753971
-42.052177
-43.401779
-44.806839
-46.270679
-47.796085
-49.385231
-51.039371
-52.758438
-54.540398
-56.380550
-58.270805
-60.199036
-62.148911
-64.100090
-66.029182
-67.911392
-69.722519
-71.440926
-73.049240
-74.535446
-75.892982
-77.120567
-78.221184
-79.201111
-80.068817
-80.833916
-81.506386
-82.095917
-82.611626
-83.061821
-83.453941
-83.794716
-84.090004
-84.345093
-84.564735
-84.753159
-84.914192
-85.051323
-85.167686
-85.266098
-85.349083
-85.418915
-85.477516
-85.526627
-85.567741
-85.602180
-85.631020
-85.655190
-85.675484
-85.692589
-85.707016
-85.719223
-85.729630
-85.738533
-85.746170
-85.752724
-85.758408
-85.763412
-85.767845
-85.771820
-85.775375
-85.778633
-85.781593
-85.784309
-85.786827
-85.789192
-85.791489
-85.793633
-85.795731
-85.797661
-85.799568
-85.801476
-85.803398
-85.805305
-85.807121
-85.808929
-85.810745
-85.812569
-85.814415
-85.816307
-85.818077
-85.819824
-85.821602
-85.823402
-85.825150
-85.826881
-85.828598
-85.830315
-85.832047
-85.833755
-85.835442
-85.837158
-85.838821
-85.840485
-85.842125
-85.843765
-85.845535
-85.847198
-85.848862
-85.850464
-85.852150
-85.853783
-85.855392
-85.857094
-85.858696
-85.860275
-85.861900
-85.863548
-85.865181
-85.866821
-85.868423
-85.870064
-85.871658
-85.873222
-85.874794
-85.876358
-85.877930
-85.879524
-85.881119
-85.882690
-85.884323
-85.885887
-85.887535
-85.889076
-85.890633
-85.892189
-85.893730
