-86.199997
-86.558792
-86.554718
-86.552643
-86.551231
-86.550156
-86.548492
-86.518219
-85.582100
-57.766949
20.174858
21.514446
20.225899
18.260078
16.517471
15.224116
14.374458
13.898103
13.714001
13.747937
13.937833
14.234532
14.600759
15.009241
15.440656
15.881626
16.322905
16.757460
17.180309
17.588202
17.978968
18.351072
18.703390
19.035076
19.345503
19.634249
19.901083
20.145975
20.369078
20.570734
20.751444
20.911879
21.052824
21.175179
21.279917
21.368071
21.440704
21.498892
21.543695
21.576162
21.597303
21.608086
21.609423
21.602177
21.587145
21.565079
21.536659
21.502522
21.463245
21.419350
21.371307
21.319553
21.264469
21.206400
21.145658
21.082525
21.017248
20.950043
20.881115
20.810637
20.738762
20.665623
20.591341
20.516027
20.439770
20.362658
20.284763
20.206142
20.126858
20.046951
19.966471
19.885447
19.803917
19.721897
19.639420
19.556499
19.473150
19.389391
19.305222
19.220661
19.135715
19.050386
18.964676
18.878578
18.792105
18.705259
18.618027
18.530416
18.442421
18.354042
18.265253
18.176073
18.086483
17.996481
17.906063
17.815218
17.723944
17.632219
17.540052
17.447424
17.354328
17.260765
17.166712
17.072170
16.977121
16.881554
16.785469
16.688848
16.591681
16.493958
16.395666
16.296799
16.197346
16.097292
15.996624
15.895329
15.793404
15.690825
15.587583
15.483668
15.379066
15.273766
15.167750
15.061007
14.953524
14.845284
14.736271
14.626475
14.515875
14.404463
14.292218
14.179129
14.065175
13.950346
13.834623
13.717986
13.600419
13.481905
13.362428
13.241967
13.120507
12.998028
12.874511
12.749937
12.624288
12.497540
12.369676
12.240671
12.110509
11.979165
11.846620
11.712853
11.577839
11.441554
11.303978
11.165085
11.024848
10.883246
10.740252
10.595844
10.449994
10.302677
10.153866
10.003531
9.851649
9.698190
9.543120
9.386416
9.228045
9.067980
8.906189
8.742640
8.577307
8.410151
8.241140
8.070243
7.897428
7.722657
7.545893
7.367105
7.186258
7.003315
6.818240
6.630990
6.441529
6.249818
6.055815
5.859482
5.660775
5.459651
5.256066
5.049978
4.841341
4.630105
4.416222
4.199643
3.980318
3.758195
3.533221
3.305338
3.074491
2.840619
2.603663
2.363557
2.120233
1.873621
1.623645
1.370227
1.113289
0.852742
0.588498
0.320460
0.048529
-0.227405
-0.507452
-0.791732
-1.080372
-1.373506
-1.671278
-1.973837
-2.281347
-2.593974
-2.911903
-3.235321
-3.564431
-3.899446
-4.240595
-4.588109
-4.942240
-5.303252
-5.671422
-6.047047
-6.430424
-6.821878
-7.221737
-7.630346
-8.048058
-8.475244
-8.912285
-9.359575
-9.817517
-10.286525
-10.767013
-11.259411
-11.764152
-12.281672
-12.812410
-13.356809
-13.915314
-14.488360
-15.076391
-15.679842
-16.299152
-16.934750
-17.587072
-18.256561
-18.943665
-19.648832
-20.372524
-21.115231
-21.877470
-22.659779
-23.462765
-24.287067
-25.133411
-26.002598
-26.895519
-27.813185
-28.756678
-29.727020
-30.725004
-31.751051
-32.805218
-33.887333
-34.997120
-36.134434
-37.299549
-38.496132
-39.734726
-41.024731
-42.373898
-43.788471
-45.273907
-46.834793
-48.474552
-50.194923
-51.995121
-53.870911
-55.813744
-57.810120
-59.841457
-61.884678
-63.913662
-65.901215
-67.821304
-69.651154
-71.372765
-72.973595
-74.446693
-75.790123
-77.006165
-78.100212
-79.079788
-79.953636
-80.730980
-81.420906
-82.032150
-82.572723
-83.049881
-83.470131
-83.839294
-84.162643
-84.444893
-84.690300
-84.902870
-85.086182
-85.243629
-85.378265
-85.492973
-85.590302
-85.672653
-85.742073
-85.800476
-85.849525
-85.890663
-85.925179
-85.954109
-85.978424
-85.998871
-86.016167
-86.030815
-86.043297
-86.053993
-86.063248
-86.071304
-86.078392
-86.084641
-86.090233
-86.095322
-86.100006
-86.104294
-86.108322
-86.112106
-86.115685
-86.119133
-86.122459
-86.125580
-86.128708
-86.131775
-86.134827
-86.137810
-86.140678
-86.143517
-86.146370
-86.149124
-86.151871
-86.154663
-86.157387
-86.160095
-86.162811
-86.165527
-86.168129
-86.170761
-86.173431
-86.176056
-86.178642
-86.181206
-86.183716
-86.186211
-86.188683
-86.191208
-86.193687
-86.196136
-86.198578
-86.200981
-86.203384
-86.205833
-86.208168
-86.210472
-86.212761
-86.214981
-86.217163
-86.219437
-86.221741
-86.223984
-86.226151
-86.228310
-86.230484
-86.232590
-86.234756
-86.236832
-86.238899
-86.240997
-86.243019
-86.245033
-86.246986
-86.248657
-86.246017
-86.178337
-85.087936
-67.831367
11.039309
16.485575
17.576921
16.733042
15.373976
14.112437
13.142179
12.488037
12.114245
11.968036
11.996809
12.154548
12.403603
12.714540
13.065109
13.438947
13.824142
14.211549
14.594575
14.968817
15.331328
15.680125
16.013844
16.331520
16.632479
16.916224
17.182419
17.430853
17.661440
17.874210
18.069304
18.246973
18.407568
18.551523
18.679371
18.791708
18.889185
18.972498
19.042377
19.099577
19.144840
19.178930
19.202574
19.216503
19.221415
19.217983
19.206850
19.188618
19.163853
19.133089
19.096817
19.055502
19.009581
18.959421
18.905401
18.847847
18.787062
18.723312
18.656855
18.587914
18.516693
18.443378
18.368137
18.291130
18.212481
18.132313
18.050741
17.967855
17.883747
17.798498
17.712172
17.624830
17.536528
17.447317
17.357237
17.266325
17.174616
17.082127
16.988892
16.894928
16.800255
16.704884
16.608829
16.512100
16.414703
16.316641
16.217922
16.118546
16.018515
15.917822
15.816470
15.714456
15.611774
15.508422
15.404390
15.299673
15.194260
15.088145
14.981318
14.873771
14.765491
14.656466
14.546684
14.436138
14.324809
14.212692
14.099771
13.986030
13.871453
13.756029
13.639743
13.522578
13.404515
13.285541
13.165641
13.044799
12.922997
12.800216
12.676435
12.551641
12.425812
12.298929
12.170972
12.041926
11.911767
11.780474
11.648028
11.514408
11.379591
11.243553
11.106275
10.967730
10.827899
10.686760
10.544286
10.400455
10.255238
10.108614
9.960555
9.811037
9.660028
9.507508
9.353448
9.197822
9.040600
8.881754
8.721256
8.559072
8.395177
8.229538
8.062124
7.892908
7.721856
7.548935
7.374115
7.197361
7.018639
6.837915
6.655155
6.470323
6.283386
6.094305
5.903047
5.709570
5.513839
5.315813
5.115452
4.912717
4.707566
4.499958
4.289854
4.077208
3.861973
3.644105
3.423555
3.200274
2.974211
2.745316
2.513534
2.278814
2.041097
1.800318
1.556419
1.309334
1.058994
0.805326
0.548257
0.287706
0.023589
-0.244183
-0.515702
-0.791067
-1.070385
-1.353767
-1.641330
-1.933198
-2.229507
-2.530394
-2.836010
-3.146510
-3.462060
-3.782840
-4.109033
-4.440841
-4.778470
-5.122137
-5.472079
-5.828537
-6.191774
-6.562057
-6.939669
-7.324902
-7.718067
-8.119481
-8.529480
-8.948406
-9.376622
-9.814495
-10.262407
-10.720743
-11.189901
-11.670286
-12.162309
-12.666389
-13.182946
-13.712410
-14.255203
-14.811752
-15.382486
-15.967832
-16.568211
-17.184050
-17.815771
-18.463797
-19.128550
-19.810461
-20.509966
-21.227516
-21.963585
-22.718668
-23.493296
-24.288021
-25.103476
-25.940338
-26.799358
-27.681404
-28.587420
-29.518499
-30.475874
-31.460938
-32.475300
-33.520569
-34.597538
-35.704479
-36.835499
-37.982582
-39.154202
-40.364510
-41.623856
-42.940136
-44.319958
-45.769287
-47.293694
-48.898277
-50.587299
-52.363453
-54.226860
-56.173756
-58.194969
-60.274708
-62.389938
-64.511177
-66.604515
-68.634972
-70.570274
-72.383942
-74.057304
-75.580070
-76.949684
-78.169899
-79.248932
-80.197853
-81.028923
-81.754547
-82.386528
-82.935631
-83.411484
-83.822563
-84.176376
-84.479584
-84.738190
-84.957603
-85.142830
-85.298386
-85.428375
-85.536583
-85.626312
-85.700546
-85.761810
-85.812286
-85.853889
-85.888214
-85.916603
-85.940147
-85.959770
-85.976204
-85.990059
-86.001823
-86.011963
-86.020760
-86.028488
-86.035393
-86.041595
-86.047180
-86.052353
-86.057205
-86.061745
-86.066032
-86.070015
-86.073921
-86.077721
-86.081398
-86.084885
-86.088333
-86.091766
-86.095062
-86.098358
-86.101608
-86.104797
-86.108017
-86.111244
-86.114365
-86.117424
-86.120461
-86.123436
-86.126411
-86.129341
-86.132317
-86.135216
-86.138191
-86.141121
-86.143959
-86.146767
-86.149681
-86.152466
-86.155243
-86.158043
-86.160789
-86.163521
-86.166245
-86.168961
-86.171631
-86.174240
-86.176834
-86.179390
-86.181992
-86.184525
-86.187012
-86.189545
-86.192093
-86.194565
-86.196991
-86.199409
-86.201797
-86.204155
-86.206558
-86.208847
-86.211166
-86.213432
-86.215645
-86.217918
-86.220245
-86.222458
-86.224556
-86.226700
-86.228859
-86.230888
-86.232925
-86.235085
-86.237160
-86.239151
-86.241104
-86.243034
-86.244957
-86.246872
-86.248756
-86.250687
-86.252617
-86.254448
-86.256279
-86.258141
-86.259964
-86.261749
-86.263535
-86.265259
-86.266594
-86.260109
-86.103607
-83.031090
-26.594503
16.207714
18.476614
17.941820
16.465771
14.989069
13.818198
13.006587
12.519670
12.297980
12.280718
12.414235
12.654523
12.967150
13.326138
13.712493
14.112636
14.516693
14.917177
15.309029
15.688932
16.054693
16.404818
16.738274
17.054300
17.352354
17.632057
17.893139
18.135494
18.359108
18.564112
18.750751
18.919392
19.070499
19.204630
19.322430
19.424608
19.511917
19.585163
19.645145
19.692690
19.728605
19.753698
19.768759
19.774540
19.771763
19.761108
19.743223
19.718731
19.688171
19.652081
19.610941
19.565214
19.515276
19.461527
19.404310
19.343931
19.280676
19.214785
19.146507
19.076044
19.003586
18.929304
18.853346
18.775846
18.696934
18.616713
18.535280
18.452719
18.369108
18.284519
18.199007
18.112625
18.025423
17.937439
17.848711
17.759266
17.669136
17.578339
17.486891
17.394815
17.302122
17.208822
17.114929
17.020441
16.925375
16.829723
16.733486
16.636673
16.539280
16.441299
16.342733
16.243568
16.143806
16.043447
15.942474
15.840887
15.738674
15.635828
15.532338
15.428196
15.323389
15.217911
15.111745
15.004882
14.897310
14.789019
14.679995
14.570222
14.459689
14.348380
14.236280
14.123380
14.009662
13.895107
13.779703
13.663434
13.546288
13.428245
13.309286
13.189395
13.068557
12.946750
12.823958
12.700164
12.575346
12.449490
12.322574
12.194577
12.065482
11.935266
11.803905
11.671383
11.537677
11.402765
11.266626
11.129237
10.990573
10.850612
10.709330
10.566701
10.422702
10.277306
10.130490
9.982229
9.832498
9.681267
9.528514
9.374206
9.218315
9.060814
8.901672
8.740864
8.578359
8.414125
8.248137
8.080355
7.910753
7.739298
7.565958
7.390699
7.213487
7.034287
6.853068
6.669795
6.484431
6.296940
6.107285
5.915425
5.721323
5.524942
5.326240
5.125180
4.921723
4.715825
4.507443
4.296532
4.083047
3.866939
3.648161
3.426666
3.202404
2.975323
2.745374
2.512499
2.276639
2.037735
1.795727
1.550546
1.302127
1.050398
0.795284
0.536706
0.274581
0.008822
-0.260665
-0.533977
-0.811217
-1.092495
-1.377925
-1.667630
-1.961741
-2.260396
-2.563741
-2.871931
-3.185126
-3.503503
-3.827246
-4.156548
-4.491615
-4.832664
-5.179925
-5.533640
-5.894062
-6.261455
-6.636099
-7.018285
-7.408318
-7.806512
-8.213202
-8.628724
-9.053436
-9.487701
-9.931900
-10.386413
-10.851632
-11.327960
-11.815808
-12.315594
-12.827737
-13.352660
-13.890789
-14.442547
-15.008363
-15.588663
-16.183870
-16.794411
-17.420706
-18.063168
-18.722227
-19.398315
-20.091862
-20.803322
-21.533155
-22.281862
-23.049952
-23.837982
-24.646576
-25.476387
-26.328161
-27.202732
-28.101028
-29.024117
-29.973183
-30.949593
-31.954792
-32.989948
-34.055286
-35.149445
-36.269245
-37.409882
-38.573402
-39.772438
-41.017986
-42.318363
-43.680420
-45.110188
-46.613174
-48.194378
-49.857887
-51.606331
-53.439831
-55.354900
-57.343067
-59.389854
-61.474255
-63.569332
-65.643982
-67.665733
-69.603951
-71.432770
-73.132942
-74.692612
-76.107018
-77.377495
-78.509987
-79.513451
-80.398697
-81.177040
-81.859695
-82.457062
-82.978653
-83.432983
-83.827530
-84.168976
-84.463280
-84.715805
-84.931503
-85.114845
-85.269958
-85.400551
-85.510048
-85.601578
-85.677803
-85.741165
-85.793739
-85.837379
-85.873528
-85.903603
-85.928604
-85.949493
-85.967010
-85.981796
-85.994400
-86.005203
-86.014565
-86.022713
-86.029945
-86.036430
-86.042274
-86.047661
-86.052605
-86.057190
-86.061424
-86.065552
-86.069435
-86.073250
-86.076881
-86.080467
-86.083885
-86.087227
-86.090416
-86.093605
-86.096893
-86.099991
-86.103104
-86.106232
-86.109314
-86.112289
-86.115219
-86.118141
-86.121078
-86.123924
-86.126831
-86.129807
-86.132668
-86.135490
-86.138344
-86.141167
-86.143967
-86.146797
-86.149574
-86.152298
-86.154976
-86.157646
-86.160301
-86.162956
-86.165619
-86.168198
-86.170761
-86.173271
-86.175819
-86.178291
-86.180733
-86.183083
-86.185463
-86.187935
-86.190292
-86.192604
-86.194946
-86.197243
-86.199539
-86.201820
-86.204056
-86.206299
-86.208549
-86.210785
-86.212975
-86.215172
-86.217415
-86.219559
-86.221657
-86.223755
-86.225815
-86.227844
-86.229897
-86.231918
-86.233971
-86.235901
-86.237846
-86.239799
-86.241730
-86.243584
-86.245422
-86.247261
-86.249031
-86.250404
-86.244911
-86.113052
-83.625153
-38.704208
15.428817
18.172865
17.885775
16.491228
15.020965
13.828577
12.987673
12.471838
12.224651
12.186187
12.302730
12.529799
12.832343
13.183772
13.564526
13.960551
14.361670
14.760126
15.150628
15.529690
15.895006
16.245028
16.578653
16.895119
17.193861
17.474470
17.736687
17.980375
18.205498
18.412180
18.600637
18.771208
18.924328
19.060541
19.180454
19.284756
19.374178
19.449495
19.511501
19.561007
19.598806
19.625696
19.642447
19.649824
19.648529
19.639250
19.622639
19.599298
19.569792
19.534649
19.494358
19.449354
19.400078
19.346886
19.290140
19.230154
19.167210
19.101562
19.033459
18.963100
18.890688
18.816389
18.740360
18.662745
18.583664
18.503227
18.421535
18.338678
18.254732
18.169773
18.083862
17.997051
17.909388
17.820908
17.731663
17.641676
17.550974
17.459585
17.367529
17.274820
17.181473
17.087502
16.992910
16.897713
16.801912
16.705509
16.608505
16.510906
16.412708
16.313911
16.214512
16.114500
16.013872
15.912621
15.810749
15.708246
15.605102
15.501306
15.396851
15.291726
15.185924
15.079431
14.972235
14.864325
14.755688
14.646313
14.536186
14.425298
14.313631
14.201169
14.087901
13.973812
13.858887
13.743108
13.626461
13.508928
13.390496
13.271148
13.150865
13.029630
12.907426
12.784236
12.660038
12.534817
12.408550
12.281219
12.152804
12.023288
11.892646
11.760862
11.627912
11.493772
11.358421
11.221840
11.084003
10.944892
10.804479
10.662740
10.519652
10.375194
10.229336
10.082052
9.933318
9.783105
9.631391
9.478148
9.323346
9.166961
9.008962
8.849318
8.688001
8.524981
8.360230
8.193715
8.025408
7.855276
7.683285
7.509407
7.333604
7.155846
6.976096
6.794318
6.610479
6.424546
6.236481
6.046246
5.853806
5.659120
5.462151
5.262856
5.061195
4.857129
4.650617
4.441617
4.230084
4.015975
3.799242
3.579837
3.357709
3.132809
2.905089
2.674491
2.440962
2.204446
1.964882
1.722211
1.476363
1.227271
0.974865
0.719066
0.459797
0.196975
-0.069487
-0.339682
-0.613709
-0.891669
-1.173675
-1.459841
-1.750291
-2.045154
-2.344569
-2.648684
-2.957655
-3.271646
-3.590833
-3.915396
-4.245532
-4.581450
-4.923366
-5.271507
-5.626117
-5.987449
-6.355772
-6.731364
-7.114517
-7.505533
-7.904731
-8.312444
-8.729012
-9.154786
-9.590139
-10.035440
-10.491078
-10.957449
-11.434956
-11.924006
-12.425007
-12.938384
-13.464560
-14.003959
-14.557009
-15.124129
-15.705746
-16.302284
-16.914165
-17.541809
-18.185631
-18.846062
-19.523525
-20.218449
-20.931295
-21.662514
-22.412600
-23.182081
-23.971508
-24.781490
-25.612698
-26.465872
-27.341846
-28.241566
-29.166079
-30.116606
-31.094513
-32.101284
-33.138241
-34.205750
-35.302303
-36.424046
-37.565304
-38.729172
-39.929199
-41.176208
-42.478462
-43.842674
-45.274864
-46.780548
-48.364750
-50.031647
-51.783916
-53.621765
-55.541763
-57.535427
-59.588131
-61.678574
-63.779297
-65.858528
-67.883133
-69.821953
-71.648750
-73.344200
-74.896637
-76.301727
-77.561211
-78.681572
-79.672302
-80.544571
-81.310028
-81.980064
-82.565247
-83.075157
-83.518341
-83.902328
-84.233841
-84.518845
-84.762749
-84.970490
-85.146553
-85.295090
-85.419830
-85.524223
-85.611244
-85.683594
-85.743637
-85.793411
-85.834656
-85.868835
-85.897224
-85.920883
-85.940681
-85.957314
-85.971375
-85.983345
-85.993690
-86.002670
-86.010513
-86.017509
-86.023788
-86.029518
-86.034752
-86.039627
-86.044189
-86.048439
-86.052521
-86.056450
-86.060242
-86.063843
-86.067360
-86.070824
-86.074196
-86.077538
-86.080772
-86.083954
-86.087151
-86.090324
-86.093460
-86.096558
-86.099640
-86.102692
-86.105682
-86.108612
-86.111526
-86.114418
-86.117348
-86.120323
-86.123199
-86.126106
-86.128967
-86.131744
-86.134605
-86.137421
-86.140167
-86.142891
-86.145638
-86.148308
-86.150955
-86.153603
-86.156166
-86.158730
-86.161316
-86.163872
-86.166428
-86.168961
-86.171417
-86.173866
-86.176262
-86.178673
-86.181023
-86.183365
-86.185738
-86.188034
-86.190338
-86.192627
-86.194908
-86.197105
-86.199371
-86.201653
-86.203812
-86.206001
-86.208153
-86.210320
-86.212402
-86.214493
-86.216553
-86.218590
-86.220596
-86.222641
-86.224609
-86.226532
-86.228439
-86.230347
-86.232246
-86.234100
-86.235939
-86.237816
-86.239594
-86.240929
-86.235153
-86.097282
-83.472328
-35.843651
15.613133
18.225416
17.859148
16.439939
14.970046
13.787286
12.958404
12.454150
12.217051
12.186901
12.310050
12.542222
12.848624
13.202909
13.585738
13.983246
14.385386
14.784529
15.175475
15.554808
15.920271
16.270336
16.603937
16.920317
17.218910
17.499323
17.761297
18.004698
18.229509
18.435835
18.623909
18.794073
18.946770
19.082544
19.202007
19.305851
19.394812
19.469669
19.531218
19.580265
19.617632
19.644104
19.660448
19.667414
19.665735
19.656086
19.639124
19.615437
19.585606
19.550158
19.509579
19.464300
19.414757
19.361317
19.304329
19.244110
19.180946
19.115097
19.046797
18.976257
18.903666
18.829201
18.753012
18.675240
18.596014
18.515442
18.433620
18.350637
18.266571
18.181494
18.095465
18.008545
17.920778
17.832201
17.742855
17.652769
17.561974
17.470495
17.378351
17.285557
17.192127
17.098074
17.003405
16.908127
16.812250
16.715775
16.618704
16.521034
16.422768
16.323904
16.224436
16.124367
16.023674
15.922370
15.820439
15.717875
15.614675
15.510823
15.406315
15.301135
15.195280
15.088735
14.981489
14.873531
14.764845
14.655422
14.545248
14.434312
14.322598
14.210093
14.096781
13.982651
13.867681
13.751864
13.635179
13.517610
13.399138
13.279753
13.159436
13.038169
12.915933
12.792710
12.668481
12.543230
12.416934
12.289576
12.161135
12.031591
11.900927
11.769119
11.636149
11.501991
11.366624
11.230024
11.092172
10.953043
10.812613
10.670862
10.527764
10.383294
10.237427
10.090137
9.941399
9.791183
9.639466
9.486221
9.331423
9.175039
9.017044
8.857409
8.696101
8.533094
8.368355
8.201854
8.033561
7.863445
7.691474
7.517616
7.341838
7.164105
6.984383
6.802636
6.618830
6.432928
6.244896
6.054700
5.862299
5.667655
5.470731
5.271484
5.069876
4.865863
4.659406
4.450461
4.238986
4.024938
3.808269
3.588931
3.366877
3.142055
2.914412
2.683894
2.450449
2.214016
1.974539
1.731958
1.486207
1.237217
0.984918
0.729235
0.470089
0.207396
-0.058932
-0.328987
-0.602868
-0.880677
-1.162523
-1.448522
-1.738797
-2.033479
-2.332703
-2.636616
-2.945375
-3.259145
-3.578099
-3.902422
-4.232305
-4.567956
-4.909588
-5.257432
-5.611728
-5.972727
-6.340695
-6.715914
-7.098670
-7.489271
-7.888032
-8.295283
-8.711362
-9.136622
-9.571431
-10.016158
-10.471192
-10.936923
-11.413753
-11.902090
-12.402348
-12.914947
-13.440301
-13.978836
-14.530977
-15.097149
-15.677772
-16.273268
-16.884064
-17.510571
-18.153206
-18.812401
-19.488575
-20.182161
-20.893597
-21.623356
-22.371918
-23.139795
-23.927557
-24.735792
-25.565172
-26.416437
-27.290405
-28.188013
-29.110308
-30.058489
-31.033901
-32.038036
-33.072231
-34.136925
-35.230728
-36.350014
-37.488892
-38.649738
-39.845680
-41.087860
-42.384666
-43.742905
-45.168606
-46.667294
-48.244030
-49.903042
-51.647160
-53.476799
-55.388863
-57.375305
-59.422035
-61.508293
-63.607124
-65.687103
-67.715134
-69.659874
-71.494667
-73.199608
-74.762459
-76.178284
-77.448425
-78.578949
-79.579163
-80.460106
-81.233429
-81.910507
-82.502007
-83.017570
-83.465828
-83.854385
-84.190010
-84.478737
-84.726028
-84.936844
-85.115700
-85.266708
-85.393661
-85.499969
-85.588684
-85.662498
-85.723801
-85.774658
-85.816849
-85.851852
-85.880943
-85.905174
-85.925430
-85.942474
-85.956894
-85.969193
-85.979752
-85.988937
-85.997009
-86.004219
-86.010681
-86.016495
-86.021858
-86.026825
-86.031464
-86.035843
-86.039963
-86.043884
-86.047737
-86.051430
-86.054993
-86.058495
-86.061935
-86.065186
-86.068466
-86.071701
-86.074913
-86.078110
-86.081238
-86.084328
-86.087433
-86.090500
-86.093513
-86.096527
-86.099503
-86.102463
-86.105385
-86.108223
-86.111191
-86.114143
-86.117004
-86.119835
-86.122658
-86.125450
-86.128250
-86.131027
-86.133751
-86.136383
-86.139053
-86.141754
-86.144424
-86.146988
-86.149582
-86.152107
-86.154640
-86.157173
-86.159683
-86.162186
-86.164597
-86.166969
-86.169327
-86.171661
-86.173973
-86.176300
-86.178558
-86.180855
-86.183121
-86.185402
-86.187599
-86.189766
-86.191925
-86.194115
-86.196205
-86.198380
-86.200470
-86.202545
-86.204559
-86.206573
-86.208641
-86.210709
-86.212738
-86.214684
-86.216621
-86.218536
