-86.199997
-86.466621
-86.464668
-86.463478
-86.462494
-86.461540
-86.459724
-86.429031
-85.490028
-57.585846
20.162817
21.627378
20.277946
18.211546
16.398394
15.069890
14.212072
13.745706
13.582910
13.644526
13.864988
14.192779
14.589121
15.025920
15.483512
15.948513
16.411882
16.866945
17.309006
17.735069
18.143171
18.531927
18.900314
19.247520
19.572941
19.876122
20.156799
20.414896
20.650532
20.864004
21.055799
21.226555
21.377068
21.508234
21.621040
21.716543
21.795841
21.860037
21.910246
21.947546
21.972996
21.987612
21.992346
21.988108
21.975737
21.956015
21.929672
21.897364
21.859701
21.817232
21.770447
21.719809
21.665712
21.608528
21.548590
21.486181
21.421564
21.354973
21.286608
21.216665
21.145290
21.072636
20.998819
20.923960
20.848154
20.771484
20.694033
20.615860
20.537024
20.457575
20.377562
20.297003
20.215950
20.134430
20.052456
19.970057
19.887243
19.804031
19.720432
19.636448
19.552090
19.467369
19.382280
19.296831
19.211021
19.124846
19.038309
18.951406
18.864132
18.776484
18.688461
18.600063
18.511269
18.422085
18.332500
18.242512
18.152102
18.061275
17.970022
17.878330
17.786192
17.693596
17.600536
17.507008
17.412996
17.318497
17.223488
17.127970
17.031935
16.935364
16.838253
16.740589
16.642355
16.543552
16.444164
16.344177
16.243589
16.142372
16.040525
15.938029
15.834877
15.731052
15.626550
15.521349
15.415439
15.308805
15.201437
15.093315
14.984427
14.874759
14.764296
14.653026
14.540932
14.427999
14.314211
14.199551
14.084001
13.967546
13.850169
13.731853
13.612584
13.492342
13.371109
13.248867
13.125597
13.001279
12.875892
12.749420
12.621840
12.493134
12.363283
12.232265
12.100057
11.966636
11.831983
11.696073
11.558882
11.420388
11.280568
11.139399
10.996855
10.852913
10.707544
10.560724
10.412428
10.262626
10.111291
9.958396
9.803915
9.647817
9.490075
9.330660
9.169540
9.006683
8.842061
8.675643
8.507392
8.337273
8.165259
7.991314
7.815407
7.637502
7.457564
7.275555
7.091437
6.905172
6.716725
6.526053
6.333121
6.137888
5.940313
5.740357
5.537977
5.333127
5.125762
4.915838
4.703310
4.488130
4.270246
4.049608
3.826165
3.599865
3.370654
3.138474
2.903263
2.664962
2.423506
2.178828
1.930859
1.679525
1.424748
1.166447
0.904538
0.638935
0.369540
0.096256
-0.181023
-0.462411
-0.748026
-1.037994
-1.332451
-1.631539
-1.935411
-2.244226
-2.558156
-2.877382
-3.202102
-3.532513
-3.868832
-4.211290
-4.560132
-4.915616
-5.278006
-5.647591
-6.024668
-6.409549
-6.802560
-7.204041
-7.614350
-8.033856
-8.462941
-8.901999
-9.351438
-9.811679
-10.283148
-10.766278
-11.261518
-11.769316
-12.290126
-12.824408
-13.372617
-13.935206
-14.512630
-15.105342
-15.713789
-16.338417
-16.979666
-17.637968
-18.313766
-19.007492
-19.719591
-20.450525
-21.200764
-21.970806
-22.761177
-23.572458
-24.405266
-25.260303
-26.138350
-27.040281
-27.967091
-28.919897
-29.899858
-30.907951
-31.944675
-33.009869
-34.102730
-35.222111
-36.366825
-37.535774
-38.735386
-39.977905
-41.273235
-42.628902
-44.051235
-45.545692
-47.116970
-48.768673
-50.502754
-52.318619
-54.212109
-56.174469
-58.191601
-60.243885
-62.306870
-64.352753
-66.352737
-68.279526
-70.109566
-71.824669
-73.412682
-74.867416
-76.188019
-77.377861
-78.443466
-79.393311
-80.236969
-80.984276
-81.644852
-82.227646
-82.740898
-83.192039
-83.587639
-83.933586
-84.235191
-84.497162
-84.723854
-84.919220
-85.086876
-85.230156
-85.352119
-85.455544
-85.542900
-85.616478
-85.678284
-85.730103
-85.773514
-85.809830
-85.840202
-85.865631
-85.886940
-85.904869
-85.920013
-85.932831
-85.943802
-85.953239
-85.961433
-85.968590
-85.974937
-85.980583
-85.985695
-85.990379
-85.994690
-85.998627
-86.002365
-86.005882
-86.009315
-86.012535
-86.015671
-86.018745
-86.021759
-86.024666
-86.027496
-86.030281
-86.033073
-86.035789
-86.038460
-86.041138
-86.043816
-86.046402
-86.048965
-86.051491
-86.054077
-86.056633
-86.059090
-86.061691
-86.064163
-86.066620
-86.069077
-86.071602
-86.074036
-86.076523
-86.079002
-86.081406
-86.083740
-86.086105
-86.088531
-86.090881
-86.093170
-86.095459
-86.097748
-86.099953
-86.102173
-86.104385
-86.106621
-86.108749
-86.110901
-86.113068
-86.115280
-86.117424
-86.119591
-86.121750
-86.123840
-86.125847
-86.127853
-86.129799
-86.131485
-86.129051
-86.065941
-85.074417
-69.803749
9.823458
16.146149
17.551777
16.770737
15.371546
14.049376
13.027994
12.339403
11.947050
11.795148
11.827824
11.996145
12.260098
12.588413
12.957499
13.350083
13.753720
14.159041
14.559297
14.950051
15.328400
15.692435
16.040882
16.372860
16.687744
16.985077
17.264542
17.525923
17.769121
17.994139
18.201080
18.390175
18.561733
18.716175
18.854008
18.975798
19.082195
19.173899
19.251619
19.316124
19.368179
19.408548
19.438002
19.457275
19.467112
19.468185
19.461168
19.446693
19.425358
19.397720
19.364300
19.325584
19.282019
19.234018
19.181971
19.126207
19.067059
19.004808
18.939726
18.872047
18.801996
18.729767
18.655537
18.579462
18.501696
18.422358
18.341568
18.259426
18.176033
18.091467
18.005806
17.919111
17.831442
17.742849
17.653376
17.563065
17.471952
17.380064
17.287426
17.194065
17.100000
17.005236
16.909803
16.813686
16.716921
16.619501
16.521441
16.422720
16.323359
16.223352
16.122704
16.021402
15.919448
15.816834
15.713558
15.609612
15.504987
15.399676
15.293673
15.186964
15.079542
14.971395
14.862511
14.752877
14.642486
14.531322
14.419375
14.306633
14.193076
14.078692
13.963468
13.847387
13.730436
13.612597
13.493857
13.374197
13.253602
13.132054
13.009538
12.886033
12.761519
12.635982
12.509399
12.381755
12.253027
12.123200
11.992251
11.860160
11.726902
11.592458
11.456807
11.319927
11.181798
11.042396
10.901697
10.759676
10.616313
10.471580
10.325450
10.177902
10.028909
9.878445
9.726485
9.573006
9.417976
9.261369
9.103155
8.943306
8.781794
8.618587
8.453660
8.286983
8.118523
7.948247
7.776125
7.602126
7.426217
7.248363
7.068536
6.886698
6.702817
6.516859
6.328786
6.138561
5.946150
5.751514
5.554616
5.355416
5.153875
4.949956
4.743618
4.534818
4.323514
4.109663
3.893218
3.674134
3.452365
3.227863
3.000577
2.770459
2.537456
2.301512
2.062567
1.820564
1.575438
1.327127
1.075560
0.820666
0.562370
0.300595
0.035256
-0.233733
-0.506468
-0.783047
-1.063576
-1.348167
-1.636937
-1.930013
-2.227527
-2.529622
-2.836449
-3.148165
-3.464941
-3.786956
-4.114401
-4.447477
-4.786398
-5.131390
-5.482689
-5.840548
-6.205228
-6.577005
-6.956168
-7.343021
-7.737875
-8.141066
-8.552937
-8.973840
-9.404144
-9.844226
-10.294477
-10.755296
-11.227098
-11.710296
-12.205315
-12.712584
-13.232539
-13.765615
-14.312250
-14.872884
-15.447953
-16.037895
-16.643135
-17.264103
-17.901226
-18.554934
-19.225645
-19.913799
-20.619829
-21.344175
-22.087307
-22.849712
-23.631908
-24.434464
-25.257988
-26.103161
-26.970732
-27.861565
-28.776608
-29.716963
-30.683870
-31.678751
-32.703232
-33.759109
-34.847672
-35.966946
-37.107647
-38.259674
-39.437580
-40.656155
-41.925663
-43.253849
-44.647247
-46.111774
-47.653008
-49.276077
-50.985214
-52.783035
-54.669437
-56.640076
-58.684898
-60.786743
-62.920795
-65.055534
-67.155167
-69.183350
-71.107201
-72.900612
-74.546074
-76.034950
-77.366531
-78.546379
-79.584335
-80.492607
-81.284363
-81.972519
-82.569199
-83.085266
-83.530403
-83.913078
-84.240807
-84.520233
-84.757332
-84.957535
-85.125717
-85.266380
-85.383507
-85.480682
-85.561066
-85.627396
-85.682037
-85.727036
-85.764114
-85.794762
-85.820129
-85.841240
-85.858849
-85.873695
-85.886253
-85.896957
-85.906296
-85.914383
-85.921471
-85.927834
-85.933609
-85.938820
-85.943642
-85.948196
-85.952438
-85.956482
-85.960373
-85.964134
-85.967728
-85.971207
-85.974640
-85.978004
-85.981262
-85.984459
-85.987740
-85.990921
-85.994049
-85.997131
-86.000183
-86.003181
-86.006165
-86.009201
-86.012207
-86.015167
-86.018089
-86.020943
-86.023804
-86.026634
-86.029381
-86.032143
-86.034851
-86.037605
-86.040291
-86.042953
-86.045609
-86.048317
-86.050926
-86.053535
-86.056168
-86.058754
-86.061333
-86.063911
-86.066460
-86.069000
-86.071594
-86.074043
-86.076431
-86.078835
-86.081223
-86.083557
-86.085968
-86.088402
-86.090736
-86.093048
-86.095276
-86.097504
-86.099785
-86.102058
-86.104240
-86.106354
-86.108543
-86.110733
-86.112900
-86.114960
-86.117119
-86.119263
-86.121338
-86.123322
-86.125275
-86.127304
-86.129288
-86.131264
-86.133209
-86.135147
-86.137047
-86.138908
-86.140747
-86.142609
-86.144455
-86.146217
-86.147964
-86.149292
-86.142876
-85.989052
-83.005013
-28.803909
15.962198
18.490538
17.984194
16.447941
14.905121
13.687180
12.849970
12.355069
12.138297
12.134725
12.287430
12.549917
12.885961
13.268360
13.677361
14.098971
14.523231
14.942683
15.352366
15.749114
16.130886
16.496334
16.844547
17.174847
17.486748
17.779875
18.053980
18.308933
18.544699
18.761391
18.959215
19.138508
19.299713
19.443382
19.570145
19.680702
19.775805
19.856272
19.922926
19.976604
20.018150
20.048405
20.068165
20.078222
20.079329
20.072201
20.057508
20.035891
20.007938
19.974205
19.935204
19.891403
19.843233
19.791090
19.735332
19.676283
19.614244
19.549482
19.482248
19.412754
19.341204
19.267776
19.192629
19.115904
19.037729
18.958221
18.877478
18.795593
18.712648
18.628716
18.543856
18.458126
18.371574
18.284245
18.196175
18.107388
18.017929
17.927805
17.837053
17.745682
17.653706
17.561132
17.467983
17.374260
17.279964
17.185101
17.089680
16.993690
16.897137
16.800016
16.702328
16.604067
16.505219
16.405785
16.305780
16.205173
16.103951
16.002117
15.899668
15.796590
15.692873
15.588505
15.483474
15.377766
15.271375
15.164286
15.056489
14.947970
14.838719
14.728720
14.617958
14.506420
14.394092
14.280957
14.167004
14.052217
13.936581
13.820077
13.702693
13.584409
13.465209
13.345074
13.223989
13.101935
12.978896
12.854856
12.729793
12.603687
12.476519
12.348270
12.218921
12.088447
11.956831
11.824053
11.690089
11.554920
11.418526
11.280878
11.141958
11.001741
10.860203
10.717317
10.573061
10.427415
10.280351
10.131842
9.981861
9.830385
9.677382
9.522827
9.366692
9.208949
9.049572
8.888533
8.725801
8.561343
8.395132
8.227135
8.057314
7.885647
7.712098
7.536638
7.359232
7.179846
6.998446
6.814996
6.629462
6.441806
6.251991
6.059981
5.865739
5.669229
5.470408
5.269240
5.065684
4.859696
4.651234
4.440255
4.226715
4.010568
3.791769
3.570272
3.346027
3.118984
2.889088
2.656287
2.420523
2.181739
1.939873
1.694861
1.446639
1.195138
0.940285
0.682004
0.420215
0.154832
-0.114237
-0.387083
-0.663808
-0.944519
-1.229330
-1.518361
-1.811740
-2.109601
-2.412088
-2.719354
-3.031562
-3.348881
-3.671496
-3.999599
-4.333395
-4.673103
-5.018950
-5.371176
-5.730030
-6.095783
-6.468715
-6.849115
-7.237293
-7.633564
-8.038267
-8.451751
-8.874372
-9.306498
-9.748516
-10.200814
-10.663801
-11.137888
-11.623497
-12.121056
-12.630992
-13.153744
-13.689750
-14.239444
-14.803265
-15.381654
-15.975041
-16.583862
-17.208534
-17.849495
-18.507158
-19.181963
-19.874331
-20.584703
-21.313532
-22.061291
-22.828474
-23.615610
-24.423271
-25.252100
-26.102791
-26.976128
-27.872993
-28.794384
-29.741436
-30.715448
-31.717884
-32.750320
-33.813782
-34.907547
-36.027943
-37.168243
-38.325172
-39.513184
-40.745079
-42.030151
-43.375675
-44.787876
-46.272469
-47.834682
-49.479080
-51.209038
-53.025822
-54.927410
-56.907143
-58.952335
-61.043499
-63.154449
-65.253799
-67.307663
-69.283150
-71.151703
-72.891373
-74.488091
-75.935532
-77.234131
-78.389519
-79.410858
-80.309380
-81.097031
-81.785606
-82.386238
-82.908974
-83.362816
-83.755737
-84.094719
-84.386063
-84.635376
-84.847763
-85.027855
-85.179855
-85.307610
-85.414528
-85.503777
-85.577988
-85.639603
-85.690697
-85.732994
-85.768097
-85.797226
-85.821472
-85.841774
-85.858772
-85.873093
-85.885284
-85.895744
-85.904793
-85.912643
-85.919601
-85.925865
-85.931435
-85.936562
-85.941307
-85.945770
-85.949928
-85.953934
-85.957771
-85.961357
-85.964844
-85.968262
-85.971550
-85.974808
-85.977951
-85.981087
-85.984253
-85.987328
-85.990395
-85.993462
-85.996429
-85.999329
-86.002235
-86.005173
-86.008003
-86.010788
-86.013580
-86.016380
-86.019135
-86.021866
-86.024582
-86.027260
-86.029976
-86.032593
-86.035217
-86.037827
-86.040459
-86.043144
-86.045761
-86.048332
-86.050949
-86.053452
-86.056053
-86.058563
-86.060982
-86.063393
-86.065804
-86.068214
-86.070572
-86.072952
-86.075272
-86.077560
-86.079811
-86.082077
-86.084412
-86.086655
-86.088882
-86.091133
-86.093307
-86.095428
-86.097572
-86.099724
-86.101784
-86.103905
-86.106041
-86.108200
-86.110207
-86.112221
-86.114204
-86.116196
-86.118118
-86.120041
-86.121948
-86.123863
-86.125740
-86.127617
-86.129417
-86.130814
-86.125488
-85.998146
-83.633461
-41.651356
15.041376
18.129229
17.926735
16.491762
14.957053
13.712553
12.839279
12.308866
12.060845
12.031345
12.163348
12.409770
12.733626
13.106956
13.509295
13.926071
14.346906
14.764011
15.172134
15.567898
15.949128
16.314400
16.662741
16.993458
17.306046
17.600124
17.875427
18.131809
18.369232
18.587769
18.787607
18.969061
19.132540
19.278559
19.407726
19.520712
19.618244
19.701113
19.770119
19.826082
19.869827
19.902178
19.923931
19.935873
19.938740
19.933249
19.920073
19.899845
19.873167
19.840586
19.802612
19.759729
19.712368
19.660931
19.605778
19.547241
19.485624
19.421198
19.354216
19.284904
19.213463
19.140078
19.064911
18.988108
18.909805
18.830112
18.749142
18.666977
18.583714
18.499420
18.414160
18.328003
18.240984
18.153160
18.064552
17.975216
17.885170
17.794436
17.703047
17.611019
17.518364
17.425087
17.331203
17.236727
17.141659
17.046005
16.949781
16.852964
16.755575
16.657581
16.559011
16.459845
16.360083
16.259726
16.158764
16.057186
15.954984
15.852152
15.748682
15.644565
15.539791
15.434346
15.328221
15.221405
15.113884
15.005649
14.896685
14.786983
14.676529
14.565309
14.453305
14.340507
14.226896
14.112461
13.997186
13.881056
13.764053
13.646165
13.527373
13.407660
13.287010
13.165404
13.042824
12.919250
12.794666
12.669054
12.542395
12.414670
12.285857
12.155939
12.024892
11.892695
11.759331
11.624773
11.489004
11.352001
11.213739
11.074199
10.933353
10.791183
10.647661
10.502760
10.356459
10.208728
10.059548
9.908890
9.756729
9.603037
9.447784
9.290944
9.132487
8.972387
8.810615
8.647141
8.481935
8.314964
8.146199
7.975612
7.803167
7.628833
7.452576
7.274363
7.094161
6.911936
6.727654
6.541277
6.352772
6.162101
5.969227
5.774110
5.576712
5.376996
5.174922
4.970449
4.763538
4.554146
4.342227
4.127738
3.910632
3.690866
3.468388
3.243152
3.015106
2.784199
2.550378
2.313584
2.073758
1.830839
1.584762
1.335462
1.082868
0.826907
0.567502
0.304573
0.038034
-0.232206
-0.506242
-0.784178
-1.066121
-1.352184
-1.642490
-1.937169
-2.236357
-2.540201
-2.848854
-3.162480
-3.481253
-3.805358
-4.134989
-4.470356
-4.811674
-5.159174
-5.513102
-5.873713
-6.241276
-6.616073
-6.998396
-7.388557
-7.786879
-8.193694
-8.609349
-9.034211
-9.468650
-9.913054
-10.367815
-10.833334
-11.310028
-11.798316
-12.298624
-12.811381
-13.337029
-13.875999
-14.428728
-14.995653
-15.577209
-16.173826
-16.785934
-17.413956
-18.058323
-18.719450
-19.397770
-20.093712
-20.807707
-21.540216
-22.291712
-23.062687
-23.853691
-24.665293
-25.498144
-26.352953
-27.230522
-28.131746
-29.057648
-30.009382
-30.988279
-31.995852
-33.033710
-34.102989
-35.202789
-36.328415
-37.470985
-38.631409
-39.825310
-41.064949
-42.359169
-43.714981
-45.138496
-46.635357
-48.210773
-49.869236
-51.613983
-53.445999
-55.362839
-57.357128
-59.415264
-61.516575
-63.633633
-65.733902
-67.782761
-69.747040
-71.598473
-73.315971
-74.886642
-76.305466
-77.574120
-78.699356
-79.691200
-80.561455
-81.322472
-81.986214
-82.563774
-83.065224
-83.499435
-83.874268
-84.196701
-84.472931
-84.708542
-84.908562
-85.077591
-85.219772
-85.338898
-85.438324
-85.521042
-85.589745
-85.646652
-85.693771
-85.732803
-85.765137
-85.791985
-85.814362
-85.833107
-85.848869
-85.862221
-85.873627
-85.883499
-85.892029
-85.899544
-85.906242
-85.912209
-85.917648
-85.922676
-85.927307
-85.931717
-85.935829
-85.939789
-85.943619
-85.947243
-85.950798
-85.954224
-85.957596
-85.960846
-85.964073
-85.967308
-85.970436
-85.973518
-85.976654
-85.979729
-85.982758
-85.985748
-85.988670
-85.991501
-85.994354
-85.997253
-86.000145
-86.002975
-86.005791
-86.008583
-86.011414
-86.014130
-86.016861
-86.019569
-86.022209
-86.024834
-86.027435
-86.030067
-86.032738
-86.035378
-86.037941
-86.040474
-86.043037
-86.045647
-86.048103
-86.050575
-86.053062
-86.055473
-86.057838
-86.060272
-86.062691
-86.065002
-86.067261
-86.069550
-86.071831
-86.074089
-86.076317
-86.078598
-86.080803
-86.082977
-86.085129
-86.087280
-86.089401
-86.091545
-86.093704
-86.095802
-86.097870
-86.099915
-86.101944
-86.103928
-86.105858
-86.107742
-86.109711
-86.111633
-86.113510
-86.115341
-86.117172
-86.118919
-86.120277
-86.114708
-85.980820
-83.468597
-38.551819
15.263735
18.197525
17.900982
16.436909
14.902911
13.669857
12.810562
12.293421
12.056829
12.036648
12.175971
12.427980
12.756002
13.132364
13.536868
13.955155
14.377007
14.794767
15.203289
15.599275
15.980599
16.345871
16.694138
17.024710
17.337093
17.630915
17.905922
18.161953
18.398983
18.617086
18.816467
18.997425
19.160395
19.305889
19.434507
19.546940
19.643927
19.726240
19.794704
19.850130
19.893354
19.925196
19.946463
19.957932
19.960339
19.954416
19.940825
19.920202
19.893148
19.860218
19.821909
19.778711
19.731056
19.679335
19.623917
19.565132
19.503279
19.438633
19.371445
19.301937
19.230316
19.156761
19.081436
19.004484
18.926037
18.846210
18.765110
18.682827
18.599447
18.515049
18.429689
18.343433
18.256325
18.168415
18.079731
17.990314
17.900192
17.809391
17.717937
17.625837
17.533117
17.439787
17.345860
17.251331
17.156218
17.060520
16.964239
16.867374
16.769936
16.671913
16.573301
16.474106
16.374315
16.273914
16.172928
16.071327
15.969096
15.866235
15.762739
15.658600
15.553803
15.448339
15.342196
15.235363
15.127828
15.019578
14.910602
14.800888
14.690424
14.579194
14.467184
14.354381
14.240767
14.126332
14.011058
13.894930
13.777932
13.660047
13.541258
13.421554
13.300911
13.179317
13.056751
12.933194
12.808629
12.683034
12.556394
12.428691
12.299905
12.170012
12.038994
11.906832
11.773499
11.638980
11.503248
11.366282
11.228064
11.088568
10.947769
10.805646
10.662172
10.517325
10.371079
10.223408
10.074286
9.923689
9.771591
9.617965
9.462783
9.306017
9.147638
8.987617
8.825927
8.662536
8.497416
8.330535
8.161866
7.991377
7.819031
7.644800
7.468650
7.290547
7.110457
6.928347
6.744182
6.557929
6.369551
6.179011
5.986272
5.791296
5.594043
5.394474
5.192550
4.988231
4.781476
4.572244
4.360493
4.146176
3.929247
3.709661
3.487369
3.262323
3.034472
2.803763
2.570146
2.333562
2.093953
1.851256
1.605409
1.356344
1.103993
0.848282
0.589134
0.326470
0.060203
-0.209755
-0.483501
-0.761135
-1.042763
-1.328503
-1.618474
-1.912804
-2.211629
-2.515094
-2.823352
-3.136567
-3.454913
-3.778571
-4.107737
-4.442614
-4.783420
-5.130385
-5.483749
-5.843769
-6.210711
-6.584859
-6.966506
-7.355956
-7.753529
-8.159560
-8.574393
-8.998395
-9.431926
-9.875379
-10.329142
-10.793617
-11.269220
-11.756366
-12.255479
-12.766991
-13.291332
-13.828941
-14.380253
-14.945703
-15.525726
-16.120745
-16.731194
-17.357496
-18.000072
-18.659346
-19.335739
-20.029686
-20.741611
-21.471979
-22.221247
-22.989918
-23.778517
-24.587624
-25.417875
-26.269966
-27.144691
-28.042936
-28.965714
-29.914145
-30.889555
-31.893419
-32.927364
-33.992599
-35.088516
-36.210838
-37.350906
-38.507488
-39.696026
-40.929146
-42.215935
-43.563499
-44.977985
-46.465088
-48.030048
-49.677460
-51.410713
-53.231087
-55.136589
-57.120495
-59.169960
-61.265182
-63.379528
-65.481018
-67.535172
-69.508614
-71.372414
-73.104660
-74.691475
-76.126961
-77.412086
-78.553040
-79.559509
-80.443123
-81.216148
-81.890625
-82.477783
-82.987762
-83.429611
-83.811279
-84.139839
-84.421562
-84.662079
-84.866486
-85.039421
-85.185066
-85.307243
-85.409363
-85.494446
-85.565117
-85.623772
-85.672363
-85.712639
-85.746033
-85.773773
-85.796928
-85.816269
-85.832535
-85.846336
-85.858101
-85.868256
-85.877029
-85.884705
-85.891579
-85.897743
-85.903297
-85.908409
-85.913162
-85.917572
-85.921753
-85.925789
-85.929634
-85.933334
-85.936859
-85.940331
-85.943787
-85.947151
-85.950455
-85.953720
-85.956917
-85.960030
-85.963135
-85.966248
-85.969307
-85.972359
-85.975433
-85.978439
-85.981369
-85.984291
-85.987221
-85.990021
-85.992813
-85.995705
-85.998566
-86.001282
-86.003998
-86.006706
-86.009445
-86.012115
-86.014801
-86.017540
-86.020187
-86.022781
-86.025375
-86.027962
-86.030518
-86.033073
-86.035629
-86.038162
-86.040718
-86.043159
-86.045532
-86.047981
-86.050446
-86.052742
-86.055054
-86.057350
-86.059669
-86.061966
-86.064240
-86.066483
-86.068687
-86.070854
-86.073059
-86.075218
-86.077415
-86.079529
-86.081642
-86.083687
-86.085732
-86.087738
-86.089699
-86.091774
-86.093781
-86.095711
-86.097672
-86.099609
-86.101532
-86.103439
-86.105293
-86.107079
-86.108437
-86.102837
-85.969643
-83.476784
-38.974834
15.217224
18.163595
17.868805
16.407999
14.877299
13.647039
12.789965
12.274522
12.039191
12.019917
12.159870
12.412307
12.740598
13.117119
13.521700
13.940009
14.361843
14.779567
15.188046
15.583991
15.965283
16.330530
16.678780
17.009357
17.321760
17.615614
17.890665
18.146767
18.383881
18.602079
18.801561
18.982635
19.145725
19.291342
19.420099
19.532661
19.629772
19.712204
19.780771
19.836294
19.879616
19.911549
19.932884
19.944412
19.946878
19.940990
19.927429
19.906822
19.879772
19.846827
19.808502
19.765276
19.717583
19.665813
19.610336
19.551483
19.489559
19.424829
19.357553
19.287954
19.216228
19.142561
19.067116
18.990047
18.911474
18.831516
18.750280
18.667856
18.584333
18.499783
18.414272
18.327856
18.240589
18.152510
18.063662
17.974073
17.883776
17.792801
17.701157
17.608879
17.515976
17.422457
17.328335
17.233606
17.138296
17.042400
16.945925
16.848858
16.751213
16.652979
16.554152
16.454735
16.354725
16.254112
16.152903
16.051075
15.948619
15.845528
15.741802
15.637426
15.532393
15.426688
15.320304
15.213225
15.105441
14.996941
14.887712
14.777741
14.667017
14.555525
14.443250
14.330177
14.216293
14.101581
13.986028
13.869618
13.752335
13.634160
13.515079
13.395076
13.274133
13.152234
13.029361
12.905494
12.780614
12.654700
12.527739
12.399706
12.270588
12.140361
12.009004
11.876497
11.742820
11.607948
11.471861
11.334537
11.195951
11.056081
10.914907
10.772403
10.628546
10.483311
10.336673
10.188604
10.039079
9.888072
9.735559
9.581512
9.425906
9.268709
9.109896
8.949435
8.787295
8.623454
8.457875
8.290529
8.121388
7.950418
7.777588
7.602868
7.426221
7.247615
7.067018
6.884393
6.699704
6.512920
6.324005
6.132921
5.939632
5.744098
5.546282
5.346142
5.143641
4.938736
4.731387
4.521552
4.309190
4.094255
3.876701
3.656481
3.433548
3.207853
2.979343
2.747966
2.513669
2.276395
2.036086
1.792680
1.546113
1.296317
1.043223
0.786755
0.526836
0.263385
-0.003684
-0.274462
-0.549044
-0.827534
-1.110039
-1.396674
-1.687560
-1.982831
-2.282624
-2.587081
-2.896358
-3.210623
-3.530047
-3.854818
-4.185131
-4.521195
-4.863225
-5.211455
-5.566130
-5.927504
-6.295847
-6.671441
-7.054586
-7.445589
-7.844774
-8.252471
-8.669033
-9.094819
-9.530206
-9.975571
-10.431312
-10.897828
-11.375537
-11.864859
-12.366215
-12.880033
-13.406750
-13.946795
-14.500601
-15.068610
-15.651244
-16.248941
-16.862118
-17.491198
-18.136600
-18.798754
-19.478077
-20.174995
-20.889948
-21.623379
-22.375771
-23.147615
-23.939451
-24.751863
-25.585501
-26.441074
-27.319382
-28.221333
-29.147945
-30.100391
-31.080008
-32.088314
-33.126919
-34.196899
-35.297176
-36.422703
-37.564178
-38.723904
-39.917992
-41.158257
-42.453377
-43.810265
-45.234959
-46.733040
-48.309689
-49.969345
-51.715157
-53.548016
-55.465309
-57.459473
-59.516674
-61.616028
-63.729916
-65.825714
-67.868820
-69.826233
-71.669914
-73.379089
-74.941177
-76.351456
-77.611816
-78.729195
-79.713692
-80.577179
-81.331985
-81.990112
-82.562614
-83.059517
-83.489716
-83.861038
-84.180389
-84.453987
-84.687340
-84.885521
-85.053032
-85.194016
-85.312225
-85.410965
-85.493217
-85.561577
-85.618279
-85.665298
-85.704269
-85.736595
-85.763496
-85.785980
-85.804794
-85.820641
-85.834091
-85.845612
-85.855537
-85.864166
-85.871765
-85.878540
-85.884605
-85.890091
-85.895157
-85.899864
-85.904366
-85.908592
-85.912575
-85.916428
-85.920151
-85.923790
-85.927307
-85.930740
-85.934166
-85.937424
-85.940689
-85.943962
-85.947128
-85.950233
-85.953316
-85.956367
-85.959389
-85.962410
-85.965355
-85.968300
-85.971291
-85.974220
-85.977097
-85.979950
-85.982788
-85.985580
-85.988358
-85.991096
-85.993927
-85.996658
-85.999329
-86.001999
-86.004654
-86.007339
-86.009995
-86.012665
-86.015312
-86.017799
-86.020317
-86.022919
-86.025436
-86.027885
-86.030373
-86.032791
-86.035187
-86.037521
-86.039864
-86.042168
-86.044456
-86.046745
-86.048973
-86.051262
-86.053535
-86.055786
-86.057999
-86.060196
-86.062370
-86.064453
-86.066582
-86.068718
-86.070839
-86.072861
-86.074974
-86.077026
-86.079056
-86.081017
-86.082970
-86.084900
-86.086861
-86.088760
-86.090607
-86.092468
-86.094299
-86.095695
-86.090088
-85.956062
-83.446457
-38.650288
15.223135
18.149769
17.839079
16.375561
14.847640
13.621813
12.769231
12.257751
12.025680
12.008970
12.150885
12.404778
12.734121
13.111392
13.516487
13.935134
14.357183
14.775034
15.183584
15.579562
15.960863
16.326113
16.674351
17.004917
17.317305
17.611149
17.886194
18.142282
18.379387
18.597580
18.797064
18.978136
19.141220
19.286829
19.415573
19.528122
19.625212
19.707628
19.776176
19.831675
19.874964
19.906855
19.928146
19.939621
19.942034
19.936089
19.922464
19.901791
19.874670
19.841650
19.803249
19.759941
19.712156
19.660297
19.604731
19.545778
19.483753
19.418924
19.351542
19.281832
19.209997
19.136217
19.060661
18.983469
18.904776
18.824696
18.743338
18.660788
18.577141
18.492464
18.406822
18.320276
18.232876
18.144663
18.055676
17.965952
17.875517
17.784397
17.692612
17.600191
17.507141
17.413473
17.319208
17.224339
17.128868
17.032824
16.936182
16.838961
16.741148
16.642769
16.543787
16.444216
16.344048
16.243269
16.141886
16.039883
15.937257
15.834002
15.730103
15.625554
15.520343
15.414461
15.307897
15.200640
15.092675
14.983992
14.874578
14.764421
14.653506
14.541822
14.429353
14.316088
14.202005
14.087096
13.971345
13.854733
13.737246
13.618866
13.499577
13.379363
13.258207
13.136093
13.013000
12.888915
12.763814
12.637679
12.510490
12.382231
12.252880
12.122417
11.990824
11.858078
11.724158
11.589044
11.452710
11.315136
11.176299
11.036176
10.894742
10.751976
10.607855
10.462352
10.315441
10.167098
10.017297
9.866010
9.713212
9.558878
9.402982
9.245492
9.086380
8.925616
8.763174
8.599020
8.433130
8.265464
8.096000
7.924706
7.751549
7.576496
7.399514
7.220570
7.039629
6.856659
6.671620
6.484481
6.295206
6.103757
5.910100
5.714196
5.516004
5.315486
5.112600
4.907307
4.699565
4.489332
4.276566
4.061223
3.843257
3.622621
3.399266
3.173143
2.944199
2.712383
2.477641
2.239915
1.999148
1.755279
1.508242
1.257970
1.004392
0.747434
0.487018
0.223062
-0.044522
-0.315824
-0.590942
-0.869977
-1.153038
-1.440242
-1.731712
-2.027576
-2.327976
-2.633060
-2.942980
-3.257902
-3.578003
-3.903471
-4.234500
-4.571301
-4.914092
-5.263105
-5.618587
-5.980794
-6.349997
-6.726480
-7.110540
-7.502490
-7.902648
-8.311360
-8.728967
-9.155834
-9.592330
-10.038842
-10.495765
-10.963498
-11.442454
-11.933054
-12.435723
-12.950891
-13.478991
-14.020451
-14.575704
-15.145184
-15.729318
-16.328531
-16.943253
-17.573902
-18.220894
-18.884655
-19.565598
-20.264156
-20.980762
-21.715868
-22.469950
-23.243504
-24.037071
-24.851242
-25.686665
-26.544060
-27.424238
-28.328112
-29.256712
-30.211226
-31.192997
-32.203548
-33.244530
-34.316902
-35.419285
-36.546070
-37.687565
-38.848782
-40.045589
-41.289459
-42.588760
-43.950310
-45.380096
-46.883659
-48.466103
-50.131817
-51.883781
-53.722660
-55.645500
-57.644295
-59.704689
-61.805195
-63.917759
-66.009453
-68.045616
-69.993523
-71.825653
-73.521820
-75.070122
-76.466438
-77.713173
-78.817574
-79.790024
-80.642502
-81.387344
-82.036499
-82.600983
-83.090729
-83.514519
-83.880135
-84.194489
-84.463654
-84.693192
-84.887970
-85.052605
-85.191139
-85.307281
-85.404312
-85.485153
-85.552330
-85.608070
-85.654320
-85.692688
-85.724556
-85.751076
-85.773270
-85.791862
-85.807564
-85.820915
-85.832329
-85.842216
-85.850815
-85.858414
-85.865189
-85.871330
-85.876862
-85.881935
-85.886681
-85.891174
-85.895370
-85.899391
-85.903320
-85.907135
-85.910767
-85.914253
-85.917702
-85.921112
-85.924477
-85.927803
-85.930969
-85.934235
-85.937439
-85.940552
-85.943634
-85.946663
-85.949646
-85.952599
-85.955559
-85.958504
-85.961479
-85.964409
-85.967278
-85.970139
-85.972961
-85.975815
-85.978615
-85.981354
-85.984138
-85.986839
-85.989563
-85.992294
-85.995026
-85.997658
-86.000275
-86.002846
-86.005432
-86.008003
-86.010597
-86.013184
-86.015717
-86.018204
-86.020630
-86.023071
-86.025513
-86.027985
-86.030334
-86.032616
-86.034904
-86.037193
-86.039505
-86.041710
-86.043991
-86.046272
-86.048523
-86.050697
-86.052864
-86.055054
-86.057182
-86.059273
-86.061356
-86.063385
-86.065422
-86.067429
-86.069397
-86.071388
-86.073395
-86.075325
-86.077278
-86.079170
-86.080986
-86.082779
-86.084175
-86.078529
-85.944061
-83.427368
-38.526413
15.215362
18.131512
17.811106
16.347033
14.822067
13.600022
12.751028
12.242603
12.012989
11.998183
12.141528
12.396465
12.726561
13.104349
13.509797
13.928673
14.350858
14.768787
15.177377
15.573370
15.954677
16.319925
16.668156
16.998722
17.311110
17.604961
17.880016
18.136120
18.373238
18.591455
18.790951
18.972055
19.135166
19.280806
19.409567
19.522139
19.619247
19.701675
19.770235
19.825739
19.869026
19.900911
19.922195
19.933653
19.936041
19.930059
19.916399
19.895689
19.868525
19.835453
19.796993
19.753620
19.705770
19.653841
19.598188
19.539160
19.477049
19.412130
19.344654
19.274845
19.202909
19.129030
19.053366
18.976070
18.897264
18.817074
18.735600
18.652935
18.569164
18.484362
18.398596
18.311924
18.224394
18.136055
18.046934
17.957077
17.866505
17.775255
17.683332
17.590771
17.497580
17.403772
17.309366
17.214346
17.118738
17.022539
16.925753
16.828377
16.730412
16.631876
16.532740
16.433014
16.332685
16.231749
16.130199
16.028025
15.925239
15.821816
15.717747
15.613028
15.507644
15.401587
15.294847
15.187411
15.079267
14.970403
14.860804
14.750460
14.639358
14.527484
14.414824
14.301364
14.187087
14.071980
13.956027
13.839211
13.721519
13.602932
13.483435
13.363007
13.241635
13.119303
12.995993
12.871683
12.746360
12.619998
12.492581
12.364090
12.234505
12.103804
11.971969
11.838979
11.704811
11.569448
11.432862
11.295033
11.155939
11.015555
10.873857
10.730824
10.586432
10.440654
10.293469
10.144849
9.994765
9.843193
9.690105
9.535476
9.379279
9.221488
9.062071
8.901000
8.738247
8.573780
8.407572
8.239590
8.069801
7.898176
7.724683
7.549291
7.371967
7.192676
7.011387
6.828064
6.642669
6.455168
6.265525
6.073705
5.879669
5.683383
5.484807
5.283899
5.080621
4.874929
4.666784
4.456141
4.242960
4.027196
3.808805
3.587740
3.363952
3.137391
2.908003
2.675738
2.440539
2.202351
1.961114
1.716767
1.469247
1.218485
0.964410
0.706947
0.446019
0.181542
-0.086572
-0.358415
-0.634084
-0.913683
-1.197321
-1.485114
-1.777184
-2.073665
-2.374696
-2.680422
-2.991005
-3.306608
-3.627409
-3.953592
-4.285362
-4.622924
-4.966502
-5.316327
-5.672643
-6.035714
-6.405807
-6.783210
-7.168218
-7.561148
-7.962317
-8.372069
-8.790751
-9.218729
-9.656378
-10.104075
-10.562219
-11.031211
-11.511468
-12.003404
-12.507441
-13.024013
-13.553546
-14.096475
-14.653231
-15.224244
-15.809938
-16.410742
-17.027081
-17.659365
-18.308020
-18.973463
-19.656109
-20.356384
-21.074730
-21.811590
-22.567450
-23.342796
-24.138189
-24.954206
-25.791506
-26.650826
-27.532974
-28.438873
-29.369568
-30.326265
-31.310316
-32.323277
-33.366756
-34.441658
-35.546276
-36.674458
-37.816410
-38.979473
-40.179367
-41.427124
-42.730927
-44.097473
-45.532703
-47.042118
-48.630768
-50.302929
-52.061443
-53.906708
-55.835419
-57.839085
-59.902767
-62.004429
-64.115486
-66.202713
-68.231422
-70.169212
-71.989044
-73.671463
-75.205254
-76.586906
-77.819344
-78.910202
-79.870079
-80.711044
-81.445473
-82.085258
-82.641350
-83.123604
-83.540771
-83.900505
-84.209625
-84.474197
-84.699707
-84.891022
-85.052681
-85.188660
-85.302666
-85.397926
-85.477264
-85.543251
-85.598038
-85.643501
-85.681259
-85.712677
-85.738838
-85.760727
-85.779114
-85.794647
-85.807831
-85.819160
-85.828964
-85.837555
-85.845139
-85.851883
-85.857964
-85.863533
-85.868668
-85.873398
-85.877876
-85.882103
-85.886269
-85.890205
-85.894012
-85.897598
-85.901108
-85.904579
-85.908073
-85.911491
-85.914749
-85.918037
-85.921265
-85.924438
-85.927559
-85.930656
-85.933769
-85.936852
-85.939857
-85.942841
-85.945839
-85.948784
-85.951584
-85.954430
-85.957283
-85.960236
-85.963051
-85.965813
-85.968590
-85.971352
-85.974037
-85.976730
-85.979446
-85.982162
-85.984795
-85.987381
-85.989983
-85.992645
-85.995247
-85.997787
-86.000366
-86.002899
-86.005386
-86.007866
-86.010323
-86.012741
-86.015152
-86.017540
-86.019943
-86.022316
-86.024689
-86.027000
-86.029236
-86.031502
-86.033707
-86.035912
-86.038025
-86.040154
-86.042389
-86.044487
-86.046555
-86.048592
-86.050652
-86.052765
-86.054764
-86.056793
-86.058762
-86.060699
-86.062622
-86.064499
-86.066368
-86.068222
-86.070030
-86.071442
-86.065819
-85.930931
-83.406723
-38.390133
15.208014
18.113008
17.783482
16.319162
14.797256
13.579008
12.733587
12.228196
12.001019
11.988103
12.132868
12.388850
12.719696
13.098015
13.503822
13.922935
14.345271
14.763288
15.171929
15.567950
15.949271
16.314520
16.662766
16.993332
17.305733
17.599600
17.874664
18.130791
18.367937
18.586180
18.785704
18.966833
19.129969
19.275635
19.404421
19.517014
19.614145
19.696596
19.765165
19.820677
19.863962
19.895840
19.917112
19.928553
19.930912
19.924910
19.911213
19.890461
19.863249
19.830128
19.791618
19.748184
19.700268
19.648268
19.592545
19.533438
19.471245
19.406239
19.338675
19.268780
19.196753
19.122778
19.047016
18.969620
18.890713
18.810413
18.728832
18.646059
18.562180
18.477266
18.391386
18.304598
18.216953
18.128492
18.039257
17.949276
17.858580
17.767202
17.675154
17.582464
17.489140
17.395203
17.300661
17.205509
17.109762
17.013430
16.916500
16.818995
16.720890
16.622202
16.522917
16.423038
16.322563
16.221476
16.119781
16.017464
15.914521
15.810944
15.706717
15.601837
15.496293
15.390075
15.283169
15.175567
15.067255
14.958222
14.848454
14.737938
14.626662
14.514612
14.401773
14.288132
14.173672
14.058381
13.942241
13.825238
13.707357
13.588579
13.468887
13.348265
13.226695
13.104161
12.980646
12.856132
12.730598
12.604026
12.476396
12.347689
12.217884
12.086965
11.954906
11.821691
11.687296
11.551700
11.414880
11.276815
11.137484
10.996857
10.854916
10.711635
10.566992
10.420961
10.273520
10.124639
9.974295
9.822457
9.669102
9.514201
9.357730
9.199658
9.039960
8.878605
8.715564
8.550801
8.384298
8.216013
8.045925
7.873995
7.700193
7.524489
7.346849
7.167239
6.985626
6.801974
6.616249
6.428413
6.238431
6.046267
5.851883
5.655244
5.456311
5.255046
5.051405
4.845348
4.636834
4.425819
4.212261
3.996114
3.777334
3.555876
3.331690
3.104726
2.874932
2.642255
2.406638
2.168026
1.926360
1.681578
1.433615
1.182404
0.927875
0.669951
0.408553
0.143599
-0.125000
-0.397336
-0.673508
-0.953619
-1.237781
-1.526109
-1.818727
-2.115767
-2.417370
-2.723683
-3.034868
-3.351089
-3.672526
-3.999364
-4.331804
-4.670058
-5.014349
-5.364908
-5.721985
-6.085838
-6.456739
-6.834974
-7.220842
-7.614653
-8.016737
-8.427430
-8.847088
-9.276066
-9.714747
-10.163510
-10.622759
-11.092889
-11.574312
-12.067447
-12.572716
-13.090545
-13.621367
-14.165608
-14.723702
-15.296078
-15.883162
-16.485380
-17.103146
-17.736874
-18.386995
-19.053915
-19.738054
-20.439840
-21.159704
-21.898098
-22.655500
-23.432407
-24.229380
-25.047003
-25.885937
-26.746916
-27.630768
-28.538420
-29.470930
-30.429504
-31.415522
-32.430542
-33.476189
-34.553249
-35.659691
-36.788757
-37.930893
-39.095577
-40.298054
-41.549129
-42.856808
-44.227654
-45.667545
-47.181961
-48.775898
-50.453537
-52.217579
-54.068222
-56.001804
-58.009457
-60.075710
-62.178028
-64.287415
-66.370384
-68.392288
-70.320961
-72.129837
-73.800095
-75.321068
-76.689827
-77.909729
-78.988724
-79.937622
-80.768509
-81.493820
-82.125404
-82.674194
-83.149910
-83.561241
-83.915802
-84.220360
-84.480942
-84.702957
-84.891296
-85.050354
-85.184166
-85.296333
-85.390045
-85.468132
-85.533127
-85.587074
-85.631912
-85.669205
-85.700203
-85.726044
-85.747719
-85.765961
-85.781342
-85.794472
-85.805740
-85.815498
-85.824013
-85.831558
-85.838318
-85.844406
-85.849937
-85.855019
-85.859779
-85.864342
-85.868584
-85.872673
-85.876572
-85.880409
-85.884132
-85.887688
-85.891182
-85.894608
-85.897942
-85.901253
-85.904518
-85.907700
-85.910904
-85.914040
-85.917152
-85.920212
-85.923294
-85.926407
-85.929443
-85.932411
-85.935387
-85.938377
-85.941292
-85.944115
-85.946938
-85.949783
-85.952728
-85.955589
-85.958351
-85.961159
-85.963913
-85.966614
-85.969284
-85.971992
-85.974670
-85.977386
-85.980049
-85.982674
-85.985229
-85.987671
-85.990273
-85.992836
-85.995331
-85.997787
-86.000237
-86.002708
-86.005074
-86.007492
-86.009834
-86.012154
-86.014450
-86.016724
-86.018982
-86.021332
-86.023636
-86.025894
-86.028114
-86.030266
-86.032341
-86.034447
-86.036522
-86.038498
-86.040573
-86.042595
-86.044594
-86.046593
-86.048538
-86.050476
-86.052422
-86.054298
-86.056206
-86.058029
-86.059448
-86.053795
-85.918541
-83.388550
-38.291340
15.197906
18.094469
17.757532
16.293465
14.774611
13.559958
12.717837
12.215199
11.990207
11.978967
12.124987
12.381881
12.713379
13.092151
13.498269
13.917585
14.340044
14.758136
15.166818
15.562864
15.944195
16.309452
16.657707
16.988283
17.300699
17.594574
17.869663
18.125816
18.362993
18.581263
18.780832
18.961983
19.125156
19.270847
19.399666
19.512291
19.609444
19.691910
19.760496
19.816021
19.859310
19.891186
19.912443
19.923878
19.926218
19.920189
19.906460
19.885672
19.858423
19.825254
19.786695
19.743210
19.695230
19.643167
19.587379
19.528200
19.465937
19.400856
19.333212
19.263235
19.191122
19.117058
19.041206
18.963717
18.884716
18.804319
18.722641
18.639771
18.555788
18.470774
18.384790
18.297895
18.210135
18.121565
18.032209
17.942114
17.851309
17.759808
17.667650
17.574839
17.481403
17.387337
17.292662
17.197378
17.101511
17.005041
16.907986
16.810343
16.712116
16.613298
16.513876
16.413870
16.313257
16.212030
16.110182
16.007719
15.904634
15.800910
15.696537
15.591508
15.485812
15.379438
15.272380
15.164622
15.056154
14.946962
14.837032
14.726354
14.614911
14.502696
14.389690
14.275879
14.161248
14.045782
13.929467
13.812288
13.694227
13.575268
13.455395
13.334590
13.212833
13.090112
12.966405
12.841697
12.715970
12.589201
12.461372
12.332462
12.202454
12.071327
11.939059
11.805632
11.671021
11.535209
11.398170
11.259883
11.120325
10.979473
10.837301
10.693788
10.548907
10.402638
10.254953
10.105828
9.955235
9.803150
9.649543
9.494387
9.337656
9.179322
9.019358
8.857736
8.694422
8.529390
8.362606
8.194051
8.023676
7.851460
7.677369
7.501370
7.323431
7.143520
6.961603
6.777643
6.591607
6.403458
6.213158
6.020672
5.825964
5.628994
5.429727
5.228122
5.024140
4.817737
4.608874
4.397506
4.183591
3.967082
3.747936
3.526108
3.301547
3.074204
2.844027
2.610963
2.374956
2.135949
1.893882
1.648693
1.400316
1.148685
0.893729
0.635371
0.373534
0.108132
-0.160921
-0.433719
-0.710360
-0.990950
-1.275600
-1.564428
-1.857557
-2.155121
-2.457258
-2.764120
-3.075867
-3.392665
-3.714693
-4.042140
-4.375206
-4.714101
-5.059051
-5.410294
-5.768074
-6.132653
-6.504303
-6.883313
-7.269981
-7.664619
-8.067552
-8.479121
-8.899681
-9.329595
-9.769234
-10.218985
-10.679241
-11.150414
-11.632913
-12.127153
-12.633554
-13.152543
-13.684547
-14.229997
-14.789323
-15.362950
-15.951305
-16.554810
-17.173883
-17.808941
-18.460396
-19.128666
-19.814163
-20.517319
-21.238565
-21.978352
-22.737156
-23.515484
-24.313885
-25.132959
-25.973366
-26.835848
-27.721233
-28.630459
-29.564598
-30.524862
-31.512651
-32.529541
-33.577118
-34.656082
-35.764088
-36.893764
-38.035984
-39.202076
-40.406960
-41.661106
-42.972286
-44.346981
-45.791031
-47.309872
-48.908478
-50.590946
-52.359837
-54.215149
-56.152939
-58.163929
-60.232235
-62.334843
-64.442375
-66.521156
-68.536591
-70.456757
-72.255547
-73.914635
-75.423920
-76.780968
-77.989517
-79.057785
-79.996719
-80.818520
-81.535622
-82.159843
-82.701988
-83.171806
-83.577888
-83.927803
-84.228241
-84.485222
-84.704102
-84.889740
-85.046532
-85.178398
-85.288956
-85.381302
-85.458290
-85.522354
-85.575592
-85.619835
-85.656609
-85.687233
-85.712807
-85.734306
-85.752388
-85.767685
-85.780731
-85.791901
-85.801651
-85.810173
-85.817688
-85.824417
-85.830528
-85.836113
-85.841255
-85.846092
-85.850594
-85.854858
-85.859047
-85.862968
-85.866791
-85.870529
-85.874153
-85.877678
-85.881149
-85.884560
-85.887917
-85.891220
-85.894524
-85.897758
-85.900970
-85.904076
-85.907173
-85.910294
-85.913368
-85.916420
-85.919388
-85.922379
-85.925331
-85.928322
-85.931137
-85.934036
-85.936874
-85.939774
-85.942566
-85.945419
-85.948219
-85.950981
-85.953674
-85.956398
-85.959122
-85.961807
-85.964500
-85.967117
-85.969742
-85.972389
-85.974983
-85.977539
-85.979965
-85.982452
-85.984901
-85.987488
-85.989944
-85.992325
-85.994713
-85.997101
-85.999489
-86.001854
-86.004150
-86.006477
-86.008675
-86.010895
-86.013138
-86.015343
-86.017426
-86.019531
-86.021713
-86.023895
-86.026001
-86.028145
-86.030174
-86.032204
-86.034149
-86.036102
