-86.199997
-86.603943
-86.595840
-86.591080
-86.587677
-86.584999
-86.582008
-86.550446
-85.607246
-57.711220
20.538830
22.048866
20.618536
18.465513
16.611126
15.283220
14.454156
14.033145
13.923889
14.041195
14.315271
14.691859
15.130657
15.602997
16.089298
16.576651
17.056505
17.522593
17.970781
18.398600
18.804489
19.187386
19.546513
19.881298
20.191338
20.476431
20.736567
20.971973
21.183081
21.370525
21.535151
21.677944
21.800032
21.902637
21.987041
22.054571
22.106544
22.144266
22.168999
22.181953
22.184280
22.177059
22.161283
22.137882
22.107687
22.071468
22.029909
21.983643
21.933218
21.879141
21.821854
21.761742
21.699158
21.634396
21.567726
21.499388
21.429583
21.358494
21.286274
21.213053
21.138952
21.064070
20.988501
20.912313
20.835567
20.758322
20.680620
20.602509
20.524015
20.445173
20.365997
20.286512
20.206730
20.126661
20.046322
19.965708
19.884834
19.803701
19.722319
19.640671
19.558767
19.476597
19.394167
19.311468
19.228504
19.145254
19.061729
18.977919
18.893812
18.809406
18.724697
18.639673
18.554325
18.468645
18.382631
18.296278
18.209560
18.122492
18.035046
17.947229
17.859020
17.770416
17.681408
17.591986
17.502136
17.411850
17.321127
17.229940
17.138292
17.046167
16.953560
16.860453
16.766842
16.672710
16.578053
16.482857
16.387104
16.290791
16.193899
16.096416
15.998336
15.899644
15.800334
15.700387
15.599788
15.498525
15.396585
15.293953
15.190616
15.086558
14.981769
14.876232
14.769936
14.662858
14.554990
14.446310
14.336804
14.226456
14.115246
14.003162
13.890186
13.776299
13.661485
13.545720
13.428989
13.311272
13.192549
13.072800
12.952003
12.830140
12.707192
12.583138
12.457953
12.331615
12.204102
12.075387
11.945450
11.814266
11.681808
11.548055
11.412976
11.276547
11.138739
10.999526
10.858882
10.716776
10.573179
10.428062
10.281396
10.133148
9.983291
9.831783
9.678596
9.523695
9.367040
9.208603
9.048347
8.886229
8.722217
8.556274
8.388365
8.218447
8.046478
7.872419
7.696224
7.517849
7.337248
7.154376
6.969183
6.781626
6.591658
6.399230
6.204289
6.006785
5.806662
5.603867
5.398346
5.190039
4.978885
4.764821
4.547785
4.327718
4.104550
3.878213
3.648632
3.415731
3.179433
2.939658
2.696324
2.449342
2.198619
1.944062
1.685565
1.423025
1.156332
0.885367
0.610007
0.330119
0.045562
-0.243808
-0.538154
-0.837641
-1.142452
-1.452775
-1.768816
-2.090791
-2.418936
-2.753492
-3.094721
-3.442906
-3.798346
-4.161356
-4.532271
-4.911453
-5.299277
-5.696144
-6.102476
-6.518713
-6.945327
-7.382802
-7.831651
-8.292403
-8.765609
-9.251839
-9.751680
-10.265738
-10.794619
-11.338951
-11.899356
-12.476465
-13.070909
-13.683309
-14.314280
-14.964415
-15.634296
-16.324488
-17.035536
-17.767950
-18.522230
-19.298857
-20.098293
-20.920988
-21.767393
-22.637968
-23.533186
-24.453558
-25.399628
-26.372013
-27.371397
-28.398516
-29.454021
-30.538033
-31.649858
-32.787975
-33.950455
-35.135540
-36.342113
-37.569393
-38.825333
-40.121483
-41.465290
-42.861858
-44.314732
-45.826500
-47.398903
-49.032673
-50.727188
-52.480095
-54.286797
-56.139984
-58.029362
-59.941479
-61.860031
-63.766422
-65.640778
-67.463135
-69.214767
-70.879417
-72.444283
-73.900360
-75.242691
-76.470055
-77.584435
-78.590271
-79.493835
-80.302444
-81.023956
-81.666252
-82.236931
-82.743088
-83.191170
-83.587112
-83.936234
-84.243240
-84.512459
-84.747742
-84.952614
-85.130341
-85.283920
-85.416100
-85.529465
-85.626343
-85.708847
-85.778931
-85.838249
-85.888382
-85.930733
-85.966423
-85.996552
-86.021942
-86.043350
-86.061523
-86.076920
-86.090034
-86.101303
-86.110954
-86.119331
-86.126671
-86.133148
-86.138939
-86.144104
-86.148796
-86.153076
-86.157036
-86.160736
-86.164223
-86.167526
-86.170677
-86.173729
-86.176682
-86.179512
-86.182350
-86.185158
-86.187897
-86.190605
-86.193314
-86.196037
-86.198730
-86.201294
-86.203911
-86.206551
-86.209167
-86.211685
-86.214241
-86.216850
-86.219437
-86.222061
-86.224609
-86.227127
-86.229645
-86.232170
-86.234726
-86.237274
-86.239815
-86.242279
-86.244720
-86.247139
-86.249496
-86.251945
-86.254303
-86.256683
-86.259048
-86.261398
-86.263710
-86.265999
-86.268394
-86.270721
-86.273033
-86.275360
-86.277657
-86.279953
-86.282196
-86.284462
-86.286751
-86.288948
-86.291222
-86.293182
-86.290955
-86.227180
-85.210686
-69.361504
10.526998
16.886971
18.265657
17.337704
15.793204
14.378634
13.318643
12.632286
12.269613
12.164004
12.251449
12.477101
12.796848
13.176800
13.591880
14.024172
14.461089
14.893338
15.314620
15.721075
16.110380
16.481148
16.832533
17.164005
17.475208
17.765926
18.036047
18.285551
18.514549
18.723257
18.912018
19.081299
19.231668
19.363810
19.478481
19.576530
19.658831
19.726316
19.779922
19.820601
19.849285
19.866888
19.874294
19.872351
19.861864
19.843584
19.818226
19.786449
19.748861
19.706020
19.658434
19.606577
19.550867
19.491692
19.429399
19.364302
19.296671
19.226763
19.154799
19.080980
19.005487
18.928471
18.850077
18.770420
18.689615
18.607761
18.524931
18.441204
18.356646
18.271305
18.185244
18.098495
18.011093
17.923067
17.834450
17.745262
17.655521
17.565229
17.474415
17.383083
17.291235
17.198875
17.106018
17.012651
16.918787
16.824415
16.729528
16.634140
16.538233
16.441799
16.344835
16.247334
16.149288
16.050688
15.951530
15.851795
15.751481
15.650571
15.549056
15.446926
15.344169
15.240770
15.136719
15.032001
14.926605
14.820518
14.713724
14.606209
14.497956
14.388954
14.279185
14.168635
14.057288
13.945127
13.832133
13.718299
13.603596
13.488014
13.371532
13.254131
13.135790
13.016495
12.896221
12.774953
12.652669
12.529350
12.404977
12.279523
12.152969
12.025293
11.896471
11.766481
11.635300
11.502905
11.369271
11.234374
11.098188
10.960685
10.821841
10.681627
10.540018
10.396985
10.252503
10.106541
9.959070
9.810061
9.659481
9.507298
9.353482
9.198002
9.040821
8.881907
8.721231
8.558757
8.394444
8.228265
8.060178
7.890143
7.718121
7.544074
7.367964
7.189754
7.009398
6.826856
6.642085
6.455040
6.265677
6.073951
5.879813
5.683217
5.484115
5.282454
5.078187
4.871260
4.661621
4.449211
4.233974
4.015854
3.794789
3.570720
3.343585
3.113317
2.879847
2.643103
2.403011
2.159494
1.912470
1.661855
1.407562
1.149497
0.887567
0.621669
0.351696
0.077530
-0.200949
-0.483868
-0.771360
-1.063571
-1.360653
-1.662770
-1.970093
-2.282807
-2.601105
-2.925198
-3.255306
-3.591668
-3.934536
-4.284175
-4.640871
-5.004925
-5.376652
-5.756390
-6.144492
-6.541333
-6.947305
-7.362823
-7.788320
-8.224250
-8.671092
-9.129325
-9.599465
-10.082036
-10.577582
-11.086656
-11.609823
-12.147667
-12.700773
-13.269721
-13.855103
-14.457507
-15.077508
-15.715678
-16.372581
-17.048758
-17.744749
-18.461067
-19.198212
-19.956675
-20.736933
-21.539457
-22.364723
-23.213215
-24.085419
-24.981874
-25.903149
-26.849859
-27.822714
-28.822495
-29.850086
-30.906507
-31.992935
-33.110497
-34.259007
-35.434441
-36.628792
-37.833496
-39.058624
-40.319717
-41.626205
-42.984467
-44.399189
-45.874199
-47.412704
-49.017311
-50.689777
-52.430588
-54.238274
-56.108692
-58.034138
-60.002674
-61.997665
-63.998047
-65.979225
-67.914742
-69.778633
-71.547554
-73.202690
-74.731049
-76.125549
-77.384781
-78.512093
-79.514275
-80.400352
-81.180496
-81.865219
-82.464630
-82.988091
-83.444122
-83.840309
-84.183464
-84.479599
-84.734131
-84.951958
-85.137566
-85.295029
-85.428047
-85.540001
-85.633835
-85.712349
-85.777863
-85.832458
-85.877907
-85.915771
-85.947327
-85.973717
-85.995796
-86.014374
-86.030067
-86.043381
-86.054802
-86.064636
-86.073151
-86.080696
-86.087357
-86.093346
-86.098747
-86.103661
-86.108185
-86.112396
-86.116333
-86.120148
-86.123734
-86.127205
-86.130585
-86.133850
-86.136955
-86.140015
-86.143066
-86.146088
-86.148964
-86.151878
-86.154747
-86.157570
-86.160439
-86.163399
-86.166168
-86.168999
-86.171867
-86.174683
-86.177467
-86.180222
-86.182953
-86.185654
-86.188408
-86.191170
-86.193962
-86.196678
-86.199379
-86.202080
-86.204834
-86.207565
-86.210243
-86.212921
-86.215561
-86.218170
-86.220825
-86.223495
-86.226158
-86.228699
-86.231293
-86.233849
-86.236343
-86.238861
-86.241302
-86.243828
-86.246330
-86.248772
-86.251221
-86.253639
-86.256058
-86.258499
-86.260925
-86.263306
-86.265732
-86.268166
-86.270462
-86.272774
-86.275108
-86.277397
-86.279701
-86.281982
-86.284187
-86.286438
-86.288628
-86.290779
-86.292961
-86.295113
-86.297287
-86.299385
-86.301498
-86.303581
-86.305664
-86.307861
-86.309937
-86.311958
-86.313553
-86.307457
-86.153900
-83.149673
-28.148268
16.541521
19.147360
18.562801
16.895868
15.257023
13.993178
13.151074
12.679716
12.504199
12.551340
12.758122
13.073741
13.459143
13.885501
14.332319
14.785502
15.235168
15.674216
16.098238
16.504631
16.891867
17.259020
17.605499
17.930895
18.234938
18.517460
18.778410
19.017851
19.235979
19.433140
19.609802
19.766581
19.904196
20.023462
20.125292
20.210648
20.280529
20.335960
20.377966
20.407558
20.425730
20.433434
20.431576
20.421009
20.402548
20.376942
20.344885
20.307020
20.263933
20.216156
20.164177
20.108433
20.049314
19.987181
19.922350
19.855106
19.785698
19.714354
19.641275
19.566635
19.490591
19.413280
19.334820
19.255322
19.174873
19.093561
19.011452
18.928604
18.845078
18.760914
18.676153
18.590830
18.504969
18.418598
18.331738
18.244398
18.156599
18.068344
17.979650
17.890516
17.800949
17.710943
17.620512
17.529644
17.438345
17.346605
17.254423
17.161798
17.068724
16.975187
16.881184
16.786707
16.691748
16.596300
16.500347
16.403889
16.306913
16.209410
16.111361
16.012762
15.913602
15.813867
15.713544
15.612623
15.511091
15.408937
15.306146
15.202705
15.098601
14.993820
14.888346
14.782167
14.675269
14.567633
14.459247
14.350097
14.240167
14.129437
14.017895
13.905520
13.792299
13.678208
13.563236
13.447361
13.330565
13.212832
13.094141
12.974474
12.853811
12.732129
12.609411
12.485635
12.360776
12.234817
12.107734
11.979506
11.850108
11.719520
11.587713
11.454664
11.320349
11.184742
11.047818
10.909554
10.769917
10.628882
10.486425
10.342515
10.197120
10.050210
9.901756
9.751729
9.600098
9.446836
9.291903
9.135271
8.976905
8.816770
8.654826
8.491039
8.325374
8.157795
7.988261
7.816737
7.643180
7.467554
7.289814
7.109922
6.927834
6.743505
6.556890
6.367942
6.176617
5.982866
5.786641
5.587891
5.386566
5.182617
4.975987
4.766625
4.554473
4.339476
4.121573
3.900703
3.676802
3.449801
3.219632
2.986227
2.749513
2.509414
2.265852
2.018744
1.768005
1.513549
1.255276
0.993092
0.726889
0.456556
0.181976
-0.096976
-0.380431
-0.668527
-0.961409
-1.259235
-1.562172
-1.870398
-2.184102
-2.503484
-2.828761
-3.160160
-3.497925
-3.842313
-4.193596
-4.552067
-4.918033
-5.291823
-5.673784
-6.064280
-6.463695
-6.872434
-7.290921
-7.719605
-8.158956
-8.609446
-9.071585
-9.545897
-10.032921
-10.533213
-11.047338
-11.575878
-12.119414
-12.678536
-13.253841
-13.845929
-14.455385
-15.082788
-15.728710
-16.393705
-17.078314
-17.783075
-18.508484
-19.255033
-20.023203
-20.813465
-21.626276
-22.462112
-23.321449
-24.204773
-25.112627
-26.045588
-27.004288
-27.989450
-29.001888
-30.042530
-31.112402
-32.212368
-33.342121
-34.499039
-35.678368
-36.874699
-38.085537
-39.324066
-40.602676
-41.929192
-43.308922
-44.745907
-46.243408
-47.804100
-49.429871
-51.121529
-52.878311
-54.697243
-56.572407
-58.494301
-60.449394
-62.420082
-64.385208
-66.321213
-68.203789
-70.009857
-71.719414
-73.316849
-74.791748
-76.138985
-77.358208
-78.453011
-79.429932
-80.297356
-81.064613
-81.741280
-82.336601
-82.859238
-83.317024
-83.717102
-84.065742
-84.368607
-84.630768
-84.856766
-85.050789
-85.216675
-85.357910
-85.477692
-85.578880
-85.664093
-85.735680
-85.795685
-85.845901
-85.887955
-85.923134
-85.952599
-85.977295
-85.998047
-86.015572
-86.030434
-86.043091
-86.053940
-86.063263
-86.071465
-86.078644
-86.085052
-86.090805
-86.095970
-86.100693
-86.104980
-86.109062
-86.112900
-86.116501
-86.119934
-86.123337
-86.126442
-86.129501
-86.132553
-86.135559
-86.138466
-86.141342
-86.144173
-86.146973
-86.149818
-86.152588
-86.155304
-86.158089
-86.160896
-86.163750
-86.166527
-86.169266
-86.171974
-86.174706
-86.177429
-86.180092
-86.182709
-86.185402
-86.188118
-86.190773
-86.193436
-86.196106
-86.198738
-86.201401
-86.204117
-86.206718
-86.209351
-86.211960
-86.214516
-86.217087
-86.219582
-86.222099
-86.224640
-86.227089
-86.229523
-86.232002
-86.234413
-86.236862
-86.239342
-86.241714
-86.244095
-86.246445
-86.248764
-86.251152
-86.253487
-86.255798
-86.258110
-86.260399
-86.262672
-86.264977
-86.267220
-86.269463
-86.271698
-86.273911
-86.276115
-86.278252
-86.280403
-86.282433
-86.284561
-86.286682
-86.288696
-86.290688
-86.292282
-86.287193
-86.159348
-83.762642
-40.806709
15.638044
18.812433
18.536026
16.962683
15.321538
14.022855
13.139277
12.629366
12.421314
12.442475
12.629333
12.930212
13.305070
13.724137
14.166096
14.616176
15.064054
15.502267
15.926095
16.332750
16.720585
17.088617
17.436222
17.762987
18.068634
18.352982
18.615961
18.857626
19.078154
19.277853
19.457159
19.616665
19.757044
19.879086
19.983671
20.071732
20.144241
20.202209
20.246639
20.278536
20.298872
20.308592
20.308607
20.299770
20.282888
20.258713
20.227951
20.191238
20.149179
20.102304
20.051104
19.996031
19.937475
19.875811
19.811357
19.744410
19.675215
19.604012
19.531000
19.456369
19.380274
19.302860
19.224241
19.144541
19.063848
18.982252
18.899818
18.816622
18.732702
18.648121
18.562916
18.477119
18.390759
18.303871
18.216463
18.128563
18.040182
17.951334
17.862019
17.772247
17.682028
17.591358
17.500240
17.408674
17.316660
17.224194
17.131266
17.037884
16.944033
16.849710
16.754906
16.659613
16.563824
16.467531
16.370722
16.273390
16.175529
16.077124
15.978159
15.878631
15.778526
15.677831
15.576533
15.474625
15.372087
15.268909
15.165078
15.060584
14.955408
14.849539
14.742959
14.635653
14.527613
14.418815
14.309246
14.198895
14.087744
13.975776
13.862974
13.749323
13.634803
13.519394
13.403080
13.285842
13.167664
13.048524
12.928404
12.807286
12.685149
12.561969
12.437727
12.312401
12.185968
12.058407
11.929696
11.799812
11.668732
11.536433
11.402887
11.268069
11.131959
10.994523
10.855738
10.715577
10.574015
10.431024
10.286575
10.140637
9.993182
9.844178
9.693593
9.541401
9.387565
9.232058
9.074841
8.915890
8.755165
8.592631
8.428248
8.261981
8.093792
7.923638
7.751486
7.577297
7.401035
7.222656
7.042116
6.859374
6.674386
6.487107
6.297492
6.105492
5.911060
5.714150
5.514714
5.312696
5.108047
4.900712
4.690638
4.477768
4.262046
4.043413
3.821807
3.597167
3.369426
3.138514
2.904362
2.666895
2.426040
2.181715
1.933839
1.682323
1.427078
1.168012
0.905025
0.638013
0.366862
0.091458
-0.188321
-0.472606
-0.761539
-1.055269
-1.353951
-1.657755
-1.966858
-2.281448
-2.601729
-2.927916
-3.260236
-3.598933
-3.944266
-4.296510
-4.655959
-5.022921
-5.397722
-5.780706
-6.172242
-6.572713
-6.982529
-7.402108
-7.831898
-8.272366
-8.723991
-9.187283
-9.662762
-10.150963
-10.652431
-11.167737
-11.697453
-12.242171
-12.802473
-13.378957
-13.972210
-14.582816
-15.211351
-15.858388
-16.524473
-17.210152
-17.915943
-18.642357
-19.389877
-20.158987
-20.950142
-21.763817
-22.600475
-23.460602
-24.344694
-25.253286
-26.186966
-27.146376
-28.132242
-29.145386
-30.186741
-31.257360
-32.358265
-33.489399
-34.648140
-35.829224
-37.026119
-38.236454
-39.475578
-40.755322
-42.083328
-43.464897
-44.904095
-46.404255
-47.968067
-49.597511
-51.293484
-53.055279
-54.879974
-56.761631
-58.690639
-60.653191
-62.631248
-64.603096
-66.544518
-68.430588
-70.237732
-71.945625
-73.538635
-75.006531
-76.344543
-77.552750
-78.635330
-79.599281
-80.453407
-81.207382
-81.870995
-82.453690
-82.964218
-83.410515
-83.799644
-84.137947
-84.431091
-84.684166
-84.901756
-85.088043
-85.246857
-85.381744
-85.495834
-85.592033
-85.672844
-85.740585
-85.797302
-85.844711
-85.884323
-85.917473
-85.945221
-85.968521
-85.988129
-86.004677
-86.018768
-86.030800
-86.041183
-86.050102
-86.057915
-86.064819
-86.071030
-86.076561
-86.081612
-86.086235
-86.090492
-86.094429
-86.098221
-86.101700
-86.105133
-86.108452
-86.111504
-86.114555
-86.117607
-86.120636
-86.123573
-86.126450
-86.129257
-86.132011
-86.134750
-86.137573
-86.140503
-86.143364
-86.146118
-86.148834
-86.151649
-86.154434
-86.157204
-86.159904
-86.162575
-86.165253
-86.167923
-86.170540
-86.173164
-86.175758
-86.178406
-86.181007
-86.183662
-86.186333
-86.189011
-86.191689
-86.194290
-86.196854
-86.199371
-86.201904
-86.204384
-86.206940
-86.209389
-86.211845
-86.214294
-86.216675
-86.219124
-86.221581
-86.223991
-86.226341
-86.228729
-86.231110
-86.233475
-86.235847
-86.238152
-86.240479
-86.242813
-86.245049
-86.247269
-86.249588
-86.251846
-86.254066
-86.256248
-86.258415
-86.260605
-86.262688
-86.264801
-86.266945
-86.269043
-86.271217
-86.273270
-86.275261
-86.277214
-86.278793
-86.273430
-86.139420
-83.604172
-37.885517
15.849564
18.873226
18.505665
16.906286
15.268279
13.982375
13.113300
12.616696
12.419814
12.449873
12.643558
12.949496
13.327985
13.749579
14.193230
14.644399
15.092919
15.531462
15.955422
16.362076
16.749817
17.117693
17.465086
17.791599
18.096945
18.380951
18.643555
18.884809
19.104895
19.304117
19.482937
19.641928
19.781790
19.903313
20.007372
20.094904
20.166901
20.224365
20.268311
20.299734
20.319622
20.328917
20.328526
20.319300
20.302052
20.277538
20.246456
20.209448
20.167107
20.119976
20.068542
20.013241
19.954483
19.892628
19.827995
19.760883
19.691542
19.620195
19.547056
19.472303
19.396101
19.318581
19.239876
19.160089
19.079317
18.997644
18.915148
18.831886
18.747913
18.663279
18.578024
18.492184
18.405790
18.318863
18.231424
18.143497
18.055090
17.966208
17.876871
17.787083
17.696846
17.606159
17.515028
17.423450
17.331430
17.238956
17.146023
17.052635
16.958782
16.864458
16.769659
16.674368
16.578587
16.482306
16.385509
16.288187
16.190332
16.091936
15.992989
15.893477
15.793392
15.692719
15.591445
15.489557
15.387044
15.283894
15.180090
15.075624
14.970481
14.864644
14.758101
14.650837
14.542835
14.434077
14.324554
14.214247
14.103138
13.991215
13.878459
13.764857
13.650389
13.535036
13.418780
13.301604
13.183487
13.064410
12.944359
12.823308
12.701240
12.578136
12.453974
12.328731
12.202382
12.074908
11.946287
11.816496
11.685509
11.553307
11.419864
11.285153
11.149150
11.011827
10.873163
10.733126
10.591687
10.448823
10.304506
10.158706
10.011393
9.862535
9.712103
9.560063
9.406387
9.251040
9.093990
8.935207
8.774655
8.612300
8.448105
8.282029
8.114035
7.944087
7.772143
7.598169
7.422124
7.243968
7.063660
6.881155
6.696409
6.509380
6.320022
6.128284
5.934121
5.737484
5.538324
5.336593
5.132239
4.925203
4.715438
4.502887
4.287492
4.069191
3.847927
3.623635
3.396252
3.165709
2.931934
2.694855
2.454396
2.210478
1.963020
1.711935
1.457132
1.198519
0.936001
0.669472
0.398823
0.123939
-0.155305
-0.439039
-0.727401
-1.020536
-1.318601
-1.621764
-1.930200
-2.244097
-2.563656
-2.889088
-3.220621
-3.558496
-3.902969
-4.254313
-4.612816
-4.978787
-5.352548
-5.734447
-6.124841
-6.524115
-6.932669
-7.350924
-7.779325
-8.218328
-8.668419
-9.130099
-9.603882
-10.090305
-10.589918
-11.103278
-11.630962
-12.173549
-12.731626
-13.305782
-13.896609
-14.504689
-15.130603
-15.774914
-16.438177
-17.120934
-17.823708
-18.546999
-19.291298
-20.057087
-20.844833
-21.654999
-22.488049
-23.344461
-24.224724
-25.129375
-26.058989
-27.014191
-27.995691
-29.004297
-30.040936
-31.106642
-32.202465
-33.328602
-34.482891
-35.660343
-36.854401
-38.061348
-39.294273
-40.566360
-41.885681
-43.257790
-44.686893
-46.176392
-47.729088
-49.347084
-51.031456
-52.781818
-54.595615
-56.467434
-58.388287
-60.345078
-62.320423
-64.293144
-66.239342
-68.134117
-69.953575
-71.676849
-73.287468
-74.774330
-76.131821
-77.359398
-78.460556
-79.441933
-80.312096
-81.080635
-81.757355
-82.351753
-82.872704
-83.328262
-83.725685
-84.071358
-84.371117
-84.630104
-84.852966
-85.043976
-85.207001
-85.345558
-85.462891
-85.561859
-85.645149
-85.715004
-85.773514
-85.822472
-85.863403
-85.897636
-85.926315
-85.950363
-85.970612
-85.987740
-86.002289
-86.014702
-86.025360
-86.034584
-86.042625
-86.049690
-86.055969
-86.061600
-86.066719
-86.071396
-86.075752
-86.079849
-86.083664
-86.087296
-86.090721
-86.094063
-86.097153
-86.100204
-86.103256
-86.106308
-86.109314
-86.112030
-86.114761
-86.117500
-86.120270
-86.123032
-86.125832
-86.128593
-86.131332
-86.134171
-86.136986
-86.139679
-86.142441
-86.145172
-86.147942
-86.150620
-86.153336
-86.156021
-86.158638
-86.161278
-86.163879
-86.166351
-86.168884
-86.171394
-86.174011
-86.176521
-86.179123
-86.181717
-86.184219
-86.186768
-86.189316
-86.191841
-86.194344
-86.196800
-86.199272
-86.201706
-86.204102
-86.206512
-86.208908
-86.211380
-86.213699
-86.216034
-86.218384
-86.220695
-86.222992
-86.225296
-86.227615
-86.229843
-86.232063
-86.234337
-86.236526
-86.238800
-86.241081
-86.243286
-86.245438
-86.247574
-86.249794
-86.251984
-86.254082
-86.256165
-86.258224
-86.260307
-86.262337
-86.263939
-86.258575
-86.125320
-83.610512
-38.344784
15.799981
18.841240
18.478201
16.882153
15.246545
13.962482
13.094856
12.599388
12.403384
12.434113
12.628299
12.934606
13.313373
13.735169
14.178970
14.630248
15.078852
15.517464
15.941490
16.348213
16.736034
17.103998
17.451498
17.778128
18.083612
18.367769
18.630541
18.871979
19.092255
19.291683
19.470711
19.629921
19.769993
19.891726
19.995985
20.083714
20.155897
20.213530
20.257637
20.289207
20.309225
20.318638
20.318350
20.309214
20.292042
20.267588
20.236551
20.199579
20.157261
20.110134
20.058699
20.003387
19.944607
19.882717
19.818048
19.750885
19.681484
19.610081
19.536869
19.462042
19.385757
19.308155
19.229361
19.149475
19.068607
18.986834
18.904230
18.820858
18.736773
18.652027
18.566652
18.480696
18.394173
18.307117
18.219553
18.131493
18.042948
17.953936
17.864462
17.774536
17.684158
17.593334
17.502064
17.410345
17.318171
17.225548
17.132469
17.038929
16.944921
16.850441
16.755480
16.660032
16.564091
16.467646
16.370682
16.273191
16.175175
16.076612
15.977492
15.877809
15.777547
15.676699
15.575248
15.473180
15.370487
15.267153
15.163164
15.058508
14.953172
14.847142
14.740402
14.632937
14.524735
14.415776
14.306050
14.195536
14.084220
13.972084
13.859114
13.745291
13.630601
13.515024
13.398545
13.281143
13.162794
13.043486
12.923195
12.801905
12.679592
12.556242
12.431830
12.306334
12.179731
12.052001
11.923120
11.793064
11.661811
11.529338
11.395620
11.260633
11.124349
10.986744
10.847792
10.707463
10.565731
10.422565
10.277941
10.131829
9.984203
9.835030
9.684278
9.531917
9.377910
9.222232
9.064846
8.905715
8.744814
8.582108
8.417555
8.251121
8.082762
7.912444
7.740127
7.565771
7.389339
7.210790
7.030080
6.847168
6.662011
6.474566
6.284785
6.092623
5.898029
5.700955
5.501353
5.299173
5.094365
4.886876
4.676649
4.463626
4.247755
4.028973
3.807221
3.582434
3.354548
3.123495
2.889203
2.651599
2.410605
2.166145
1.918134
1.666488
1.411117
1.151926
0.888819
0.621691
0.350432
0.074923
-0.204960
-0.489347
-0.778375
-1.072191
-1.370952
-1.674827
-1.983993
-2.298638
-2.618967
-2.945194
-3.277545
-3.616263
-3.961605
-4.313845
-4.673271
-5.040196
-5.414946
-5.797864
-6.189313
-6.589679
-6.999363
-7.418790
-7.848400
-8.288662
-8.740055
-9.203078
-9.678251
-10.166108
-10.667195
-11.182079
-11.711329
-12.255527
-12.815256
-13.391102
-13.983656
-14.593497
-15.221205
-15.867334
-16.532448
-17.217081
-17.921745
-18.646942
-19.393166
-20.160885
-20.950571
-21.762686
-22.597692
-23.456066
-24.338305
-25.244938
-26.176544
-27.133764
-28.117317
-29.128019
-30.166801
-31.234715
-32.332809
-33.461216
-34.617550
-35.796417
-36.991131
-38.198589
-39.433723
-40.708824
-42.031723
-43.407818
-44.841232
-46.335304
-47.892807
-49.515785
-51.205238
-52.960640
-54.779266
-56.655464
-58.579906
-60.539127
-62.515362
-64.487099
-66.430191
-68.319611
-70.131523
-71.845337
-73.444939
-74.919724
-76.264549
-77.479279
-78.567841
-79.537125
-80.395905
-81.153847
-81.820808
-82.406303
-82.919167
-83.367363
-83.758110
-84.097786
-84.392128
-84.646255
-84.864777
-85.051964
-85.211563
-85.347122
-85.461884
-85.558678
-85.640060
-85.708351
-85.765533
-85.813377
-85.853394
-85.886871
-85.914932
-85.938484
-85.958321
-85.975090
-85.989326
-86.001488
-86.011971
-86.021080
-86.029030
-86.036011
-86.042198
-86.047737
-86.052788
-86.057419
-86.061714
-86.065712
-86.069519
-86.073074
-86.076508
-86.079788
-86.082878
-86.085930
-86.088982
-86.092018
-86.094864
-86.097664
-86.100365
-86.103111
-86.105896
-86.108688
-86.111496
-86.114319
-86.117081
-86.119820
-86.122559
-86.125290
-86.128059
-86.130798
-86.133606
-86.136299
-86.138924
-86.141609
-86.144279
-86.146904
-86.149498
-86.152046
-86.154655
-86.157288
-86.159882
-86.162354
-86.164894
-86.167511
-86.170097
-86.172630
-86.175125
-86.177628
-86.180115
-86.182602
-86.185013
-86.187485
-86.189949
-86.192352
-86.194725
-86.197159
-86.199562
-86.201942
-86.204323
-86.206635
-86.208923
-86.211205
-86.213516
-86.215820
-86.218132
-86.220398
-86.222641
-86.224869
-86.227051
-86.229271
-86.231430
-86.233559
-86.235695
-86.237793
-86.239861
-86.242035
-86.244072
-86.246193
-86.248184
-86.249748
-86.244362
-86.110382
-83.582703
-38.102619
15.804156
18.828491
18.451633
16.853586
15.220735
13.940681
13.076986
12.584927
12.391695
12.424595
12.620424
12.927949
13.307590
13.730001
14.174224
14.625782
15.074566
15.513292
15.937395
16.344177
16.732048
17.100050
17.447594
17.774273
18.079802
18.364016
18.626846
18.868343
19.088682
19.288179
19.467272
19.626539
19.766670
19.888456
19.992767
20.080553
20.152773
20.210445
20.254576
20.286167
20.306198
20.315613
20.315323
20.306177
20.288990
20.264513
20.233450
20.196442
20.154087
20.106924
20.055439
20.000076
19.941242
19.879297
19.814569
19.747345
19.677877
19.606403
19.533125
19.458223
19.381866
19.304186
19.225313
19.145350
19.064400
18.982540
18.899853
18.816395
18.732220
18.647383
18.561924
18.475874
18.389259
18.302114
18.214449
18.126295
18.037657
17.948547
17.858976
17.768948
17.678467
17.587540
17.496164
17.404343
17.312067
17.219343
17.126158
17.032507
16.938393
16.843805
16.748741
16.653185
16.557127
16.460571
16.363499
16.265900
16.167767
16.069090
15.969855
15.870055
15.769676
15.668708
15.567137
15.464948
15.362132
15.258677
15.154565
15.049786
14.944324
14.838167
14.731302
14.623709
14.515374
14.406286
14.296428
14.185781
14.074329
13.962058
13.848949
13.734987
13.620157
13.504437
13.387812
13.270260
13.151765
13.032305
12.911863
12.790419
12.667953
12.544445
12.419875
12.294221
12.167459
12.039568
11.910525
11.780307
11.648887
11.516244
11.382358
11.247197
11.110741
10.972962
10.833832
10.693324
10.551414
10.408069
10.263261
10.116966
9.969151
9.819787
9.668842
9.516286
9.362088
9.206212
9.048627
8.889297
8.728189
8.565272
8.400508
8.233861
8.065289
7.894755
7.722224
7.547655
7.371006
7.192236
7.011310
6.828180
6.642802
6.455133
6.265127
6.072736
5.877912
5.680605
5.480766
5.278345
5.073291
4.865551
4.655072
4.441794
4.225663
4.006618
3.784599
3.559542
3.331382
3.100049
2.865474
2.627584
2.386303
2.141553
1.893250
1.641307
1.385637
1.126145
0.862731
0.595292
0.323715
0.047886
-0.232320
-0.517034
-0.806393
-1.100547
-1.399653
-1.703878
-2.013399
-2.328406
-2.649101
-2.975703
-3.308439
-3.647549
-3.993295
-4.345946
-4.705794
-5.073153
-5.448345
-5.831715
-6.223630
-6.624471
-7.034647
-7.454576
-7.884700
-8.325485
-8.777412
-9.240981
-9.716714
-10.205141
-10.706810
-11.222281
-11.752123
-12.296921
-12.857258
-13.433720
-14.026888
-14.637347
-15.265667
-15.912406
-16.578117
-17.263336
-17.968580
-18.694340
-19.441114
-20.209366
-20.999556
-21.812153
-22.647619
-23.506430
-24.389074
-25.296093
-26.228065
-27.185627
-28.169504
-29.180513
-30.219585
-31.287783
-32.386169
-33.514885
-34.671463
-35.850384
-37.044758
-38.251648
-39.486755
-40.762035
-42.085270
-43.461758
-44.895596
-46.390141
-47.948158
-49.571682
-51.261719
-53.017704
-54.836899
-56.713619
-58.638485
-60.597900
-62.574032
-64.545258
-66.487312
-68.375099
-70.184814
-71.895805
-73.492073
-74.963120
-76.303947
-77.514519
-78.598869
-79.563995
-80.418755
-81.172852
-81.836205
-82.418304
-82.928040
-83.373352
-83.761421
-84.098640
-84.390717
-84.642807
-84.859543
-85.045082
-85.203285
-85.337662
-85.451385
-85.547302
-85.627960
-85.695633
-85.752319
-85.799759
-85.839439
-85.872681
-85.900543
-85.923958
-85.943687
-85.960335
-85.974541
-85.986656
-85.997116
-86.006157
-86.014069
-86.021072
-86.027313
-86.032906
-86.037971
-86.042618
-86.046898
-86.050903
-86.054710
-86.058258
-86.061684
-86.065041
-86.068199
-86.071251
-86.074295
-86.077278
-86.080154
-86.082901
-86.085571
-86.088249
-86.091011
-86.093727
-86.096489
-86.099197
-86.102005
-86.104736
-86.107498
-86.110214
-86.112907
-86.115608
-86.118362
-86.121124
-86.123863
-86.126556
-86.129303
-86.132019
-86.134735
-86.137344
-86.139977
-86.142593
-86.145164
-86.147667
-86.150162
-86.152710
-86.155258
-86.157692
-86.160210
-86.162743
-86.165199
-86.167625
-86.170029
-86.172417
-86.174835
-86.177246
-86.179611
-86.181984
-86.184326
-86.186676
-86.189003
-86.191307
-86.193596
-86.195885
-86.198181
-86.200432
-86.202675
-86.204918
-86.207153
-86.209351
-86.211525
-86.213699
-86.215935
-86.218132
-86.220253
-86.222374
-86.224480
-86.226509
-86.228516
-86.230652
-86.232628
-86.234200
-86.228760
-86.094490
-83.562851
-38.046219
15.791845
18.809875
18.425859
16.827955
15.197894
13.921144
13.060516
12.571052
12.379913
12.414437
12.611501
12.919937
13.300240
13.723121
14.167675
14.619458
15.068398
15.507234
15.931419
16.338266
16.726200
17.094271
17.441885
17.768639
18.074249
18.358555
18.621483
18.863079
19.083527
19.283129
19.462332
19.621702
19.761940
19.883825
19.988237
20.076105
20.148407
20.206156
20.250349
20.282000
20.302073
20.311529
20.311266
20.302147
20.284971
20.260508
20.229445
20.192434
20.150068
20.102882
20.051376
19.995981
19.937113
19.875128
19.810356
19.743082
19.673567
19.602034
19.528696
19.453737
19.377312
19.299564
19.220621
19.140585
19.059557
18.977625
18.894855
18.811323
18.727066
18.642147
18.556597
18.470459
18.383760
18.296522
18.208775
18.120531
18.031799
17.942598
17.852930
17.762806
17.672230
17.581203
17.489727
17.397802
17.305424
17.212595
17.119308
17.025560
16.931341
16.836649
16.741470
16.645805
16.549646
16.452976
16.355795
16.258083
16.159840
16.061049
15.961700
15.861785
15.761291
15.660204
15.558517
15.456212
15.353276
15.249699
15.145465
15.040561
14.934974
14.828691
14.721694
14.613975
14.505512
14.396292
14.286300
14.175519
14.063934
13.951529
13.838285
13.724185
13.609211
13.493349
13.376579
13.258883
13.140237
13.020629
12.900034
12.778435
12.655810
12.532144
12.407412
12.281590
12.154662
12.026604
11.897393
11.767002
11.635413
11.502598
11.368534
11.233198
11.096562
10.958602
10.819290
10.678599
10.536504
10.392973
10.247980
10.101493
9.953485
9.803929
9.652789
9.500036
9.345638
9.189560
9.031771
8.872237
8.710922
8.547792
8.382816
8.215953
8.047165
7.876411
7.703658
7.528862
7.351985
7.172986
6.991821
6.808453
6.622834
6.434923
6.244676
6.052042
5.856975
5.659422
5.459334
5.256662
5.051353
4.843356
4.632614
4.419072
4.202675
3.983358
3.761062
3.535723
3.307280
3.075662
2.840800
2.602620
2.361046
2.115999
1.867398
1.615154
1.359179
1.099377
0.835650
0.567893
0.295994
0.019837
-0.260701
-0.545749
-0.835449
-1.129950
-1.429411
-1.733997
-2.043884
-2.359265
-2.680341
-3.007330
-3.340461
-3.679978
-4.026138
-4.379218
-4.739506
-5.107310
-5.482959
-5.866799
-6.259193
-6.660526
-7.071204
-7.491651
-7.922306
-8.363636
-8.816117
-9.280254
-9.756565
-10.245581
-10.747845
-11.263924
-11.794386
-12.339806
-12.900768
-13.477862
-14.071669
-14.682760
-15.311715
-15.959085
-16.625412
-17.311234
-18.017069
-18.743414
-19.490746
-20.259546
-21.050278
-21.863380
-22.699329
-23.558598
-24.441690
-25.349131
-26.281496
-27.239437
-28.223679
-29.235035
-30.274445
-31.342970
-32.441677
-33.570732
-34.727612
-35.906647
-37.100582
-38.307022
-39.542130
-40.817665
-42.141232
-43.518162
-44.952530
-46.447670
-48.006321
-49.630520
-51.321247
-53.077965
-54.897869
-56.775223
-58.700588
-60.660301
-62.636421
-64.607155
-66.548187
-68.434319
-70.241730
-71.949768
-73.542549
-75.009674
-76.346260
-77.552429
-78.632347
-79.593109
-80.443634
-81.193687
-81.853241
-82.431808
-82.938210
-83.380463
-83.765732
-84.100418
-84.390175
-84.640175
-84.855057
-85.039017
-85.195816
-85.328987
-85.441635
-85.536690
-85.616623
-85.683693
-85.739899
-85.786919
-85.826279
-85.859253
-85.886917
-85.910156
-85.929741
-85.946304
-85.960373
-85.972420
-85.982773
-85.991798
-85.999687
-86.006607
-86.012779
-86.018311
-86.023384
-86.028008
-86.032265
-86.036209
-86.040009
-86.043518
-86.046936
-86.050285
-86.053345
-86.056396
-86.059433
-86.062393
-86.065292
-86.067993
-86.070679
-86.073357
-86.076027
-86.078712
-86.081383
-86.084053
-86.086731
-86.089470
-86.092278
-86.095047
-86.097740
-86.100456
-86.103127
-86.105804
-86.108559
-86.111229
-86.113876
-86.116463
-86.119080
-86.121704
-86.124306
-86.126839
-86.129303
-86.131828
-86.134384
-86.136963
-86.139473
-86.141983
-86.144440
-86.146881
-86.149246
-86.151588
-86.153931
-86.156250
-86.158539
-86.160851
-86.163170
-86.165474
-86.167801
-86.170090
-86.172379
-86.174660
-86.176918
-86.179207
-86.181435
-86.183601
-86.185844
-86.188057
-86.190254
-86.192490
-86.194717
-86.196846
-86.199013
-86.201195
-86.203270
-86.205307
-86.207397
-86.209457
-86.211494
-86.213531
-86.215523
-86.217056
-86.211624
-86.077003
-83.540901
-37.980537
15.778281
18.790251
18.399645
16.802275
15.175261
13.901979
13.044518
12.557705
12.368679
12.404838
12.603121
12.912457
13.293411
13.716757
14.161635
14.613648
15.062743
15.501690
15.925961
16.332886
16.720890
17.089037
17.436726
17.763563
18.069269
18.353672
18.616701
18.858408
19.078966
19.278679
19.457994
19.617487
19.757828
19.879818
19.984322
20.072283
20.144672
20.202497
20.246756
20.278458
20.298588
20.308084
20.307859
20.298763
20.281614
20.257160
20.226103
20.189089
20.146715
20.099522
20.047993
19.992577
19.933674
19.871655
19.806845
19.739529
19.669966
19.598389
19.524998
19.449986
19.373505
19.295700
19.216692
19.136591
19.055500
18.973501
18.890665
18.807055
18.722727
18.637733
18.552113
18.465899
18.379128
18.291811
18.203983
18.115656
18.026846
17.937563
17.847813
17.757610
17.666952
17.575840
17.484280
17.392271
17.299807
17.206888
17.113512
17.019672
16.925360
16.830576
16.735308
16.639547
16.543293
16.446526
16.349245
16.251436
16.153093
16.054201
15.954752
15.854733
15.754135
15.652946
15.551149
15.448738
15.345696
15.242012
15.137670
15.032657
14.926958
14.820562
14.713452
14.605616
14.497037
14.387701
14.277592
14.166693
14.054984
13.942456
13.829088
13.714863
13.599761
13.483771
13.366872
13.249043
13.130270
13.010530
12.889804
12.768070
12.645309
12.521502
12.396626
12.270664
12.143589
12.015383
11.886021
11.755482
11.623738
11.490768
11.356549
11.221053
11.084257
10.946136
10.806659
10.665804
10.523541
10.379843
10.234679
10.088020
9.939839
9.790106
9.638790
9.485859
9.331282
9.175023
9.017050
8.857332
8.695831
8.532511
8.367338
8.200278
8.031292
7.860340
7.687382
7.512385
7.335305
7.156103
6.974735
6.791157
6.605329
6.417205
6.226740
6.033890
5.838602
5.640826
5.440511
5.237607
5.032063
4.823828
4.612846
4.399057
4.182412
3.962849
3.740306
3.514721
3.286027
3.054156
2.819038
2.580600
2.338767
2.093458
1.844591
1.592081
1.335838
1.075764
0.811760
0.543722
0.271541
-0.004902
-0.285732
-0.571079
-0.861080
-1.155884
-1.455649
-1.760543
-2.070745
-2.386446
-2.707845
-3.035163
-3.368628
-3.708485
-4.054995
-4.408431
-4.769084
-5.137265
-5.513299
-5.897532
-6.290327
-6.692066
-7.103156
-7.524022
-7.955107
-8.396871
-8.849798
-9.314388
-9.791157
-10.280640
-10.783382
-11.299941
-11.830888
-12.376796
-12.938247
-13.515826
-14.110114
-14.721686
-15.351111
-15.998935
-16.665716
-17.351973
-18.058228
-18.784967
-19.532682
-20.301836
-21.092890
-21.906303
-22.742533
-23.602053
-24.485359
-25.392994
-26.325541
-27.283640
-28.268009
-29.279472
-30.318979
-31.387583
-32.486378
-33.615513
-34.772449
-35.951340
-37.144573
-38.350433
-39.585304
-40.860733
-42.184277
-43.561230
-44.995632
-46.490822
-48.049549
-49.673847
-51.364689
-53.121521
-54.941566
-56.819027
-58.744438
-60.704098
-62.679977
-64.650230
-66.590424
-68.475327
-70.281059
-71.987000
-73.577263
-75.041527
-76.375008
-77.577927
-78.654549
-79.612000
-80.459320
-81.206299
-81.862907
-82.438690
-82.942505
-83.382332
-83.765358
-84.097992
-84.385933
-84.634293
-84.847687
-85.030296
-85.185951
-85.318130
-85.429993
-85.524323
-85.603638
-85.670204
-85.725967
-85.772690
-85.811806
-85.844566
-85.872040
-85.895126
-85.914597
-85.931053
-85.945084
-85.957085
-85.967339
-85.976280
-85.984146
-85.991035
-85.997185
-86.002701
-86.007736
-86.012344
-86.016586
-86.020592
-86.024361
-86.027885
-86.031273
-86.034485
-86.037560
-86.040611
-86.043633
-86.046394
-86.049156
-86.051895
-86.054604
-86.057281
-86.059952
-86.062637
-86.065346
-86.068016
-86.070694
-86.073372
-86.076035
-86.078705
-86.081398
-86.084091
-86.086769
-86.089462
-86.092133
-86.094849
-86.097580
-86.100235
-86.102905
-86.105492
-86.108040
-86.110641
-86.113136
-86.115692
-86.118233
-86.120773
-86.123230
-86.125694
-86.128166
-86.130638
-86.133133
-86.135620
-86.138062
-86.140457
-86.142799
-86.145187
-86.147537
-86.149910
-86.152199
-86.154488
-86.156784
-86.159134
-86.161430
-86.163681
-86.165894
-86.168137
-86.170349
-86.172592
-86.174820
-86.176994
-86.179199
-86.181412
-86.183525
-86.185585
-86.187668
-86.189758
-86.191864
-86.193909
-86.195930
-86.197983
-86.199936
-86.201530
-86.196053
-86.061188
-83.522568
-37.957207
15.762066
18.771109
18.376226
16.779947
15.155767
13.885475
13.030654
12.546017
12.358709
12.396180
12.595448
12.905508
13.286983
13.710706
14.155852
14.608057
15.057290
15.496339
15.920695
16.327692
16.715773
17.083994
17.431767
17.758692
18.064493
18.348997
18.612131
18.853947
19.074617
19.274446
19.453875
19.613470
19.753923
19.876020
19.980631
20.068687
20.141165
20.199070
20.243406
20.275179
20.295362
20.304909
20.304728
20.295668
20.278542
20.254108
20.223066
20.186066
20.143692
20.096487
20.044941
19.989510
19.930592
19.868547
19.803709
19.736359
19.666761
19.595139
19.521708
19.446644
19.370119
19.292261
19.213202
19.133047
19.051901
18.969837
18.886946
18.803276
18.718889
18.633829
18.548140
18.461861
18.375015
18.287630
18.199728
18.111328
18.022442
17.933083
17.843258
17.752974
17.662233
17.571049
17.479408
17.387320
17.294771
17.201775
17.108313
17.014387
16.919994
16.825125
16.729771
16.633921
16.537575
16.440723
16.343355
16.245457
16.147022
16.048037
15.948495
15.848382
15.747687
15.646399
15.544507
15.441998
15.338857
15.235072
15.130630
15.025516
14.919715
14.813216
14.706002
14.598061
14.489377
14.379932
14.269713
14.158703
14.046885
13.934245
13.820763
13.706425
13.591209
13.475101
13.358083
13.240134
13.121239
13.001374
12.880525
12.758666
12.635779
12.511846
12.386842
12.260748
12.133539
12.005199
11.875702
11.745025
11.613143
11.480031
11.345666
11.210025
11.073079
10.934808
10.795183
10.654176
10.511760
10.367905
10.222586
10.075772
9.927433
9.777539
9.626060
9.472962
9.318216
9.161790
9.003648
8.843757
8.682081
8.518589
8.353241
8.186000
8.016833
7.845699
7.672561
7.497379
7.320113
7.140718
6.959157
6.775385
6.589360
6.401039
6.210375
6.017319
5.821825
5.623840
5.423316
5.220201
5.014446
4.805997
4.594799
4.380797
4.163937
3.944158
3.721397
3.495591
3.266676
3.034584
2.799244
2.560583
2.318522
2.072984
1.823888
1.571146
1.314667
1.054356
0.790115
0.521843
0.249423
-0.027263
-0.308338
-0.593931
-0.884182
-1.179238
-1.479257
-1.784409
-2.094874
-2.410840
-2.732510
-3.060102
-3.393846
-3.733986
-4.080783
-4.434511
-4.795462
-5.163947
-5.540288
-5.924832
-6.317945
-6.720011
-7.131436
-7.552641
-7.984072
-8.426188
-8.879470
-9.344421
-9.821558
-10.311408
-10.814516
-11.331441
-11.862754
-12.409027
-12.970840
-13.548775
-14.143408
-14.755319
-15.385067
-16.033213
-16.700298
-17.386847
-18.093365
-18.820356
-19.568295
-20.337648
-21.128880
-21.942440
-22.778791
-23.638407
-24.521784
-25.429449
-26.361992
-27.320057
-28.304369
-29.315750
-30.355141
-31.423603
-32.522251
-33.651268
-34.808079
-35.986752
-37.179386
-38.384636
-39.618969
-40.893974
-42.217117
-43.593647
-45.027615
-46.522362
-48.080654
-49.704540
-51.394985
-53.151451
-54.971149
-56.848320
-58.773472
-60.732864
-62.708435
-64.678299
-66.617943
-68.502098
-70.306793
-72.011383
-73.600014
-75.062370
-76.393723
-77.594368
-78.668587
-79.623619
-80.468521
-81.213150
-81.867493
-82.441116
-82.942863
-83.380783
-83.762032
-84.092979
-84.379364
-84.626312
-84.838440
-85.019966
-85.174698
-85.306068
-85.417267
-85.511032
-85.589920
-85.656151
-85.711647
-85.758125
-85.797066
-85.829674
-85.857048
-85.880066
-85.899498
-85.915901
-85.929901
-85.941833
-85.952110
-85.961098
-85.968918
-85.975830
-85.981995
-85.987534
-85.992577
-85.997185
-86.001419
-86.005379
-86.009102
-86.012611
-86.016029
-86.019188
-86.022255
-86.025284
-86.028198
-86.031105
-86.033951
-86.036667
-86.039345
-86.042038
-86.044731
-86.047440
-86.050117
-86.052803
-86.055473
-86.058144
-86.060814
-86.063484
-86.066154
-86.068825
-86.071518
-86.074219
-86.076897
-86.079590
-86.082275
-86.084915
-86.087532
-86.090210
-86.092850
-86.095436
-86.097984
-86.100540
-86.103104
-86.105621
-86.108078
-86.110420
-86.112755
-86.115173
-86.117653
-86.120094
-86.122444
-86.124863
-86.127243
-86.129532
-86.131783
-86.134048
-86.136292
-86.138565
-86.140823
-86.143036
-86.145241
-86.147354
-86.149513
-86.151711
-86.153877
-86.156113
-86.158249
-86.160408
-86.162529
-86.164658
-86.166725
-86.168770
-86.170807
-86.172997
