290
290
291
292
290
291
290
290
293
292
292
291
292
292
292
292
293
293
293
293
294
294
294
294
295
295
296
296
295
296
295
295
289
290
290
290
289
288
289
288
288
288
288
288
289
288
288
288
287
287
288
287
287
287
287
287
287
287
287
286
287
286
286
286
286
286
286
286
286
286
286
286
319
320
320
321
320
320
320
319
321
320
321
320
320
321
322
321
322
321
321
321
321
321
321
321
322
322
322
322
322
321
322
321
320
319
319
319
320
319
319
319
318
318
318
318
318
317
318
317
316
317
317
317
317
316
316
316
315
315
316
315
315
314
314
314
307
307
305
306
306
307
307
307
308
309
308
308
309
309
310
310
311
311
310
310
311
312
312
312
313
312
314
314
313
314
313
313
299
298
296
297
297
298
298
298
299
300
299
299
300
300
301
301
302
302
301
302
302
303
303
303
304
303
305
305
304
305
303
304
