-86.199997
-79.269524
-79.273239
-79.275238
-79.276268
-79.276764
-79.276955
-79.276955
-79.276955
-79.276955
-79.276909
-79.276756
-79.276604
-79.276459
-79.276314
-79.275978
-79.274101
-79.258484
-79.117363
-77.844040
-66.852493
-9.712515
-12.475444
-25.366491
-37.203125
-47.311790
-55.670132
-62.267601
-67.233757
-70.849686
-73.435722
-75.269730
-76.561707
-77.462112
-78.079865
-78.496117
-78.771873
-78.951965
-79.068367
-79.143036
-79.190674
-79.220978
-79.240181
-79.252327
-79.259987
-79.264786
-79.267792
-79.269646
-79.270767
-79.271461
-79.271873
-79.272079
-79.272087
-79.272087
-79.272087
-79.272087
-79.272087
-79.272087
-79.272018
-79.271912
-79.271812
-79.271713
-79.271614
-79.271523
-79.271423
-79.271332
-79.271233
-79.271141
-79.271049
-79.270958
-79.270874
-79.270782
-79.270699
-79.270607
-79.270523
-79.270439
-79.270355
-79.270271
-79.270187
-79.270111
-79.270027
-79.269951
-79.269875
-79.269798
-79.269722
-79.269646
-79.269569
-79.269493
-79.269424
-79.269348
-79.269279
-79.269211
-79.269142
-79.269073
-79.269005
-79.268936
-79.268867
-79.268799
-79.268738
-79.268669
-79.268608
-79.268547
-79.268486
-79.268425
-79.268364
-79.268303
-79.268242
-79.268181
-79.268127
-79.268066
-79.268013
-79.267952
-79.267899
-79.267845
-79.267792
-79.267738
-79.267685
-79.267632
-79.267578
-79.267525
-79.267479
-79.267426
-79.267380
-79.267326
-79.267281
-79.267227
-79.267181
-79.267136
-79.267090
-79.267044
-79.266998
-79.266953
-79.266907
-79.266869
-79.266823
-79.266777
-79.266739
-79.266693
-79.266655
-79.266617
-79.266571
-79.266533
-79.266495
-79.266457
-79.266418
-79.266380
-79.266342
-79.266304
-79.266266
-79.266228
-79.266197
-79.266159
-79.266121
-79.266090
-79.266052
-79.266022
-79.265991
-79.265953
-79.265923
-79.265892
-79.265854
-79.265823
-79.265793
-79.265762
-79.265732
-79.265701
-79.265671
-79.265640
-79.265617
-79.265587
-79.265556
-79.265526
-79.265503
-79.265472
-79.265442
-79.265419
-79.265388
-79.265366
-79.265343
-79.265312
-79.265289
-79.265266
-79.265236
-79.265213
-79.265190
-79.265167
-79.265144
-79.265121
-79.265099
-79.265076
-79.265053
-79.265030
-79.265007
-79.264984
-79.264961
-79.264938
-79.264923
-79.264900
-79.264877
-79.264854
-79.264839
