-86.199997
-85.758408
-85.609070
-85.576263
-85.592796
-85.628860
-85.671700
-85.715302
-85.756989
-85.795998
-85.832352
-85.865883
-85.896896
-85.925468
-85.950386
-85.627785
-11.530977
16.782341
14.319434
14.809263
16.505852
18.282131
19.799273
20.963930
21.759626
22.224705
22.427990
22.442102
22.327717
22.129152
21.876232
21.587976
21.276083
20.947474
20.606039
20.253902
19.892170
19.521139
19.140804
18.750822
18.350740
17.939816
17.517479
17.082956
16.635260
16.173615
15.697053
15.204424
14.694683
14.166653
13.619084
13.050704
12.460086
11.845749
11.206221
10.539903
9.845114
9.120205
8.363292
7.572555
6.745936
5.881226
4.975946
4.027213
3.031439
1.984054
0.879153
-0.291074
-1.537024
-2.872415
-4.315210
-5.888474
-7.621306
-9.549384
-11.714619
-14.163150
-16.941065
-20.088751
69.049873
37.333397
21.283798
12.996319
7.296785
2.596712
-1.733297
-6.044132
-10.581070
-15.523857
-20.987129
-27.043158
-33.785091
-41.331520
-50.147366
-60.011292
-69.249786
-76.136818
-80.542511
-83.173126
-84.665108
-85.446381
-85.822449
-85.994049
-86.063210
-85.902313
-81.926155
-27.085306
-3.453277
7.412521
9.787903
10.899059
12.017247
13.128868
14.127847
14.953485
15.581680
16.014097
16.268669
16.371204
16.349110
16.227581
16.027760
15.766331
15.455992
15.106039
14.723109
14.311787
13.875148
13.415133
12.932861
12.428821
11.903072
11.355325
10.785044
10.191508
9.573839
8.931082
8.262156
7.565941
6.841217
6.086676
5.300907
4.482290
3.628982
2.738731
1.808742
0.835486
-0.185570
-1.260293
-2.396125
-3.602505
-4.891293
-6.277127
-7.777775
-9.414286
-11.210828
-13.194057
-15.391733
-17.830940
-20.536823
-23.533314
-26.847950
-30.522146
-34.625046
-39.140720
-44.266209
-50.573696
-58.309540
-66.760475
-74.029480
-79.041435
-82.138031
-83.975006
-85.012459
-85.558884
-85.831467
-85.965492
-86.031456
-86.024300
-84.893013
-54.551991
1.974125
9.968628
10.550339
11.087168
12.053357
13.116706
14.085027
14.880443
15.477926
15.880644
16.107592
16.185078
16.140564
15.998937
15.780910
15.502733
15.176604
14.811425
14.413478
13.987044
13.534954
13.058922
12.559904
12.038222
11.493798
10.926216
10.334819
9.718774
9.077098
8.408725
7.712444
6.987000
6.230999
5.442918
4.621033
3.763321
2.867354
1.930070
0.947547
-0.085212
-1.174670
-2.329130
-3.559180
-4.878226
-6.302911
-7.853539
-9.554218
-11.432596
-13.518919
-15.844287
-18.438440
-21.328825
-24.542858
-28.116074
-32.106117
-36.582619
-41.523674
-47.521870
-54.988487
-63.556381
-71.512810
-77.349533
-81.069565
-83.318024
-84.626289
-85.342255
-85.710541
-85.892387
-85.960434
-85.644524
-79.756905
-5.703480
4.188154
9.481408
10.292602
11.105783
12.153288
13.200259
14.116114
14.847130
15.379894
15.723887
15.901044
15.938147
15.861677
15.694895
15.456784
15.162031
14.821623
14.443500
14.033237
13.594646
13.130189
12.641356
12.128900
11.593042
11.033611
10.450116
9.841886
9.208015
8.547531
7.859310
7.142133
6.394688
5.615490
4.802906
3.954985
3.069406
2.143279
1.172864
0.153437
-0.921133
-2.058757
-3.269526
-4.566241
-5.964903
-7.485100
-9.150264
-10.987450
-13.026578
-15.298785
-17.834259
-20.660898
-23.805943
-27.302862
-31.204487
-35.585480
-40.428616
-46.209034
-53.414471
-61.852276
-70.026955
-76.277077
-80.360901
-82.864937
-84.348839
-85.182091
-85.621361
-85.840195
-85.909561
-85.445625
-78.767960
-6.246429
2.171762
8.608296
9.874352
10.827818
11.926009
13.003636
13.945802
14.701981
15.258913
15.625518
15.823159
15.878251
15.817206
15.663437
15.436180
15.150464
14.817607
14.445828
14.040991
13.607107
13.146820
12.661775
12.152821
11.620302
11.064095
10.483798
9.878759
9.248144
8.591005
7.906255
7.192705
6.449068
5.673903
4.865604
4.022291
3.141711
2.221028
1.256658
0.244039
-0.822758
-1.951378
-3.151579
-4.435772
-5.819451
-7.321625
-8.965090
-10.776261
-12.784534
-15.020709
-17.514940
-20.295204
-23.388515
-26.827160
-30.660858
-34.963860
-39.729595
-45.342087
-52.336182
-60.641758
-68.941383
-75.487968
-79.844604
-82.539078
-84.150642
-85.068047
-85.558334
-85.804680
-85.886429
-85.440727
-79.198494
-4.037616
0.555067
7.931207
9.447763
10.483268
11.637940
12.763052
13.747055
14.541163
15.132665
15.530366
15.755309
15.833794
15.792361
15.654843
15.440975
15.166322
14.842697
14.478762
14.080714
13.652878
13.198119
12.718261
12.214306
11.686688
11.135393
10.560078
9.960162
9.334842
8.683207
8.004199
7.296675
6.559372
5.790896
4.989694
4.153947
3.281501
2.369637
1.414968
0.413171
-0.641372
-1.755888
-2.939629
-4.204375
-5.564877
-7.039275
-8.649431
-10.420864
-12.382204
-14.563873
-16.996119
-19.707283
-22.724396
-26.078091
-29.813694
-34.002033
-38.662220
-44.030102
-50.704014
-58.780712
-67.230675
-74.232262
-79.030190
-82.032814
-83.845680
-84.893806
-85.463264
-85.754105
-85.868858
-85.568451
-80.987701
-14.478426
-1.995320
7.071471
9.034343
10.089350
11.255697
12.420269
13.454576
14.302021
14.945642
15.391328
15.658357
15.772369
15.760159
15.646317
15.451554
15.192390
14.881450
14.528103
14.139106
13.719224
13.271654
12.798493
12.300948
11.779604
11.234578
10.665612
10.072195
9.453604
8.808967
8.137272
7.437414
6.708177
5.948201
5.156006
4.329848
3.467668
