292
292
292
293
293
292
292
292
294
294
293
293
294
294
294
294
296
295
295
295
295
296
296
296
297
297
298
299
298
298
298
297
290
291
291
291
291
291
290
291
290
290
290
290
290
289
289
289
289
289
289
289
289
288
289
288
288
288
288
288
288
288
288
288
287
288
288
288
288
288
288
288
323
322
323
323
323
323
322
323
323
324
323
323
324
323
324
323
324
324
323
324
324
324
324
324
324
324
324
324
324
324
324
324
322
322
322
322
322
322
321
322
321
320
320
321
321
319
320
319
319
319
319
319
319
318
318
318
318
317
318
317
318
316
317
316
309
309
308
308
308
309
309
309
311
311
310
311
311
312
311
312
313
313
312
313
313
313
313
313
314
314
316
316
316
315
314
315
301
301
299
299
299
300
300
300
302
302
301
302
302
303
303
303
304
304
303
304
304
305
306
306
306
306
307
308
307
307
306
306
