290
291
291
292
291
291
291
290
293
293
292
291
292
292
293
293
294
294
293
294
294
295
294
295
295
296
297
297
297
296
296
296
289
290
290
290
289
289
289
289
288
289
289
289
288
287
288
287
288
287
287
287
288
287
287
287
286
287
287
287
286
287
286
287
286
286
286
287
286
285
286
286
321
321
322
321
321
322
321
321
322
322
322
322
322
322
322
322
323
322
322
323
322
323
322
322
323
322
323
322
322
323
322
323
320
321
321
321
320
320
320
320
319
319
319
320
319
318
319
318
318
317
318
317
318
317
317
317
316
316
316
316
316
315
316
315
308
307
307
306
307
307
307
308
310
309
309
309
310
310
310
310
312
311
311
311
312
312
312
312
313
313
315
315
315
314
313
314
299
300
298
297
298
298
298
299
301
300
300
300
301
301
301
301
303
302
302
302
303
303
304
304
304
305
306
306
306
305
305
304
