513 7950 4950 50
514 7850 4950 50
518 7650 4950 50
519 7750 4950 50
520 7750 5050 50
521 7650 5050 50
526 7950 5050 50
527 7850 5050 50
560 7350 5050 50
561 7250 5050 50
566 7550 5050 50
567 7450 5050 50
568 7450 4950 50
569 7550 4950 50
573 7350 4950 50
574 7250 4950 50
578 7050 4950 50
579 7150 4950 50
581 7150 5050 50
582 7050 5050 50
585 6950 5050 50
586 6850 5050 50
588 6850 4950 50
589 6950 4950 50
593 6750 4950 50
594 6650 4950 50
598 6450 4950 50
599 6550 4950 50
600 6550 5050 50
601 6450 5050 50
605 6650 5050 50
606 6750 5050 50
850 8150 5050 50
851 8050 5050 50
852 8050 4950 50
855 8150 4950 50
856 8250 4950 50
859 8350 4950 50
860 8350 5050 50
861 8250 5050 50
866 8550 5050 50
867 8450 5050 50
868 8450 4950 50
871 8550 4950 50
872 8650 4950 50
875 8750 4950 50
876 8750 5050 50
877 8650 5050 50
914 8950 5050 50
915 8850 5050 50
916 8850 4950 50
919 8950 4950 50
920 9050 4950 50
923 9150 4950 50
924 9150 5050 50
925 9050 5050 50
930 9350 5050 50
931 9250 5050 50
932 9250 4950 50
935 9350 4950 50
936 9450 4950 50
939 9550 4950 50
940 9550 5050 50
941 9450 5050 50
1074 9750 5050 50
1075 9650 5050 50
1076 9650 4950 50
1079 9750 4950 50
1080 9850 4950 50
1083 9950 4950 50
1084 9950 5050 50
1085 9850 5050 50
4865 1550 4950 50
4866 1450 4950 50
4870 1250 4950 50
4871 1350 4950 50
4872 1350 5050 50
4873 1250 5050 50
4878 1550 5050 50
4879 1450 5050 50
4912 950 5050 50
4913 850 5050 50
4918 1150 5050 50
4919 1050 5050 50
4920 1050 4950 50
4921 1150 4950 50
4925 950 4950 50
4926 850 4950 50
4930 650 4950 50
4931 750 4950 50
4933 750 5050 50
4934 650 5050 50
4937 550 5050 50
4938 450 5050 50
4940 450 4950 50
4941 550 4950 50
4945 350 4950 50
4946 250 4950 50
4950 50 4950 50
4951 150 4950 50
4952 150 5050 50
4953 50 5050 50
4957 250 5050 50
4958 350 5050 50
5202 1750 5050 50
5203 1650 5050 50
5204 1650 4950 50
5207 1750 4950 50
5208 1850 4950 50
5211 1950 4950 50
5212 1950 5050 50
5213 1850 5050 50
5218 2150 5050 50
5219 2050 5050 50
5220 2050 4950 50
5223 2150 4950 50
5224 2250 4950 50
5227 2350 4950 50
5228 2350 5050 50
5229 2250 5050 50
5266 2550 5050 50
5267 2450 5050 50
5268 2450 4950 50
5271 2550 4950 50
5272 2650 4950 50
5275 2750 4950 50
5276 2750 5050 50
5277 2650 5050 50
5282 2950 5050 50
5283 2850 5050 50
5284 2850 4950 50
5287 2950 4950 50
5288 3050 4950 50
5291 3150 4950 50
5292 3150 5050 50
5293 3050 5050 50
5536 4550 5050 50
5537 4450 5050 50
5542 4750 5050 50
5543 4650 5050 50
5544 4650 4950 50
5545 4750 4950 50
5549 4550 4950 50
5550 4450 4950 50
5554 4250 4950 50
5555 4350 4950 50
5557 4350 5050 50
5558 4250 5050 50
5561 4150 5050 50
5562 4050 5050 50
5564 4050 4950 50
5565 4150 4950 50
5570 3850 4950 50
5571 3950 4950 50
5573 3950 5050 50
5574 3850 5050 50
5577 3750 5050 50
5578 3650 5050 50
5580 3650 4950 50
5581 3750 4950 50
5585 3550 4950 50
5586 3450 4950 50
5590 3250 4950 50
5591 3350 4950 50
5592 3350 5050 50
5593 3250 5050 50
5597 3450 5050 50
5598 3550 5050 50
6177 6050 5050 50
6178 6150 5050 50
6182 6350 5050 50
6183 6250 5050 50
6184 6250 4950 50
6185 6350 4950 50
6189 6150 4950 50
6190 6050 4950 50
6194 5850 4950 50
6195 5950 4950 50
6197 5950 5050 50
6198 5850 5050 50
6201 5750 5050 50
6202 5650 5050 50
6204 5650 4950 50
6205 5750 4950 50
6210 5450 4950 50
6211 5550 4950 50
6213 5550 5050 50
6214 5450 5050 50
6217 5350 5050 50
6218 5250 5050 50
6220 5250 4950 50
6221 5350 4950 50
6225 5150 4950 50
6226 5050 4950 50
6230 4850 4950 50
6231 4950 4950 50
6232 4950 5050 50
6233 4850 5050 50
6238 5150 5050 50
6239 5050 5050 50
