1562046115
1562013988
1562042299
1562005512
1562009134
1562009768
1562044566
1562008423
1562036996
1562020974
1562049673
1562023024
1562025823
1562007596
1562028813
1562005553
1562017900
1562034865
1562047507
1562011558
1562051289
1562006177
1562002894
1562002891
1562018879
1562021648
1562035947
1562008172
1562043344
1562021993
1562039581
1562045835
1562029602
1562008263
1562041020
1562008216
1562003066
1562010158
1562028975
1562020359
1562049466
1562019433
1562045724
1562038253
1562029228
1562018037
1562004597
1562003540
1562048960
1562018645
