70.5288
45
125.264
47.8696
56.7891
90
60
125.264
135
106.779
135
45
100.52
135
120
70.5288
113.578
135
22.2077
33.5573
58.5178
125.264
90
144.736
90
63.4349
39.2315
26.5651
45
120
90
90
39.2315
29.4962
41.8103
50.7685
30
45
125.264
54.7356
11.3099
75.0368
19.1066
29.4962
19.4712
125.264
59.0362
50.2378
54.7356
45
19.4712
90
144.736
90
45
50.7685
125.264
106.779
108.435
65.9052
45
144.736
74.4986
125.264
39.2315
30
90
60
90
90
125.264
45
90
54.7356
135
90
90
58.5178
90
90
90
135
75.0368
144.736
70.5288
77.079
45
45
43.0887
36.8699
35.2644
39.2315
41.3681
60
31.9481
39.2315
90
106.779
90
45
60
54.7356
120
75.0368
54.7356
19.4712
30
45
144.736
90
20.9009
60
26.5651
90
30
39.2315
71.5651
108.435
1.20742e-06
135
31.9481
25.2394
70.5288
61.8745
90
68.5833
90
90
