0 4250 2150 50
1 4350 2150 50
2 4350 2050 50
3 4250 2050 50
4 4150 2050 50
5 4050 2050 50
6 4050 2150 50
7 4150 2150 50
8 4150 2250 50
9 4050 2250 50
10 4050 2350 50
11 4150 2350 50
12 4250 2350 50
13 4250 2250 50
14 4350 2250 50
15 4350 2350 50
16 4450 2350 50
17 4450 2250 50
18 4550 2250 50
19 4550 2350 50
20 4650 2350 50
21 4750 2350 50
22 4750 2250 50
23 4650 2250 50
24 4650 2150 50
25 4750 2150 50
26 4750 2050 50
27 4650 2050 50
28 4550 2050 50
29 4550 2150 50
30 4450 2150 50
31 4450 2050 50
32 4450 1950 50
33 4450 1850 50
34 4550 1850 50
35 4550 1950 50
36 4650 1950 50
37 4750 1950 50
38 4750 1850 50
39 4650 1850 50
40 4650 1750 50
41 4750 1750 50
42 4750 1650 50
43 4650 1650 50
44 4550 1650 50
45 4550 1750 50
46 4450 1750 50
47 4450 1650 50
48 4350 1650 50
49 4250 1650 50
50 4250 1750 50
51 4350 1750 50
52 4350 1950 50
53 4350 1850 50
54 4250 1850 50
55 4250 1950 50
56 4150 1950 50
57 4150 1850 50
58 4050 1850 50
59 4050 1950 50
60 4050 1750 50
61 4150 1750 50
62 4150 1650 50
63 4050 1650 50
64 3950 1650 50
65 3850 1650 50
66 3850 1750 50
67 3950 1750 50
68 3950 1950 50
69 3950 1850 50
70 3850 1850 50
71 3850 1950 50
72 3750 1950 50
73 3750 1850 50
74 3650 1850 50
75 3650 1950 50
76 3650 1750 50
77 3750 1750 50
78 3750 1650 50
79 3650 1650 50
80 3550 1650 50
81 3550 1750 50
82 3450 1750 50
83 3450 1650 50
84 3350 1650 50
85 3250 1650 50
86 3250 1750 50
87 3350 1750 50
88 3350 1850 50
89 3250 1850 50
90 3250 1950 50
91 3350 1950 50
92 3450 1950 50
93 3550 1950 50
94 3550 1850 50
95 3450 1850 50
96 3450 2150 50
97 3550 2150 50
98 3550 2050 50
99 3450 2050 50
100 3350 2050 50
101 3250 2050 50
102 3250 2150 50
103 3350 2150 50
104 3350 2250 50
105 3250 2250 50
106 3250 2350 50
107 3350 2350 50
108 3450 2350 50
109 3450 2250 50
110 3550 2250 50
111 3550 2350 50
112 3650 2350 50
113 3750 2350 50
114 3750 2250 50
115 3650 2250 50
116 3650 2150 50
117 3650 2050 50
118 3750 2050 50
119 3750 2150 50
120 3850 2150 50
121 3850 2050 50
122 3950 2050 50
123 3950 2150 50
124 3950 2250 50
125 3850 2250 50
126 3850 2350 50
127 3950 2350 50
128 3950 2450 50
129 3850 2450 50
130 3850 2550 50
131 3950 2550 50
132 3950 2750 50
133 3950 2650 50
134 3850 2650 50
135 3850 2750 50
136 3750 2750 50
137 3750 2650 50
138 3650 2650 50
139 3650 2750 50
140 3650 2550 50
141 3750 2550 50
142 3750 2450 50
143 3650 2450 50
144 3550 2450 50
145 3550 2550 50
146 3450 2550 50
147 3450 2450 50
148 3350 2450 50
149 3250 2450 50
150 3250 2550 50
151 3350 2550 50
152 3350 2650 50
153 3250 2650 50
154 3250 2750 50
155 3350 2750 50
156 3450 2750 50
157 3550 2750 50
158 3550 2650 50
159 3450 2650 50
160 3450 2950 50
161 3550 2950 50
162 3550 2850 50
163 3450 2850 50
164 3350 2850 50
165 3250 2850 50
166 3250 2950 50
167 3350 2950 50
168 3350 3050 50
169 3250 3050 50
170 3250 3150 50
171 3350 3150 50
172 3450 3150 50
173 3450 3050 50
174 3550 3050 50
175 3550 3150 50
176 3650 3150 50
177 3750 3150 50
178 3750 3050 50
179 3650 3050 50
180 3650 2950 50
181 3650 2850 50
182 3750 2850 50
183 3750 2950 50
184 3850 2950 50
185 3850 2850 50
186 3950 2850 50
187 3950 2950 50
188 3950 3050 50
189 3850 3050 50
190 3850 3150 50
191 3950 3150 50
192 4050 3150 50
193 4050 3050 50
194 4150 3050 50
195 4150 3150 50
196 4250 3150 50
197 4350 3150 50
198 4350 3050 50
199 4250 3050 50
200 4250 2950 50
201 4350 2950 50
202 4350 2850 50
203 4250 2850 50
204 4150 2850 50
205 4050 2850 50
206 4050 2950 50
207 4150 2950 50
208 4050 2750 50
209 4150 2750 50
210 4150 2650 50
211 4050 2650 50
212 4050 2550 50
213 4050 2450 50
214 4150 2450 50
215 4150 2550 50
216 4250 2550 50
217 4250 2450 50
218 4350 2450 50
219 4350 2550 50
220 4350 2650 50
221 4250 2650 50
222 4250 2750 50
223 4350 2750 50
224 4450 2750 50
225 4550 2750 50
226 4550 2650 50
227 4450 2650 50
228 4450 2550 50
229 4450 2450 50
230 4550 2450 50
231 4550 2550 50
232 4650 2550 50
233 4650 2450 50
234 4750 2450 50
235 4750 2550 50
236 4750 2650 50
237 4650 2650 50
238 4650 2750 50
239 4750 2750 50
240 4650 2950 50
241 4750 2950 50
242 4750 2850 50
243 4650 2850 50
244 4550 2850 50
245 4450 2850 50
246 4450 2950 50
247 4550 2950 50
248 4550 3050 50
249 4450 3050 50
250 4450 3150 50
251 4550 3150 50
252 4650 3150 50
253 4650 3050 50
254 4750 3050 50
255 4750 3150 50
256 4850 3150 50
257 4850 3050 50
258 4950 3050 50
259 4950 3150 50
260 4950 2850 50
261 4850 2850 50
262 4850 2950 50
263 4950 2950 50
264 4850 2750 50
265 4950 2750 50
266 4950 2650 50
267 4850 2650 50
268 4850 2550 50
269 4850 2450 50
270 4950 2450 50
271 4950 2550 50
272 4850 2050 50
273 4950 2050 50
274 4950 2150 50
275 4850 2150 50
276 4850 2250 50
277 4950 2250 50
278 4950 2350 50
279 4850 2350 50
280 4950 1850 50
281 4850 1850 50
282 4850 1950 50
283 4950 1950 50
284 4950 1650 50
285 4950 1750 50
286 4850 1750 50
287 4850 1650 50
288 4850 1550 50
289 4850 1450 50
290 4950 1450 50
291 4950 1550 50
292 4950 1250 50
293 4850 1250 50
294 4850 1350 50
295 4950 1350 50
296 4850 1150 50
297 4950 1150 50
298 4950 1050 50
299 4850 1050 50
300 4850 950 50
301 4850 850 50
302 4950 850 50
303 4950 950 50
304 4850 450 50
305 4950 450 50
306 4950 550 50
307 4850 550 50
308 4850 650 50
309 4950 650 50
310 4950 750 50
311 4850 750 50
312 4950 250 50
313 4850 250 50
314 4850 350 50
315 4950 350 50
316 4950 50 50
317 4950 150 50
318 4850 150 50
319 4850 50 50
320 4750 50 50
321 4650 50 50
322 4650 150 50
323 4750 150 50
324 4750 350 50
325 4750 250 50
326 4650 250 50
327 4650 350 50
328 4550 350 50
329 4550 250 50
330 4450 250 50
331 4450 350 50
332 4450 150 50
333 4550 150 50
334 4550 50 50
335 4450 50 50
336 4350 50 50
337 4350 150 50
338 4250 150 50
339 4250 50 50
340 4150 50 50
341 4050 50 50
342 4050 150 50
343 4150 150 50
344 4150 250 50
345 4050 250 50
346 4050 350 50
347 4150 350 50
348 4250 350 50
349 4250 250 50
350 4350 250 50
351 4350 350 50
352 4350 450 50
353 4350 550 50
354 4250 550 50
355 4250 450 50
356 4150 450 50
357 4050 450 50
358 4050 550 50
359 4150 550 50
360 4150 650 50
361 4050 650 50
362 4050 750 50
363 4150 750 50
364 4250 750 50
365 4250 650 50
366 4350 650 50
367 4350 750 50
368 4450 750 50
369 4450 650 50
370 4550 650 50
371 4550 750 50
372 4650 750 50
373 4750 750 50
374 4750 650 50
375 4650 650 50
376 4650 550 50
377 4750 550 50
378 4750 450 50
379 4650 450 50
380 4550 450 50
381 4450 450 50
382 4450 550 50
383 4550 550 50
384 4550 1450 50
385 4450 1450 50
386 4450 1550 50
387 4550 1550 50
388 4650 1550 50
389 4750 1550 50
390 4750 1450 50
391 4650 1450 50
392 4650 1350 50
393 4750 1350 50
394 4750 1250 50
395 4650 1250 50
396 4550 1250 50
397 4450 1250 50
398 4450 1350 50
399 4550 1350 50
400 4550 1050 50
401 4450 1050 50
402 4450 1150 50
403 4550 1150 50
404 4650 1150 50
405 4750 1150 50
406 4750 1050 50
407 4650 1050 50
408 4650 950 50
409 4750 950 50
410 4750 850 50
411 4650 850 50
412 4550 850 50
413 4450 850 50
414 4450 950 50
415 4550 950 50
416 4050 950 50
417 4050 850 50
418 4150 850 50
419 4150 950 50
420 4250 950 50
421 4250 850 50
422 4350 850 50
423 4350 950 50
424 4350 1150 50
425 4350 1050 50
426 4250 1050 50
427 4250 1150 50
428 4150 1150 50
429 4150 1050 50
430 4050 1050 50
431 4050 1150 50
432 4050 1350 50
433 4050 1250 50
434 4150 1250 50
435 4150 1350 50
436 4250 1350 50
437 4250 1250 50
438 4350 1250 50
439 4350 1350 50
440 4350 1550 50
441 4350 1450 50
442 4250 1450 50
443 4250 1550 50
444 4150 1550 50
445 4150 1450 50
446 4050 1450 50
447 4050 1550 50
448 3750 1450 50
449 3650 1450 50
450 3650 1550 50
451 3750 1550 50
452 3850 1550 50
453 3950 1550 50
454 3950 1450 50
455 3850 1450 50
456 3850 1350 50
457 3950 1350 50
458 3950 1250 50
459 3850 1250 50
460 3750 1250 50
461 3650 1250 50
462 3650 1350 50
463 3750 1350 50
464 3750 1050 50
465 3650 1050 50
466 3650 1150 50
467 3750 1150 50
468 3850 1150 50
469 3950 1150 50
470 3950 1050 50
471 3850 1050 50
472 3850 950 50
473 3950 950 50
474 3950 850 50
475 3850 850 50
476 3750 850 50
477 3650 850 50
478 3650 950 50
479 3750 950 50
480 3250 950 50
481 3250 850 50
482 3350 850 50
483 3350 950 50
484 3450 950 50
485 3450 850 50
486 3550 850 50
487 3550 950 50
488 3550 1150 50
489 3550 1050 50
490 3450 1050 50
491 3450 1150 50
492 3350 1150 50
493 3350 1050 50
494 3250 1050 50
495 3250 1150 50
496 3250 1350 50
497 3250 1250 50
498 3350 1250 50
499 3350 1350 50
500 3450 1350 50
501 3450 1250 50
502 3550 1250 50
503 3550 1350 50
504 3550 1550 50
505 3550 1450 50
506 3450 1450 50
507 3450 1550 50
508 3350 1550 50
509 3350 1450 50
510 3250 1450 50
511 3250 1550 50
512 3450 550 50
513 3550 550 50
514 3550 450 50
515 3450 450 50
516 3350 450 50
517 3250 450 50
518 3250 550 50
519 3350 550 50
520 3350 650 50
521 3250 650 50
522 3250 750 50
523 3350 750 50
524 3450 750 50
525 3450 650 50
526 3550 650 50
527 3550 750 50
528 3650 750 50
529 3650 650 50
530 3750 650 50
531 3750 750 50
532 3850 750 50
533 3950 750 50
534 3950 650 50
535 3850 650 50
536 3850 550 50
537 3950 550 50
538 3950 450 50
539 3850 450 50
540 3750 450 50
541 3750 550 50
542 3650 550 50
543 3650 450 50
544 3650 350 50
545 3650 250 50
546 3750 250 50
547 3750 350 50
548 3850 350 50
549 3950 350 50
550 3950 250 50
551 3850 250 50
552 3850 150 50
553 3950 150 50
554 3950 50 50
555 3850 50 50
556 3750 50 50
557 3750 150 50
558 3650 150 50
559 3650 50 50
560 3550 50 50
561 3450 50 50
562 3450 150 50
563 3550 150 50
564 3550 350 50
565 3550 250 50
566 3450 250 50
567 3450 350 50
568 3350 350 50
569 3350 250 50
570 3250 250 50
571 3250 350 50
572 3250 150 50
573 3350 150 50
574 3350 50 50
575 3250 50 50
576 3150 50 50
577 3050 50 50
578 3050 150 50
579 3150 150 50
580 3150 350 50
581 3150 250 50
582 3050 250 50
583 3050 350 50
584 2950 350 50
585 2950 250 50
586 2850 250 50
587 2850 350 50
588 2850 150 50
589 2950 150 50
590 2950 50 50
591 2850 50 50
592 2750 50 50
593 2750 150 50
594 2650 150 50
595 2650 50 50
596 2550 50 50
597 2450 50 50
598 2450 150 50
599 2550 150 50
600 2550 250 50
601 2450 250 50
602 2450 350 50
603 2550 350 50
604 2650 350 50
605 2650 250 50
606 2750 250 50
607 2750 350 50
608 2750 450 50
609 2750 550 50
610 2650 550 50
611 2650 450 50
612 2550 450 50
613 2450 450 50
614 2450 550 50
615 2550 550 50
616 2550 650 50
617 2450 650 50
618 2450 750 50
619 2550 750 50
620 2650 750 50
621 2650 650 50
622 2750 650 50
623 2750 750 50
624 2850 750 50
625 2850 650 50
626 2950 650 50
627 2950 750 50
628 3050 750 50
629 3150 750 50
630 3150 650 50
631 3050 650 50
632 3050 550 50
633 3150 550 50
634 3150 450 50
635 3050 450 50
636 2950 450 50
637 2850 450 50
638 2850 550 50
639 2950 550 50
640 2950 1450 50
641 2850 1450 50
642 2850 1550 50
643 2950 1550 50
644 3050 1550 50
645 3150 1550 50
646 3150 1450 50
647 3050 1450 50
648 3050 1350 50
649 3150 1350 50
650 3150 1250 50
651 3050 1250 50
652 2950 1250 50
653 2850 1250 50
654 2850 1350 50
655 2950 1350 50
656 2950 1050 50
657 2850 1050 50
658 2850 1150 50
659 2950 1150 50
660 3050 1150 50
661 3150 1150 50
662 3150 1050 50
663 3050 1050 50
664 3050 950 50
665 3150 950 50
666 3150 850 50
667 3050 850 50
668 2950 850 50
669 2850 850 50
670 2850 950 50
671 2950 950 50
672 2450 950 50
673 2450 850 50
674 2550 850 50
675 2550 950 50
676 2650 950 50
677 2650 850 50
678 2750 850 50
679 2750 950 50
680 2750 1150 50
681 2750 1050 50
682 2650 1050 50
683 2650 1150 50
684 2550 1150 50
685 2550 1050 50
686 2450 1050 50
687 2450 1150 50
688 2450 1350 50
689 2450 1250 50
690 2550 1250 50
691 2550 1350 50
692 2650 1350 50
693 2650 1250 50
694 2750 1250 50
695 2750 1350 50
696 2750 1550 50
697 2750 1450 50
698 2650 1450 50
699 2650 1550 50
700 2550 1550 50
701 2550 1450 50
702 2450 1450 50
703 2450 1550 50
704 2150 1450 50
705 2050 1450 50
706 2050 1550 50
707 2150 1550 50
708 2250 1550 50
709 2350 1550 50
710 2350 1450 50
711 2250 1450 50
712 2250 1350 50
713 2350 1350 50
714 2350 1250 50
715 2250 1250 50
716 2150 1250 50
717 2050 1250 50
718 2050 1350 50
719 2150 1350 50
720 2150 1050 50
721 2050 1050 50
722 2050 1150 50
723 2150 1150 50
724 2250 1150 50
725 2350 1150 50
726 2350 1050 50
727 2250 1050 50
728 2250 950 50
729 2350 950 50
730 2350 850 50
731 2250 850 50
732 2150 850 50
733 2050 850 50
734 2050 950 50
735 2150 950 50
736 1650 950 50
737 1650 850 50
738 1750 850 50
739 1750 950 50
740 1850 950 50
741 1850 850 50
742 1950 850 50
743 1950 950 50
744 1950 1150 50
745 1950 1050 50
746 1850 1050 50
747 1850 1150 50
748 1750 1150 50
749 1750 1050 50
750 1650 1050 50
751 1650 1150 50
752 1650 1350 50
753 1650 1250 50
754 1750 1250 50
755 1750 1350 50
756 1850 1350 50
757 1850 1250 50
758 1950 1250 50
759 1950 1350 50
760 1950 1550 50
761 1950 1450 50
762 1850 1450 50
763 1850 1550 50
764 1750 1550 50
765 1750 1450 50
766 1650 1450 50
767 1650 1550 50
768 1850 550 50
769 1950 550 50
770 1950 450 50
771 1850 450 50
772 1750 450 50
773 1650 450 50
774 1650 550 50
775 1750 550 50
776 1750 650 50
777 1650 650 50
778 1650 750 50
779 1750 750 50
780 1850 750 50
781 1850 650 50
782 1950 650 50
783 1950 750 50
784 2050 750 50
785 2050 650 50
786 2150 650 50
787 2150 750 50
788 2250 750 50
789 2350 750 50
790 2350 650 50
791 2250 650 50
792 2250 550 50
793 2350 550 50
794 2350 450 50
795 2250 450 50
796 2150 450 50
797 2150 550 50
798 2050 550 50
799 2050 450 50
800 2050 350 50
801 2050 250 50
802 2150 250 50
803 2150 350 50
804 2250 350 50
805 2350 350 50
806 2350 250 50
807 2250 250 50
808 2250 150 50
809 2350 150 50
810 2350 50 50
811 2250 50 50
812 2150 50 50
813 2150 150 50
814 2050 150 50
815 2050 50 50
816 1950 50 50
817 1850 50 50
818 1850 150 50
819 1950 150 50
820 1950 350 50
821 1950 250 50
822 1850 250 50
823 1850 350 50
824 1750 350 50
825 1750 250 50
826 1650 250 50
827 1650 350 50
828 1650 150 50
829 1750 150 50
830 1750 50 50
831 1650 50 50
832 1550 50 50
833 1550 150 50
834 1450 150 50
835 1450 50 50
836 1350 50 50
837 1250 50 50
838 1250 150 50
839 1350 150 50
840 1350 250 50
841 1250 250 50
842 1250 350 50
843 1350 350 50
844 1450 350 50
845 1550 350 50
846 1550 250 50
847 1450 250 50
848 1450 750 50
849 1550 750 50
850 1550 650 50
851 1450 650 50
852 1450 550 50
853 1550 550 50
854 1550 450 50
855 1450 450 50
856 1250 450 50
857 1350 450 50
858 1350 550 50
859 1250 550 50
860 1250 650 50
861 1350 650 50
862 1350 750 50
863 1250 750 50
864 1050 750 50
865 1150 750 50
866 1150 650 50
867 1050 650 50
868 1050 550 50
869 1150 550 50
870 1150 450 50
871 1050 450 50
872 850 450 50
873 950 450 50
874 950 550 50
875 850 550 50
876 850 650 50
877 950 650 50
878 950 750 50
879 850 750 50
880 950 250 50
881 850 250 50
882 850 350 50
883 950 350 50
884 1050 350 50
885 1150 350 50
886 1150 250 50
887 1050 250 50
888 1050 150 50
889 1150 150 50
890 1150 50 50
891 1050 50 50
892 950 50 50
893 950 150 50
894 850 150 50
895 850 50 50
896 750 50 50
897 650 50 50
898 650 150 50
899 750 150 50
900 750 350 50
901 750 250 50
902 650 250 50
903 650 350 50
904 550 350 50
905 550 250 50
906 450 250 50
907 450 350 50
908 450 150 50
909 550 150 50
910 550 50 50
911 450 50 50
912 350 50 50
913 350 150 50
914 250 150 50
915 250 50 50
916 150 50 50
917 50 50 50
918 50 150 50
919 150 150 50
920 150 250 50
921 50 250 50
922 50 350 50
923 150 350 50
924 250 350 50
925 350 350 50
926 350 250 50
927 250 250 50
928 250 550 50
929 350 550 50
930 350 450 50
931 250 450 50
932 150 450 50
933 50 450 50
934 50 550 50
935 150 550 50
936 150 650 50
937 50 650 50
938 50 750 50
939 150 750 50
940 250 750 50
941 250 650 50
942 350 650 50
943 350 750 50
944 450 750 50
945 550 750 50
946 550 650 50
947 450 650 50
948 450 550 50
949 450 450 50
950 550 450 50
951 550 550 50
952 650 550 50
953 650 450 50
954 750 450 50
955 750 550 50
956 750 650 50
957 650 650 50
958 650 750 50
959 750 750 50
960 750 850 50
961 650 850 50
962 650 950 50
963 750 950 50
964 750 1150 50
965 750 1050 50
966 650 1050 50
967 650 1150 50
968 550 1150 50
969 550 1050 50
970 450 1050 50
971 450 1150 50
972 450 950 50
973 550 950 50
974 550 850 50
975 450 850 50
976 350 850 50
977 350 950 50
978 250 950 50
979 250 850 50
980 150 850 50
981 50 850 50
982 50 950 50
983 150 950 50
984 150 1050 50
985 50 1050 50
986 50 1150 50
987 150 1150 50
988 250 1150 50
989 350 1150 50
990 350 1050 50
991 250 1050 50
992 250 1350 50
993 350 1350 50
994 350 1250 50
995 250 1250 50
996 150 1250 50
997 50 1250 50
998 50 1350 50
999 150 1350 50
1000 150 1450 50
1001 50 1450 50
1002 50 1550 50
1003 150 1550 50
1004 250 1550 50
1005 250 1450 50
1006 350 1450 50
1007 350 1550 50
1008 450 1550 50
1009 550 1550 50
1010 550 1450 50
1011 450 1450 50
1012 450 1350 50
1013 450 1250 50
1014 550 1250 50
1015 550 1350 50
1016 650 1350 50
1017 650 1250 50
1018 750 1250 50
1019 750 1350 50
1020 750 1450 50
1021 650 1450 50
1022 650 1550 50
1023 750 1550 50
1024 850 1550 50
1025 950 1550 50
1026 950 1450 50
1027 850 1450 50
1028 850 1350 50
1029 850 1250 50
1030 950 1250 50
1031 950 1350 50
1032 1050 1350 50
1033 1050 1250 50
1034 1150 1250 50
1035 1150 1350 50
1036 1150 1450 50
1037 1050 1450 50
1038 1050 1550 50
1039 1150 1550 50
1040 1250 1550 50
1041 1250 1450 50
1042 1350 1450 50
1043 1350 1550 50
1044 1450 1550 50
1045 1550 1550 50
1046 1550 1450 50
1047 1450 1450 50
1048 1450 1350 50
1049 1550 1350 50
1050 1550 1250 50
1051 1450 1250 50
1052 1350 1250 50
1053 1350 1350 50
1054 1250 1350 50
1055 1250 1250 50
1056 1250 1150 50
1057 1250 1050 50
1058 1350 1050 50
1059 1350 1150 50
1060 1450 1150 50
1061 1550 1150 50
1062 1550 1050 50
1063 1450 1050 50
1064 1450 950 50
1065 1550 950 50
1066 1550 850 50
1067 1450 850 50
1068 1350 850 50
1069 1350 950 50
1070 1250 950 50
1071 1250 850 50
1072 1150 850 50
1073 1150 950 50
1074 1050 950 50
1075 1050 850 50
1076 950 850 50
1077 850 850 50
1078 850 950 50
1079 950 950 50
1080 950 1050 50
1081 850 1050 50
1082 850 1150 50
1083 950 1150 50
1084 1050 1150 50
1085 1150 1150 50
1086 1150 1050 50
1087 1050 1050 50
1088 1050 2150 50
1089 1150 2150 50
1090 1150 2050 50
1091 1050 2050 50
1092 950 2050 50
1093 850 2050 50
1094 850 2150 50
1095 950 2150 50
1096 950 2250 50
1097 850 2250 50
1098 850 2350 50
1099 950 2350 50
1100 1050 2350 50
1101 1050 2250 50
1102 1150 2250 50
1103 1150 2350 50
1104 1250 2350 50
1105 1250 2250 50
1106 1350 2250 50
1107 1350 2350 50
1108 1450 2350 50
1109 1550 2350 50
1110 1550 2250 50
1111 1450 2250 50
1112 1450 2150 50
1113 1550 2150 50
1114 1550 2050 50
1115 1450 2050 50
1116 1350 2050 50
1117 1350 2150 50
1118 1250 2150 50
1119 1250 2050 50
1120 1250 1950 50
1121 1250 1850 50
1122 1350 1850 50
1123 1350 1950 50
1124 1450 1950 50
1125 1550 1950 50
1126 1550 1850 50
1127 1450 1850 50
1128 1450 1750 50
1129 1550 1750 50
1130 1550 1650 50
1131 1450 1650 50
1132 1350 1650 50
1133 1350 1750 50
1134 1250 1750 50
1135 1250 1650 50
1136 1150 1650 50
1137 1050 1650 50
1138 1050 1750 50
1139 1150 1750 50
1140 1150 1950 50
1141 1150 1850 50
1142 1050 1850 50
1143 1050 1950 50
1144 950 1950 50
1145 950 1850 50
1146 850 1850 50
1147 850 1950 50
1148 850 1750 50
1149 950 1750 50
1150 950 1650 50
1151 850 1650 50
1152 750 1650 50
1153 650 1650 50
1154 650 1750 50
1155 750 1750 50
1156 750 1950 50
1157 750 1850 50
1158 650 1850 50
1159 650 1950 50
1160 550 1950 50
1161 550 1850 50
1162 450 1850 50
1163 450 1950 50
1164 450 1750 50
1165 550 1750 50
1166 550 1650 50
1167 450 1650 50
1168 350 1650 50
1169 350 1750 50
1170 250 1750 50
1171 250 1650 50
1172 150 1650 50
1173 50 1650 50
1174 50 1750 50
1175 150 1750 50
1176 150 1850 50
1177 50 1850 50
1178 50 1950 50
1179 150 1950 50
1180 250 1950 50
1181 350 1950 50
1182 350 1850 50
1183 250 1850 50
1184 250 2150 50
1185 350 2150 50
1186 350 2050 50
1187 250 2050 50
1188 150 2050 50
1189 50 2050 50
1190 50 2150 50
1191 150 2150 50
1192 150 2250 50
1193 50 2250 50
1194 50 2350 50
1195 150 2350 50
1196 250 2350 50
1197 250 2250 50
1198 350 2250 50
1199 350 2350 50
1200 450 2350 50
1201 550 2350 50
1202 550 2250 50
1203 450 2250 50
1204 450 2150 50
1205 450 2050 50
1206 550 2050 50
1207 550 2150 50
1208 650 2150 50
1209 650 2050 50
1210 750 2050 50
1211 750 2150 50
1212 750 2250 50
1213 650 2250 50
1214 650 2350 50
1215 750 2350 50
1216 750 2450 50
1217 650 2450 50
1218 650 2550 50
1219 750 2550 50
1220 750 2750 50
1221 750 2650 50
1222 650 2650 50
1223 650 2750 50
1224 550 2750 50
1225 550 2650 50
1226 450 2650 50
1227 450 2750 50
1228 450 2550 50
1229 550 2550 50
1230 550 2450 50
1231 450 2450 50
1232 350 2450 50
1233 350 2550 50
1234 250 2550 50
1235 250 2450 50
1236 150 2450 50
1237 50 2450 50
1238 50 2550 50
1239 150 2550 50
1240 150 2650 50
1241 50 2650 50
1242 50 2750 50
1243 150 2750 50
1244 250 2750 50
1245 350 2750 50
1246 350 2650 50
1247 250 2650 50
1248 250 2950 50
1249 350 2950 50
1250 350 2850 50
1251 250 2850 50
1252 150 2850 50
1253 50 2850 50
1254 50 2950 50
1255 150 2950 50
1256 150 3050 50
1257 50 3050 50
1258 50 3150 50
1259 150 3150 50
1260 250 3150 50
1261 250 3050 50
1262 350 3050 50
1263 350 3150 50
1264 450 3150 50
1265 550 3150 50
1266 550 3050 50
1267 450 3050 50
1268 450 2950 50
1269 450 2850 50
1270 550 2850 50
1271 550 2950 50
1272 650 2950 50
1273 650 2850 50
1274 750 2850 50
1275 750 2950 50
1276 750 3050 50
1277 650 3050 50
1278 650 3150 50
1279 750 3150 50
1280 850 3150 50
1281 850 3050 50
1282 950 3050 50
1283 950 3150 50
1284 1050 3150 50
1285 1150 3150 50
1286 1150 3050 50
1287 1050 3050 50
1288 1050 2950 50
1289 1150 2950 50
1290 1150 2850 50
1291 1050 2850 50
1292 950 2850 50
1293 850 2850 50
1294 850 2950 50
1295 950 2950 50
1296 850 2750 50
1297 950 2750 50
1298 950 2650 50
1299 850 2650 50
1300 850 2550 50
1301 850 2450 50
1302 950 2450 50
1303 950 2550 50
1304 1050 2550 50
1305 1050 2450 50
1306 1150 2450 50
1307 1150 2550 50
1308 1150 2650 50
1309 1050 2650 50
1310 1050 2750 50
1311 1150 2750 50
1312 1250 2750 50
1313 1350 2750 50
1314 1350 2650 50
1315 1250 2650 50
1316 1250 2550 50
1317 1250 2450 50
1318 1350 2450 50
1319 1350 2550 50
1320 1450 2550 50
1321 1450 2450 50
1322 1550 2450 50
1323 1550 2550 50
1324 1550 2650 50
1325 1450 2650 50
1326 1450 2750 50
1327 1550 2750 50
1328 1450 2950 50
1329 1550 2950 50
1330 1550 2850 50
1331 1450 2850 50
1332 1350 2850 50
1333 1250 2850 50
1334 1250 2950 50
1335 1350 2950 50
1336 1350 3050 50
1337 1250 3050 50
1338 1250 3150 50
1339 1350 3150 50
1340 1450 3150 50
1341 1450 3050 50
1342 1550 3050 50
1343 1550 3150 50
1344 1650 3150 50
1345 1750 3150 50
1346 1750 3050 50
1347 1650 3050 50
1348 1650 2950 50
1349 1650 2850 50
1350 1750 2850 50
1351 1750 2950 50
1352 1850 2950 50
1353 1850 2850 50
1354 1950 2850 50
1355 1950 2950 50
1356 1950 3050 50
1357 1850 3050 50
1358 1850 3150 50
1359 1950 3150 50
1360 2050 3150 50
1361 2050 3050 50
1362 2150 3050 50
1363 2150 3150 50
1364 2250 3150 50
1365 2350 3150 50
1366 2350 3050 50
1367 2250 3050 50
1368 2250 2950 50
1369 2350 2950 50
1370 2350 2850 50
1371 2250 2850 50
1372 2150 2850 50
1373 2150 2950 50
1374 2050 2950 50
1375 2050 2850 50
1376 2050 2750 50
1377 2050 2650 50
1378 2150 2650 50
1379 2150 2750 50
1380 2250 2750 50
1381 2350 2750 50
1382 2350 2650 50
1383 2250 2650 50
1384 2250 2550 50
1385 2350 2550 50
1386 2350 2450 50
1387 2250 2450 50
1388 2150 2450 50
1389 2150 2550 50
1390 2050 2550 50
1391 2050 2450 50
1392 1950 2450 50
1393 1950 2550 50
1394 1850 2550 50
1395 1850 2450 50
1396 1750 2450 50
1397 1650 2450 50
1398 1650 2550 50
1399 1750 2550 50
1400 1750 2650 50
1401 1650 2650 50
1402 1650 2750 50
1403 1750 2750 50
1404 1850 2750 50
1405 1950 2750 50
1406 1950 2650 50
1407 1850 2650 50
1408 1750 2250 50
1409 1650 2250 50
1410 1650 2350 50
1411 1750 2350 50
1412 1850 2350 50
1413 1950 2350 50
1414 1950 2250 50
1415 1850 2250 50
1416 1850 2150 50
1417 1950 2150 50
1418 1950 2050 50
1419 1850 2050 50
1420 1750 2050 50
1421 1750 2150 50
1422 1650 2150 50
1423 1650 2050 50
1424 1650 1950 50
1425 1750 1950 50
1426 1750 1850 50
1427 1650 1850 50
1428 1650 1750 50
1429 1650 1650 50
1430 1750 1650 50
1431 1750 1750 50
1432 1850 1750 50
1433 1850 1650 50
1434 1950 1650 50
1435 1950 1750 50
1436 1950 1850 50
1437 1850 1850 50
1438 1850 1950 50
1439 1950 1950 50
1440 2050 1950 50
1441 2150 1950 50
1442 2150 1850 50
1443 2050 1850 50
1444 2050 1750 50
1445 2050 1650 50
1446 2150 1650 50
1447 2150 1750 50
1448 2250 1750 50
1449 2250 1650 50
1450 2350 1650 50
1451 2350 1750 50
1452 2350 1850 50
1453 2250 1850 50
1454 2250 1950 50
1455 2350 1950 50
1456 2350 2050 50
1457 2350 2150 50
1458 2250 2150 50
1459 2250 2050 50
1460 2150 2050 50
1461 2050 2050 50
1462 2050 2150 50
1463 2150 2150 50
1464 2150 2250 50
1465 2050 2250 50
1466 2050 2350 50
1467 2150 2350 50
1468 2250 2350 50
1469 2350 2350 50
1470 2350 2250 50
1471 2250 2250 50
1472 2550 2250 50
1473 2450 2250 50
1474 2450 2350 50
1475 2550 2350 50
1476 2650 2350 50
1477 2750 2350 50
1478 2750 2250 50
1479 2650 2250 50
1480 2650 2150 50
1481 2750 2150 50
1482 2750 2050 50
1483 2650 2050 50
1484 2550 2050 50
1485 2550 2150 50
1486 2450 2150 50
1487 2450 2050 50
1488 2450 1950 50
1489 2550 1950 50
1490 2550 1850 50
1491 2450 1850 50
1492 2450 1750 50
1493 2450 1650 50
1494 2550 1650 50
1495 2550 1750 50
1496 2650 1750 50
1497 2650 1650 50
1498 2750 1650 50
1499 2750 1750 50
1500 2750 1850 50
1501 2650 1850 50
1502 2650 1950 50
1503 2750 1950 50
1504 2850 1950 50
1505 2950 1950 50
1506 2950 1850 50
1507 2850 1850 50
1508 2850 1750 50
1509 2850 1650 50
1510 2950 1650 50
1511 2950 1750 50
1512 3050 1750 50
1513 3050 1650 50
1514 3150 1650 50
1515 3150 1750 50
1516 3150 1850 50
1517 3050 1850 50
1518 3050 1950 50
1519 3150 1950 50
1520 3150 2050 50
1521 3150 2150 50
1522 3050 2150 50
1523 3050 2050 50
1524 2950 2050 50
1525 2850 2050 50
1526 2850 2150 50
1527 2950 2150 50
1528 2950 2250 50
1529 2850 2250 50
1530 2850 2350 50
1531 2950 2350 50
1532 3050 2350 50
1533 3150 2350 50
1534 3150 2250 50
1535 3050 2250 50
1536 2950 2650 50
1537 2850 2650 50
1538 2850 2750 50
1539 2950 2750 50
1540 3050 2750 50
1541 3150 2750 50
1542 3150 2650 50
1543 3050 2650 50
1544 3050 2550 50
1545 3150 2550 50
1546 3150 2450 50
1547 3050 2450 50
1548 2950 2450 50
1549 2950 2550 50
1550 2850 2550 50
1551 2850 2450 50
1552 2750 2450 50
1553 2750 2550 50
1554 2650 2550 50
1555 2650 2450 50
1556 2550 2450 50
1557 2450 2450 50
1558 2450 2550 50
1559 2550 2550 50
1560 2550 2650 50
1561 2450 2650 50
1562 2450 2750 50
1563 2550 2750 50
1564 2650 2750 50
1565 2650 2650 50
1566 2750 2650 50
1567 2750 2750 50
1568 2750 2850 50
1569 2750 2950 50
1570 2650 2950 50
1571 2650 2850 50
1572 2550 2850 50
1573 2450 2850 50
1574 2450 2950 50
1575 2550 2950 50
1576 2550 3050 50
1577 2450 3050 50
1578 2450 3150 50
1579 2550 3150 50
1580 2650 3150 50
1581 2650 3050 50
1582 2750 3050 50
1583 2750 3150 50
1584 2850 3150 50
1585 2950 3150 50
1586 2950 3050 50
1587 2850 3050 50
1588 2850 2950 50
1589 2850 2850 50
1590 2950 2850 50
1591 2950 2950 50
1592 3050 2950 50
1593 3050 2850 50
1594 3150 2850 50
1595 3150 2950 50
1596 3150 3050 50
1597 3050 3050 50
1598 3050 3150 50
1599 3150 3150 50
1600 3150 3250 50
1601 3050 3250 50
1602 3050 3350 50
1603 3150 3350 50
1604 3150 3550 50
1605 3150 3450 50
1606 3050 3450 50
1607 3050 3550 50
1608 2950 3550 50
1609 2950 3450 50
1610 2850 3450 50
1611 2850 3550 50
1612 2850 3350 50
1613 2950 3350 50
1614 2950 3250 50
1615 2850 3250 50
1616 2750 3250 50
1617 2750 3350 50
1618 2650 3350 50
1619 2650 3250 50
1620 2550 3250 50
1621 2450 3250 50
1622 2450 3350 50
1623 2550 3350 50
1624 2550 3450 50
1625 2450 3450 50
1626 2450 3550 50
1627 2550 3550 50
1628 2650 3550 50
1629 2650 3450 50
1630 2750 3450 50
1631 2750 3550 50
1632 2750 3650 50
1633 2750 3750 50
1634 2650 3750 50
1635 2650 3650 50
1636 2550 3650 50
1637 2450 3650 50
1638 2450 3750 50
1639 2550 3750 50
1640 2550 3850 50
1641 2450 3850 50
1642 2450 3950 50
1643 2550 3950 50
1644 2650 3950 50
1645 2650 3850 50
1646 2750 3850 50
1647 2750 3950 50
1648 2850 3950 50
1649 2850 3850 50
1650 2950 3850 50
1651 2950 3950 50
1652 3050 3950 50
1653 3150 3950 50
1654 3150 3850 50
1655 3050 3850 50
1656 3050 3750 50
1657 3150 3750 50
1658 3150 3650 50
1659 3050 3650 50
1660 2950 3650 50
1661 2850 3650 50
1662 2850 3750 50
1663 2950 3750 50
1664 2950 4650 50
1665 2850 4650 50
1666 2850 4750 50
1667 2950 4750 50
1668 3050 4750 50
1669 3150 4750 50
1670 3150 4650 50
1671 3050 4650 50
1672 3050 4550 50
1673 3150 4550 50
1674 3150 4450 50
1675 3050 4450 50
1676 2950 4450 50
1677 2850 4450 50
1678 2850 4550 50
1679 2950 4550 50
1680 2950 4250 50
1681 2850 4250 50
1682 2850 4350 50
1683 2950 4350 50
1684 3050 4350 50
1685 3150 4350 50
1686 3150 4250 50
1687 3050 4250 50
1688 3050 4150 50
1689 3150 4150 50
1690 3150 4050 50
1691 3050 4050 50
1692 2950 4050 50
1693 2850 4050 50
1694 2850 4150 50
1695 2950 4150 50
1696 2450 4150 50
1697 2450 4050 50
1698 2550 4050 50
1699 2550 4150 50
1700 2650 4150 50
1701 2650 4050 50
1702 2750 4050 50
1703 2750 4150 50
1704 2750 4350 50
1705 2750 4250 50
1706 2650 4250 50
1707 2650 4350 50
1708 2550 4350 50
1709 2550 4250 50
1710 2450 4250 50
1711 2450 4350 50
1712 2450 4550 50
1713 2450 4450 50
1714 2550 4450 50
1715 2550 4550 50
1716 2650 4550 50
1717 2650 4450 50
1718 2750 4450 50
1719 2750 4550 50
1720 2750 4750 50
1721 2750 4650 50
1722 2650 4650 50
1723 2650 4750 50
1724 2550 4750 50
1725 2550 4650 50
1726 2450 4650 50
1727 2450 4750 50
1728 2150 4650 50
1729 2050 4650 50
1730 2050 4750 50
1731 2150 4750 50
1732 2250 4750 50
1733 2350 4750 50
1734 2350 4650 50
1735 2250 4650 50
1736 2250 4550 50
1737 2350 4550 50
1738 2350 4450 50
1739 2250 4450 50
1740 2150 4450 50
1741 2050 4450 50
1742 2050 4550 50
1743 2150 4550 50
1744 2150 4250 50
1745 2050 4250 50
1746 2050 4350 50
1747 2150 4350 50
1748 2250 4350 50
1749 2350 4350 50
1750 2350 4250 50
1751 2250 4250 50
1752 2250 4150 50
1753 2350 4150 50
1754 2350 4050 50
1755 2250 4050 50
1756 2150 4050 50
1757 2050 4050 50
1758 2050 4150 50
1759 2150 4150 50
1760 1650 4150 50
1761 1650 4050 50
1762 1750 4050 50
1763 1750 4150 50
1764 1850 4150 50
1765 1850 4050 50
1766 1950 4050 50
1767 1950 4150 50
1768 1950 4350 50
1769 1950 4250 50
1770 1850 4250 50
1771 1850 4350 50
1772 1750 4350 50
1773 1750 4250 50
1774 1650 4250 50
1775 1650 4350 50
1776 1650 4550 50
1777 1650 4450 50
1778 1750 4450 50
1779 1750 4550 50
1780 1850 4550 50
1781 1850 4450 50
1782 1950 4450 50
1783 1950 4550 50
1784 1950 4750 50
1785 1950 4650 50
1786 1850 4650 50
1787 1850 4750 50
1788 1750 4750 50
1789 1750 4650 50
1790 1650 4650 50
1791 1650 4750 50
1792 1850 3750 50
1793 1950 3750 50
1794 1950 3650 50
1795 1850 3650 50
1796 1750 3650 50
1797 1650 3650 50
1798 1650 3750 50
1799 1750 3750 50
1800 1750 3850 50
1801 1650 3850 50
1802 1650 3950 50
1803 1750 3950 50
1804 1850 3950 50
1805 1850 3850 50
1806 1950 3850 50
1807 1950 3950 50
1808 2050 3950 50
1809 2050 3850 50
1810 2150 3850 50
1811 2150 3950 50
1812 2250 3950 50
1813 2350 3950 50
1814 2350 3850 50
1815 2250 3850 50
1816 2250 3750 50
1817 2350 3750 50
1818 2350 3650 50
1819 2250 3650 50
1820 2150 3650 50
1821 2150 3750 50
1822 2050 3750 50
1823 2050 3650 50
1824 2050 3550 50
1825 2050 3450 50
1826 2150 3450 50
1827 2150 3550 50
1828 2250 3550 50
1829 2350 3550 50
1830 2350 3450 50
1831 2250 3450 50
1832 2250 3350 50
1833 2350 3350 50
1834 2350 3250 50
1835 2250 3250 50
1836 2150 3250 50
1837 2150 3350 50
1838 2050 3350 50
1839 2050 3250 50
1840 1950 3250 50
1841 1850 3250 50
1842 1850 3350 50
1843 1950 3350 50
1844 1950 3550 50
1845 1950 3450 50
1846 1850 3450 50
1847 1850 3550 50
1848 1750 3550 50
1849 1750 3450 50
1850 1650 3450 50
1851 1650 3550 50
1852 1650 3350 50
1853 1750 3350 50
1854 1750 3250 50
1855 1650 3250 50
1856 1550 3250 50
1857 1550 3350 50
1858 1450 3350 50
1859 1450 3250 50
1860 1350 3250 50
1861 1250 3250 50
1862 1250 3350 50
1863 1350 3350 50
1864 1350 3450 50
1865 1250 3450 50
1866 1250 3550 50
1867 1350 3550 50
1868 1450 3550 50
1869 1550 3550 50
1870 1550 3450 50
1871 1450 3450 50
1872 1450 3950 50
1873 1550 3950 50
1874 1550 3850 50
1875 1450 3850 50
1876 1450 3750 50
1877 1550 3750 50
1878 1550 3650 50
1879 1450 3650 50
1880 1250 3650 50
1881 1350 3650 50
1882 1350 3750 50
1883 1250 3750 50
1884 1250 3850 50
1885 1350 3850 50
1886 1350 3950 50
1887 1250 3950 50
1888 1050 3950 50
1889 1150 3950 50
1890 1150 3850 50
1891 1050 3850 50
1892 1050 3750 50
1893 1150 3750 50
1894 1150 3650 50
1895 1050 3650 50
1896 850 3650 50
1897 950 3650 50
1898 950 3750 50
1899 850 3750 50
1900 850 3850 50
1901 950 3850 50
1902 950 3950 50
1903 850 3950 50
1904 950 3450 50
1905 850 3450 50
1906 850 3550 50
1907 950 3550 50
1908 1050 3550 50
1909 1150 3550 50
1910 1150 3450 50
1911 1050 3450 50
1912 1050 3350 50
1913 1150 3350 50
1914 1150 3250 50
1915 1050 3250 50
1916 950 3250 50
1917 950 3350 50
1918 850 3350 50
1919 850 3250 50
1920 750 3250 50
1921 650 3250 50
1922 650 3350 50
1923 750 3350 50
1924 750 3550 50
1925 750 3450 50
1926 650 3450 50
1927 650 3550 50
1928 550 3550 50
1929 550 3450 50
1930 450 3450 50
1931 450 3550 50
1932 450 3350 50
1933 550 3350 50
1934 550 3250 50
1935 450 3250 50
1936 350 3250 50
1937 350 3350 50
1938 250 3350 50
1939 250 3250 50
1940 150 3250 50
1941 50 3250 50
1942 50 3350 50
1943 150 3350 50
1944 150 3450 50
1945 50 3450 50
1946 50 3550 50
1947 150 3550 50
1948 250 3550 50
1949 350 3550 50
1950 350 3450 50
1951 250 3450 50
1952 250 3750 50
1953 350 3750 50
1954 350 3650 50
1955 250 3650 50
1956 150 3650 50
1957 50 3650 50
1958 50 3750 50
1959 150 3750 50
1960 150 3850 50
1961 50 3850 50
1962 50 3950 50
1963 150 3950 50
1964 250 3950 50
1965 250 3850 50
1966 350 3850 50
1967 350 3950 50
1968 450 3950 50
1969 550 3950 50
1970 550 3850 50
1971 450 3850 50
1972 450 3750 50
1973 450 3650 50
1974 550 3650 50
1975 550 3750 50
1976 650 3750 50
1977 650 3650 50
1978 750 3650 50
1979 750 3750 50
1980 750 3850 50
1981 650 3850 50
1982 650 3950 50
1983 750 3950 50
1984 750 4050 50
1985 650 4050 50
1986 650 4150 50
1987 750 4150 50
1988 750 4350 50
1989 750 4250 50
1990 650 4250 50
1991 650 4350 50
1992 550 4350 50
1993 550 4250 50
1994 450 4250 50
1995 450 4350 50
1996 450 4150 50
1997 550 4150 50
1998 550 4050 50
1999 450 4050 50
2000 350 4050 50
2001 350 4150 50
2002 250 4150 50
2003 250 4050 50
2004 150 4050 50
2005 50 4050 50
2006 50 4150 50
2007 150 4150 50
2008 150 4250 50
2009 50 4250 50
2010 50 4350 50
2011 150 4350 50
2012 250 4350 50
2013 350 4350 50
2014 350 4250 50
2015 250 4250 50
2016 250 4550 50
2017 350 4550 50
2018 350 4450 50
2019 250 4450 50
2020 150 4450 50
2021 50 4450 50
2022 50 4550 50
2023 150 4550 50
2024 150 4650 50
2025 50 4650 50
2026 50 4750 50
2027 150 4750 50
2028 250 4750 50
2029 250 4650 50
2030 350 4650 50
2031 350 4750 50
2032 450 4750 50
2033 550 4750 50
2034 550 4650 50
2035 450 4650 50
2036 450 4550 50
2037 450 4450 50
2038 550 4450 50
2039 550 4550 50
2040 650 4550 50
2041 650 4450 50
2042 750 4450 50
2043 750 4550 50
2044 750 4650 50
2045 650 4650 50
2046 650 4750 50
2047 750 4750 50
2048 850 4750 50
2049 950 4750 50
2050 950 4650 50
2051 850 4650 50
2052 850 4550 50
2053 850 4450 50
2054 950 4450 50
2055 950 4550 50
2056 1050 4550 50
2057 1050 4450 50
2058 1150 4450 50
2059 1150 4550 50
2060 1150 4650 50
2061 1050 4650 50
2062 1050 4750 50
2063 1150 4750 50
2064 1250 4750 50
2065 1250 4650 50
2066 1350 4650 50
2067 1350 4750 50
2068 1450 4750 50
2069 1550 4750 50
2070 1550 4650 50
2071 1450 4650 50
2072 1450 4550 50
2073 1550 4550 50
2074 1550 4450 50
2075 1450 4450 50
2076 1350 4450 50
2077 1350 4550 50
2078 1250 4550 50
2079 1250 4450 50
2080 1250 4350 50
2081 1250 4250 50
2082 1350 4250 50
2083 1350 4350 50
2084 1450 4350 50
2085 1550 4350 50
2086 1550 4250 50
2087 1450 4250 50
2088 1450 4150 50
2089 1550 4150 50
2090 1550 4050 50
2091 1450 4050 50
2092 1350 4050 50
2093 1350 4150 50
2094 1250 4150 50
2095 1250 4050 50
2096 1150 4050 50
2097 1150 4150 50
2098 1050 4150 50
2099 1050 4050 50
2100 950 4050 50
2101 850 4050 50
2102 850 4150 50
2103 950 4150 50
2104 950 4250 50
2105 850 4250 50
2106 850 4350 50
2107 950 4350 50
2108 1050 4350 50
2109 1150 4350 50
2110 1150 4250 50
2111 1050 4250 50
2112 1450 4950 50
2113 1550 4950 50
2114 1550 4850 50
2115 1450 4850 50
2116 1350 4850 50
2117 1350 4950 50
2118 1250 4950 50
2119 1250 4850 50
2120 1150 4850 50
2121 1050 4850 50
2122 1050 4950 50
2123 1150 4950 50
2124 850 4950 50
2125 950 4950 50
2126 950 4850 50
2127 850 4850 50
2128 750 4850 50
2129 650 4850 50
2130 650 4950 50
2131 750 4950 50
2132 450 4950 50
2133 550 4950 50
2134 550 4850 50
2135 450 4850 50
2136 350 4850 50
2137 350 4950 50
2138 250 4950 50
2139 250 4850 50
2140 150 4850 50
2141 50 4850 50
2142 50 4950 50
2143 150 4950 50
2144 1650 4950 50
2145 1650 4850 50
2146 1750 4850 50
2147 1750 4950 50
2148 1850 4950 50
2149 1850 4850 50
2150 1950 4850 50
2151 1950 4950 50
2152 2050 4950 50
2153 2050 4850 50
2154 2150 4850 50
2155 2150 4950 50
2156 2250 4950 50
2157 2250 4850 50
2158 2350 4850 50
2159 2350 4950 50
2160 2450 4950 50
2161 2450 4850 50
2162 2550 4850 50
2163 2550 4950 50
2164 2650 4950 50
2165 2650 4850 50
2166 2750 4850 50
2167 2750 4950 50
2168 2850 4950 50
2169 2850 4850 50
2170 2950 4850 50
2171 2950 4950 50
2172 3050 4950 50
2173 3050 4850 50
2174 3150 4850 50
2175 3150 4950 50
2176 4650 4950 50
2177 4750 4950 50
2178 4750 4850 50
2179 4650 4850 50
2180 4550 4850 50
2181 4550 4950 50
2182 4450 4950 50
2183 4450 4850 50
2184 4350 4850 50
2185 4250 4850 50
2186 4250 4950 50
2187 4350 4950 50
2188 4050 4950 50
2189 4150 4950 50
2190 4150 4850 50
2191 4050 4850 50
2192 3950 4850 50
2193 3850 4850 50
2194 3850 4950 50
2195 3950 4950 50
2196 3650 4950 50
2197 3750 4950 50
2198 3750 4850 50
2199 3650 4850 50
2200 3550 4850 50
2201 3550 4950 50
2202 3450 4950 50
2203 3450 4850 50
2204 3350 4850 50
2205 3250 4850 50
2206 3250 4950 50
2207 3350 4950 50
2208 3450 4550 50
2209 3550 4550 50
2210 3550 4450 50
2211 3450 4450 50
2212 3350 4450 50
2213 3250 4450 50
2214 3250 4550 50
2215 3350 4550 50
2216 3350 4650 50
2217 3250 4650 50
2218 3250 4750 50
2219 3350 4750 50
2220 3450 4750 50
2221 3450 4650 50
2222 3550 4650 50
2223 3550 4750 50
2224 3650 4750 50
2225 3650 4650 50
2226 3750 4650 50
2227 3750 4750 50
2228 3850 4750 50
2229 3950 4750 50
2230 3950 4650 50
2231 3850 4650 50
2232 3850 4550 50
2233 3950 4550 50
2234 3950 4450 50
2235 3850 4450 50
2236 3750 4450 50
2237 3750 4550 50
2238 3650 4550 50
2239 3650 4450 50
2240 3650 4350 50
2241 3650 4250 50
2242 3750 4250 50
2243 3750 4350 50
2244 3850 4350 50
2245 3950 4350 50
2246 3950 4250 50
2247 3850 4250 50
2248 3850 4150 50
2249 3950 4150 50
2250 3950 4050 50
2251 3850 4050 50
2252 3750 4050 50
2253 3750 4150 50
2254 3650 4150 50
2255 3650 4050 50
2256 3550 4050 50
2257 3450 4050 50
2258 3450 4150 50
2259 3550 4150 50
2260 3550 4350 50
2261 3550 4250 50
2262 3450 4250 50
2263 3450 4350 50
2264 3350 4350 50
2265 3350 4250 50
2266 3250 4250 50
2267 3250 4350 50
2268 3250 4150 50
2269 3350 4150 50
2270 3350 4050 50
2271 3250 4050 50
2272 3250 3950 50
2273 3250 3850 50
2274 3350 3850 50
2275 3350 3950 50
2276 3450 3950 50
2277 3550 3950 50
2278 3550 3850 50
2279 3450 3850 50
2280 3450 3750 50
2281 3550 3750 50
2282 3550 3650 50
2283 3450 3650 50
2284 3350 3650 50
2285 3250 3650 50
2286 3250 3750 50
2287 3350 3750 50
2288 3250 3550 50
2289 3350 3550 50
2290 3350 3450 50
2291 3250 3450 50
2292 3250 3350 50
2293 3250 3250 50
2294 3350 3250 50
2295 3350 3350 50
2296 3450 3350 50
2297 3450 3250 50
2298 3550 3250 50
2299 3550 3350 50
2300 3550 3450 50
2301 3450 3450 50
2302 3450 3550 50
2303 3550 3550 50
2304 3650 3550 50
2305 3750 3550 50
2306 3750 3450 50
2307 3650 3450 50
2308 3650 3350 50
2309 3650 3250 50
2310 3750 3250 50
2311 3750 3350 50
2312 3850 3350 50
2313 3850 3250 50
2314 3950 3250 50
2315 3950 3350 50
2316 3950 3450 50
2317 3850 3450 50
2318 3850 3550 50
2319 3950 3550 50
2320 3850 3750 50
2321 3950 3750 50
2322 3950 3650 50
2323 3850 3650 50
2324 3750 3650 50
2325 3650 3650 50
2326 3650 3750 50
2327 3750 3750 50
2328 3750 3850 50
2329 3650 3850 50
2330 3650 3950 50
2331 3750 3950 50
2332 3850 3950 50
2333 3850 3850 50
2334 3950 3850 50
2335 3950 3950 50
2336 4050 3950 50
2337 4050 3850 50
2338 4150 3850 50
2339 4150 3950 50
2340 4250 3950 50
2341 4350 3950 50
2342 4350 3850 50
2343 4250 3850 50
2344 4250 3750 50
2345 4350 3750 50
2346 4350 3650 50
2347 4250 3650 50
2348 4150 3650 50
2349 4050 3650 50
2350 4050 3750 50
2351 4150 3750 50
2352 4050 3550 50
2353 4150 3550 50
2354 4150 3450 50
2355 4050 3450 50
2356 4050 3350 50
2357 4050 3250 50
2358 4150 3250 50
2359 4150 3350 50
2360 4250 3350 50
2361 4250 3250 50
2362 4350 3250 50
2363 4350 3350 50
2364 4350 3450 50
2365 4250 3450 50
2366 4250 3550 50
2367 4350 3550 50
2368 4450 3550 50
2369 4550 3550 50
2370 4550 3450 50
2371 4450 3450 50
2372 4450 3350 50
2373 4450 3250 50
2374 4550 3250 50
2375 4550 3350 50
2376 4650 3350 50
2377 4650 3250 50
2378 4750 3250 50
2379 4750 3350 50
2380 4750 3450 50
2381 4650 3450 50
2382 4650 3550 50
2383 4750 3550 50
2384 4650 3750 50
2385 4750 3750 50
2386 4750 3650 50
2387 4650 3650 50
2388 4550 3650 50
2389 4450 3650 50
2390 4450 3750 50
2391 4550 3750 50
2392 4550 3850 50
2393 4450 3850 50
2394 4450 3950 50
2395 4550 3950 50
2396 4650 3950 50
2397 4650 3850 50
2398 4750 3850 50
2399 4750 3950 50
2400 4750 4050 50
2401 4650 4050 50
2402 4650 4150 50
2403 4750 4150 50
2404 4750 4350 50
2405 4750 4250 50
2406 4650 4250 50
2407 4650 4350 50
2408 4550 4350 50
2409 4550 4250 50
2410 4450 4250 50
2411 4450 4350 50
2412 4450 4150 50
2413 4550 4150 50
2414 4550 4050 50
2415 4450 4050 50
2416 4350 4050 50
2417 4350 4150 50
2418 4250 4150 50
2419 4250 4050 50
2420 4150 4050 50
2421 4050 4050 50
2422 4050 4150 50
2423 4150 4150 50
2424 4150 4250 50
2425 4050 4250 50
2426 4050 4350 50
2427 4150 4350 50
2428 4250 4350 50
2429 4250 4250 50
2430 4350 4250 50
2431 4350 4350 50
2432 4350 4450 50
2433 4350 4550 50
2434 4250 4550 50
2435 4250 4450 50
2436 4150 4450 50
2437 4050 4450 50
2438 4050 4550 50
2439 4150 4550 50
2440 4150 4650 50
2441 4050 4650 50
2442 4050 4750 50
2443 4150 4750 50
2444 4250 4750 50
2445 4250 4650 50
2446 4350 4650 50
2447 4350 4750 50
2448 4450 4750 50
2449 4450 4650 50
2450 4550 4650 50
2451 4550 4750 50
2452 4650 4750 50
2453 4750 4750 50
2454 4750 4650 50
2455 4650 4650 50
2456 4650 4550 50
2457 4750 4550 50
2458 4750 4450 50
2459 4650 4450 50
2460 4550 4450 50
2461 4450 4450 50
2462 4450 4550 50
2463 4550 4550 50
2464 4950 4450 50
2465 4850 4450 50
2466 4850 4550 50
2467 4950 4550 50
2468 4950 4650 50
2469 4850 4650 50
2470 4850 4750 50
2471 4950 4750 50
2472 4950 4350 50
2473 4950 4250 50
2474 4850 4250 50
2475 4850 4350 50
2476 4850 4150 50
2477 4950 4150 50
2478 4950 4050 50
2479 4850 4050 50
2480 4850 3950 50
2481 4850 3850 50
2482 4950 3850 50
2483 4950 3950 50
2484 4950 3650 50
2485 4850 3650 50
2486 4850 3750 50
2487 4950 3750 50
2488 4850 3550 50
2489 4950 3550 50
2490 4950 3450 50
2491 4850 3450 50
2492 4850 3350 50
2493 4850 3250 50
2494 4950 3250 50
2495 4950 3350 50
2496 4950 4850 50
2497 4850 4850 50
2498 4850 4950 50
2499 4950 4950 50
